20 0.041992 0.453889 0.048672 0.049167
20 0.191445 0.44375 0.065703 0.060833
20 0.344922 0.416667 0.036719 0.041389
20 0.381953 0.410694 0.023125 0.029167
20 0.374141 0.405556 0.017813 0.0275
20 0.405586 0.398472 0.013672 0.025833
20 0.444141 0.426667 0.034688 0.05
20 0.430859 0.417014 0.025938 0.03875
20 0.427227 0.392708 0.011328 0.017917
16 0.431211 0.381458 0.012734 0.024028
21 0.463125 0.395 0.014531 0.029167
20 0.514727 0.4975 0.130703 0.203611
14 0.508047 0.388472 0.043125 0.071111
14 0.37418 0.383194 0.025234 0.030556