14 0.682344 0.424653 0.154688 0.30375
20 0.179023 0.529306 0.174922 0.228333
20 0.130234 0.518403 0.104063 0.134583
20 0.345703 0.466042 0.040156 0.044583
20 0.377461 0.470972 0.047422 0.059167
20 0.414883 0.452361 0.025391 0.036667
20 0.400625 0.448681 0.013437 0.019583
20 0.484023 0.452708 0.026172 0.037639
21 0.446953 0.438681 0.007344 0.010972
20 0.436758 0.443333 0.011172 0.011944
21 0.484883 0.434931 0.012109 0.012917
20 0.500039 0.435833 0.009766 0.013333
20 0.511875 0.448403 0.016875 0.027639
20 0.524922 0.457847 0.03 0.04375