5 0.199922 0.552014 0.041719 0.259583
20 0.141055 0.48625 0.073359 0.065833
20 0.147773 0.488611 0.077422 0.070556
20 0.174648 0.486875 0.076016 0.057361
20 0.265859 0.477917 0.074063 0.065833
14 0.415898 0.433611 0.201797 0.1375
11 0.444805 0.456944 0.133203 0.081389
11 0.451562 0.464097 0.115781 0.08375
20 0.561914 0.476667 0.057891 0.058611
14 0.67125 0.443819 0.222656 0.447361
20 0.776875 0.463472 0.055781 0.058611
20 0.812187 0.459931 0.037656 0.044306
20 0.846836 0.465278 0.059922 0.047778
11 0.902734 0.445625 0.050469 0.068194
20 0.953828 0.474931 0.067969 0.071806
20 0.994258 0.459375 0.011484 0.040694
20 0.971328 0.461181 0.034375 0.037083
21 0.98582 0.444375 0.028359 0.032361