20 0.930273 0.480833 0.076016 0.081389
20 0.893945 0.460486 0.051797 0.040694
20 0.844844 0.464722 0.072031 0.056111
20 0.821289 0.457569 0.049141 0.049028
20 0.764453 0.467153 0.059219 0.05625
21 0.524922 0.456944 0.079375 0.078889
21 0.541406 0.45875 0.085469 0.077778
14 0.64332 0.433611 0.254297 0.5275
20 0.26957 0.475486 0.080078 0.065694
20 0.279961 0.476667 0.080703 0.056111
20 0.31125 0.478472 0.092188 0.055
20 0.377227 0.483819 0.117734 0.084861
5 0.342891 0.505972 0.037031 0.186667
5 0.364766 0.502986 0.028281 0.180694