20 0.981133 0.459306 0.037734 0.047778
14 0.020547 0.482083 0.041094 0.086111
20 0.067695 0.492222 0.011484 0.015556
5 0.2275 0.492222 0.010781 0.058611
5 0.253711 0.492222 0.016172 0.073056
20 0.432383 0.483819 0.071953 0.05625
20 0.442461 0.491597 0.062578 0.040694
20 0.45793 0.494653 0.058516 0.049028
14 0.593516 0.441389 0.296094 0.624444
20 0.773516 0.475417 0.065313 0.058611
20 0.83207 0.489236 0.093516 0.098194
20 0.866367 0.465903 0.058516 0.049028
20 0.933633 0.462917 0.071953 0.0525
20 0.980781 0.45875 0.038438 0.041944