20 0.955898 0.483889 0.088203 0.144722
10 0.043555 0.520278 0.087109 0.119167
20 0.079023 0.491042 0.050859 0.070972
11 0.141992 0.480278 0.113203 0.160278
20 0.258984 0.493056 0.071094 0.070833
20 0.315312 0.483333 0.050781 0.065833
20 0.337227 0.467917 0.025391 0.047222
20 0.356016 0.475694 0.0225 0.044167
20 0.385781 0.472569 0.025469 0.029861
20 0.401914 0.473056 0.021953 0.035
20 0.412344 0.474583 0.015 0.033889
20 0.425078 0.476181 0.015 0.02875
20 0.218555 0.487431 0.037578 0.05125
21 0.260117 0.466389 0.050234 0.048333