5 0.033984 0.470208 0.010781 0.039028
5 0.081406 0.46625 0.011875 0.041389
21 0.216758 0.462222 0.022266 0.0425
20 0.243359 0.464375 0.022187 0.024306
20 0.278633 0.4625 0.032109 0.050278
20 0.306992 0.485139 0.091328 0.075556
20 0.357031 0.454167 0.030781 0.033333
20 0.380938 0.455833 0.036875 0.040833
14 0.373125 0.434514 0.02125 0.04375
16 0.387461 0.447222 0.045234 0.0525
20 0.44043 0.489444 0.059141 0.0925
20 0.47168 0.454514 0.023672 0.036806
20 0.490391 0.465486 0.033594 0.047917
20 0.513711 0.475069 0.047578 0.065139
20 0.595938 0.507292 0.100312 0.130972
5 0.892188 0.485486 0.020938 0.138472