13 0.909727 0.438889 0.011328 0.060833
5 0.915352 0.441042 0.009922 0.060139
20 0.714023 0.546458 0.186641 0.229583
14 0.561719 0.424028 0.024531 0.049444
20 0.584297 0.481944 0.073594 0.1
20 0.517695 0.453403 0.026797 0.039583
20 0.510039 0.464167 0.040234 0.0575
20 0.476133 0.491806 0.085078 0.130278
20 0.43707 0.444167 0.021953 0.030278
16 0.399414 0.445556 0.074922 0.094722
14 0.369805 0.422569 0.047734 0.065139
20 0.338867 0.455764 0.036953 0.052361
20 0.374727 0.462431 0.066797 0.07625
20 0.301758 0.456042 0.033984 0.047083
20 0.287383 0.463264 0.049766 0.053472
20 0.201016 0.436875 0.031406 0.028472
20 0.22832 0.465069 0.049453 0.052361
20 0.16793 0.469167 0.064141 0.0675
20 0.103984 0.472639 0.063125 0.051111