20 0.134727 0.491806 0.056641 0.064444
21 0.2075 0.469444 0.044687 0.048333
20 0.278125 0.461042 0.022187 0.030694
20 0.287578 0.461458 0.027812 0.031528
20 0.305156 0.457014 0.017813 0.024306
20 0.318398 0.453125 0.014609 0.024306
20 0.33293 0.477847 0.054453 0.062917
14 0.349961 0.43625 0.018672 0.038056
20 0.359102 0.454583 0.029609 0.035
16 0.362656 0.446528 0.038906 0.045556
20 0.42375 0.484028 0.054688 0.083611
20 0.393086 0.455208 0.019297 0.025694
20 0.408594 0.454653 0.021406 0.035972
20 0.457227 0.456806 0.027109 0.040278
20 0.463828 0.463194 0.03125 0.041389
20 0.485664 0.468542 0.043047 0.060694
20 0.562305 0.486319 0.085547 0.111528