4 0.797891 0.499931 0.0375 0.139583
20 0.670898 0.519097 0.146641 0.192639
14 0.551328 0.429931 0.026094 0.043472
20 0.569805 0.483125 0.063828 0.089861
20 0.517813 0.467361 0.043281 0.053611
20 0.469023 0.493403 0.075703 0.114306
5 0.440742 0.448958 0.006328 0.024306
16 0.407227 0.449792 0.062266 0.077639
14 0.383164 0.434097 0.039922 0.065139
20 0.391445 0.463542 0.056953 0.061806
17 0.346328 0.456042 0.010937 0.045972
20 0.369844 0.459167 0.040625 0.047222
20 0.326641 0.465 0.038906 0.0425
20 0.288281 0.464722 0.038906 0.0425
20 0.249844 0.466389 0.044062 0.049444
20 0.209609 0.446319 0.029844 0.028194
20 0.191367 0.471944 0.041953 0.039167
20 0.122734 0.475903 0.044687 0.05125
20 0.075703 0.483056 0.09375 0.099722
20 0.036953 0.554931 0.073906 0.209861