4 0.668242 0.439861 0.021484 0.052778
20 0.621641 0.493819 0.114688 0.149306
14 0.528516 0.405347 0.018594 0.036528
20 0.487617 0.434444 0.022734 0.039167
20 0.508867 0.441736 0.032109 0.050139
20 0.535156 0.458681 0.050938 0.07375
20 0.455469 0.429444 0.019688 0.027222
20 0.44 0.425347 0.017188 0.02375
20 0.452461 0.470486 0.063984 0.101528
16 0.404922 0.427361 0.045938 0.057778
14 0.386992 0.406458 0.022109 0.037361
20 0.394258 0.436528 0.042109 0.047222
20 0.368945 0.434931 0.027266 0.039861
20 0.350664 0.437639 0.026797 0.0325
20 0.333711 0.436042 0.018516 0.030139
20 0.314023 0.437917 0.028047 0.031944
20 0.257148 0.436181 0.036016 0.038194
20 0.235977 0.445139 0.041328 0.045833
20 0.246328 0.477986 0.139531 0.097361
20 0.179531 0.449097 0.039375 0.045972
20 0.103125 0.454444 0.029687 0.044444
20 0.015352 0.472708 0.030703 0.095417