20 0.11043 0.514931 0.123828 0.139861
20 0.187812 0.487431 0.0525 0.072917
20 0.239258 0.482083 0.080078 0.093333
20 0.304844 0.476042 0.048438 0.059861
14 0.351289 0.430625 0.053828 0.079028
20 0.418594 0.463472 0.035 0.051389
20 0.439766 0.459931 0.02625 0.044306
20 0.527266 0.58375 0.195781 0.294167
14 0.540039 0.435417 0.053203 0.055
20 0.503359 0.427639 0.0175 0.03
14 0.492617 0.427083 0.014766 0.031111
16 0.481836 0.433611 0.012109 0.020278
20 0.385937 0.446736 0.015469 0.025139
20 0.394727 0.450347 0.014141 0.022639