21 0.020234 0.510208 0.040469 0.142361
20 0.115469 0.501181 0.073281 0.088472
20 0.160859 0.492222 0.041719 0.063333
14 0.234922 0.449722 0.135937 0.196111
20 0.562578 0.574792 0.165469 0.245139
20 0.620781 0.455139 0.031562 0.0275
20 0.572344 0.453889 0.022187 0.0275
14 0.531289 0.437847 0.028984 0.040694
20 0.485898 0.474861 0.036328 0.050278
20 0.408516 0.474861 0.039219 0.055278
20 0.430859 0.469306 0.025313 0.048056
20 0.509023 0.451736 0.020547 0.027361
20 0.475547 0.460833 0.024531 0.039167
14 0.500625 0.436736 0.016875 0.03125
20 0.380703 0.459583 0.020156 0.0325
20 0.317695 0.460903 0.017891 0.03125
20 0.342617 0.465069 0.023047 0.027917
21 0.359297 0.453333 0.023438 0.034444