20 0.656094 0.455764 0.044375 0.040694
20 0.541367 0.458125 0.035703 0.052639
14 0.522188 0.440833 0.028281 0.051389
20 0.470078 0.468889 0.035625 0.047778
20 0.487539 0.459306 0.018203 0.035833
20 0.431133 0.458194 0.028828 0.045833
20 0.456328 0.460625 0.015937 0.034861
14 0.483359 0.436736 0.019062 0.031806
20 0.340977 0.496736 0.070859 0.095972
20 0.378789 0.486528 0.046172 0.083611
20 0.005625 0.530833 0.01125 0.109444
20 0.18793 0.502431 0.089609 0.111528
21 0.244219 0.472569 0.045938 0.077639
20 0.28582 0.480556 0.043984 0.063611
20 0.134687 0.504722 0.066094 0.082222