20 0.051523 0.485625 0.103047 0.122083
20 0.135977 0.455694 0.061953 0.074167
20 0.18375 0.453958 0.044375 0.05375
20 0.261172 0.449792 0.041719 0.047917
20 0.242656 0.440833 0.02625 0.034722
20 0.311602 0.446736 0.036328 0.049028
20 0.294805 0.439028 0.016172 0.026389
20 0.442148 0.446181 0.038984 0.059861
20 0.486211 0.447986 0.045078 0.05375
20 0.518828 0.446111 0.028281 0.043056
20 0.558555 0.449167 0.038984 0.051389
20 0.611328 0.447986 0.046406 0.044306
20 0.697109 0.446181 0.083438 0.052639
13 0.905039 0.431181 0.026953 0.080139