20 0.138945 0.468472 0.024609 0.030278
20 0.165703 0.477431 0.034062 0.041528
20 0.188008 0.470486 0.028359 0.03125
20 0.289766 0.522083 0.143125 0.178056
5 0.391133 0.462083 0.021953 0.042222
5 0.409258 0.455764 0.008359 0.029583
20 0.436836 0.481042 0.043359 0.086528
20 0.484688 0.491597 0.087969 0.152083
20 0.525078 0.472083 0.027344 0.062222
14 0.544766 0.444375 0.029844 0.067917
20 0.556055 0.467778 0.045547 0.059167
20 0.606953 0.472639 0.060156 0.094722
5 0.643164 0.439097 0.006328 0.029583
5 0.673789 0.445208 0.008828 0.043472
5 0.684297 0.447847 0.012188 0.064306
5 0.701406 0.452569 0.012188 0.075694
5 0.771836 0.462361 0.018203 0.095833
5 0.884453 0.484722 0.021875 0.141944
14 0.37293 0.447917 0.014453 0.028333