14 0.16457 0.429653 0.086328 0.129306
20 0.25293 0.455486 0.023047 0.027361
20 0.309844 0.509792 0.122656 0.152361
5 0.793516 0.453819 0.01875 0.093194
5 0.718555 0.441736 0.013203 0.050139
5 0.669219 0.439375 0.009687 0.062639
5 0.655117 0.438542 0.011484 0.054861
5 0.645859 0.439375 0.010625 0.045417
20 0.601992 0.464375 0.060391 0.094028
20 0.558398 0.460139 0.043672 0.060278
14 0.534805 0.434722 0.026484 0.065833
20 0.489844 0.491111 0.09875 0.170833
20 0.444336 0.477986 0.031797 0.085972
20 0.432344 0.447361 0.017812 0.0275
5 0.39957 0.453194 0.017266 0.039444
5 0.416016 0.447917 0.005937 0.025278