20 0.054922 0.494028 0.088125 0.083611
21 0.761719 0.547847 0.242188 0.301528
14 0.667422 0.445833 0.084844 0.147778
14 0.286016 0.447292 0.061563 0.081806
0 0.293047 0.506389 0.023281 0.075556
14 0.321953 0.452847 0.028906 0.055694
20 0.409219 0.476319 0.043906 0.066528
20 0.435352 0.474097 0.027109 0.042083
20 0.449258 0.464653 0.016172 0.026528
20 0.457461 0.461111 0.012734 0.020556
20 0.475039 0.466597 0.021797 0.03375
20 0.503438 0.482917 0.041719 0.065278
20 0.562266 0.481042 0.042969 0.058194
20 0.526445 0.461667 0.013047 0.021667
20 0.485352 0.451667 0.013672 0.013889
14 0.174883 0.443125 0.104297 0.117917
5 0.192812 0.478472 0.013281 0.047222