5 0.041562 0.488472 0.020937 0.077778
5 0.096992 0.495417 0.019922 0.053611
5 0.120078 0.511458 0.035937 0.156528
20 0.140273 0.479861 0.036328 0.0425
0 0.167617 0.53875 0.026953 0.111667
14 0.191953 0.456597 0.069688 0.070694
5 0.177227 0.489653 0.022266 0.104861
5 0.230664 0.490833 0.018828 0.085833
14 0.348164 0.446042 0.033516 0.045972
0 0.347617 0.483542 0.011797 0.044028
14 0.325898 0.452778 0.022422 0.037778
20 0.252773 0.467014 0.032266 0.030139
20 0.393906 0.476944 0.048594 0.084722
20 0.411289 0.477292 0.026484 0.050972
20 0.425742 0.465486 0.020234 0.029306
20 0.435195 0.459792 0.011641 0.023472
20 0.448594 0.459306 0.010781 0.021667
20 0.454375 0.462153 0.014375 0.023472
20 0.460898 0.467431 0.021328 0.033194
20 0.488008 0.473958 0.041641 0.070139
20 0.555977 0.47375 0.047734 0.075833
14 0.590703 0.440764 0.047969 0.092083
4 0.607422 0.470278 0.017656 0.055
5 0.675273 0.465417 0.012578 0.055