20 0.857305 0.572361 0.285391 0.395833
5 0.193906 0.475833 0.015312 0.051389
14 0.242969 0.450556 0.049688 0.067222
5 0.241719 0.485625 0.0225 0.10875
5 0.268437 0.477014 0.016562 0.08375
5 0.288242 0.473958 0.020391 0.073194
0 0.271563 0.501181 0.016094 0.072639
14 0.361914 0.441944 0.029766 0.035278
0 0.369766 0.472222 0.010625 0.035278
20 0.396523 0.469097 0.024453 0.057917
20 0.421836 0.471944 0.056016 0.0925
21 0.455 0.447778 0.017656 0.035556
20 0.468008 0.459722 0.020703 0.036667
20 0.495039 0.470903 0.042422 0.064306
20 0.51418 0.466875 0.021484 0.050417
20 0.565078 0.472569 0.051719 0.072361
14 0.579375 0.441042 0.039062 0.090694
4 0.599414 0.462153 0.013047 0.049028
4 0.619297 0.464792 0.012969 0.04875
20 0.108086 0.471389 0.063516 0.060556