20 0.020898 0.491667 0.041797 0.055
20 0.247344 0.547847 0.185 0.212917
13 0.077422 0.498333 0.029375 0.1225
5 0.372266 0.468125 0.023281 0.057083
5 0.399922 0.462847 0.00625 0.032083
20 0.422773 0.481875 0.051953 0.080694
20 0.4725 0.483472 0.080156 0.140833
20 0.515859 0.473264 0.033438 0.067639
20 0.549727 0.46875 0.037734 0.056389
14 0.554141 0.442083 0.038594 0.063056
5 0.578164 0.450694 0.007734 0.038611
20 0.60293 0.478611 0.060703 0.081389
5 0.849297 0.464097 0.020781 0.114028
5 0.738359 0.452569 0.015625 0.084861
5 0.714727 0.446042 0.012578 0.068472
5 0.703477 0.444861 0.012578 0.061667
5 0.667461 0.448611 0.009141 0.051111
5 0.656211 0.4475 0.006328 0.035556
10 0.158711 0.542917 0.044297 0.118889
14 0.360938 0.448264 0.017031 0.03125
14 0.327734 0.453125 0.032656 0.038194
5 0.329961 0.458264 0.006797 0.033472