5 0.033359 0.484444 0.028906 0.107778
5 0.970547 0.482986 0.035625 0.138472
20 0.718711 0.537361 0.267109 0.322222
14 0.717227 0.437083 0.127422 0.214722
10 0.191445 0.523819 0.063047 0.119028
14 0.204336 0.432083 0.080859 0.113889
14 0.293945 0.437778 0.047109 0.0675
20 0.404922 0.459306 0.040625 0.06
20 0.430273 0.457778 0.026641 0.042778
20 0.438164 0.449444 0.013672 0.0275
20 0.453633 0.445903 0.015078 0.024306
20 0.463867 0.451944 0.022578 0.033889
20 0.49168 0.468542 0.043828 0.063194
20 0.519727 0.446528 0.020078 0.028056
20 0.551875 0.464722 0.040625 0.055556
20 0.546328 0.438889 0.025156 0.025556