20 0.062656 0.479653 0.068594 0.071806
20 0.195859 0.561597 0.235469 0.266806
5 0.793711 0.438958 0.016797 0.100417
5 0.761406 0.437222 0.014063 0.0825
5 0.747305 0.437778 0.014141 0.069444
5 0.711953 0.447361 0.013437 0.081389
5 0.351406 0.456806 0.030156 0.063333
14 0.310625 0.439653 0.026719 0.043194
14 0.331133 0.442292 0.017266 0.030694
20 0.418438 0.466042 0.056406 0.072917
20 0.466172 0.468194 0.070938 0.122778
20 0.51168 0.455625 0.039141 0.074306
20 0.543047 0.456389 0.036719 0.0575
5 0.694961 0.437292 0.011172 0.055139
5 0.666328 0.445903 0.008125 0.049306
20 0.597266 0.459028 0.059219 0.088889
14 0.565508 0.430208 0.036953 0.072917