20 0.777187 0.455139 0.111719 0.089722
5 0.733477 0.44375 0.016172 0.078889
5 0.691406 0.446806 0.011406 0.077778
20 0.726406 0.444375 0.092188 0.05625
21 0.673594 0.432986 0.102344 0.059861
13 0.66418 0.466528 0.038984 0.081389
13 0.668906 0.445625 0.0175 0.05625
20 0.617734 0.465903 0.0875 0.080139
20 0.552148 0.462917 0.043672 0.062222
5 0.513789 0.458681 0.014141 0.068194
20 0.435078 0.464097 0.053125 0.069306
20 0.39 0.452778 0.037031 0.046667
20 0.326758 0.447361 0.030234 0.045556
20 0.309922 0.450972 0.027656 0.035833
20 0.270234 0.449167 0.023594 0.034722
0 0.243633 0.485069 0.022891 0.060972
0 0.217734 0.500556 0.024844 0.077778
20 0.097305 0.457569 0.020859 0.025139
5 0.037773 0.468333 0.014766 0.0825
5 0.053555 0.468889 0.018203 0.086111