20 0.959258 0.614792 0.081484 0.36125
20 0.898984 0.464722 0.164219 0.116111
20 0.884883 0.432361 0.092891 0.046667
5 0.824961 0.453403 0.025547 0.095694
20 0.791992 0.453333 0.091484 0.066944
5 0.773203 0.464097 0.0175 0.088472
5 0.738867 0.47125 0.016172 0.093333
5 0.727422 0.465347 0.020156 0.090972
20 0.681992 0.485069 0.125859 0.106528
20 0.589492 0.480278 0.061953 0.0825
4 0.536992 0.475486 0.014766 0.087361
20 0.436445 0.464722 0.034297 0.058611
20 0.423945 0.479653 0.053828 0.076528
20 0.365781 0.459931 0.037031 0.049028
20 0.316992 0.458125 0.028203 0.047917
20 0.286719 0.454583 0.026875 0.035833
20 0.280664 0.461181 0.029609 0.037083
20 0.240313 0.453333 0.024219 0.026389
0 0.146445 0.520903 0.016797 0.106528
0 0.081172 0.564028 0.030312 0.108889
10 0.035078 0.566944 0.045781 0.155556
20 0.05457 0.476111 0.029609 0.031111