5 0.971016 0.482083 0.021563 0.100556
5 0.954492 0.45875 0.024922 0.1375
5 0.888906 0.446806 0.026875 0.120833
5 0.84418 0.439583 0.018203 0.104167
5 0.803125 0.450347 0.019531 0.092083
5 0.784961 0.448542 0.016797 0.095694
21 0.634219 0.531736 0.2025 0.326528
20 0.523438 0.441389 0.024219 0.044167
20 0.500039 0.446667 0.042578 0.041944
20 0.503008 0.462986 0.042578 0.062083
20 0.461641 0.4425 0.016563 0.037778
20 0.443281 0.447222 0.0225 0.0325
20 0.433555 0.447708 0.031328 0.054583
20 0.403945 0.437778 0.028984 0.024167
14 0.064219 0.425694 0.092187 0.1325