5 0.896328 0.456389 0.028281 0.101667
5 0.869063 0.450972 0.019531 0.1125
20 0.766133 0.522153 0.207891 0.27875
20 0.679336 0.442569 0.082734 0.059861
5 0.675938 0.453333 0.016875 0.081389
5 0.633203 0.443819 0.010781 0.057361
5 0.623125 0.450972 0.013438 0.059722
5 0.617422 0.449722 0.015469 0.062222
20 0.57875 0.459306 0.065937 0.059722
13 0.540039 0.45875 0.024922 0.058611
20 0.528945 0.456944 0.033672 0.047778
13 0.503008 0.455694 0.016797 0.055
20 0.446836 0.467708 0.051172 0.064583
20 0.409531 0.452153 0.032969 0.043194
20 0.33918 0.448542 0.033672 0.045417
20 0.299844 0.446736 0.019531 0.032361
14 0.110742 0.455139 0.038359 0.061111
20 0.064336 0.482014 0.039766 0.045417
20 0.016523 0.478472 0.033047 0.083611
20 0.118828 0.4575 0.018125 0.0275
5 0.162539 0.470139 0.020859 0.081389