5 0.899687 0.456319 0.021563 0.118472
5 0.887578 0.485625 0.020156 0.165139
5 0.864687 0.461736 0.016094 0.107639
5 0.850898 0.467153 0.018203 0.123194
5 0.784609 0.453958 0.013437 0.080139
21 0.637617 0.528056 0.172891 0.281111
20 0.529258 0.462292 0.038359 0.05375
20 0.513086 0.454583 0.020859 0.031111
20 0.488555 0.470694 0.040391 0.065833
20 0.470078 0.461736 0.028906 0.050139
20 0.431367 0.449722 0.016172 0.035833
20 0.415195 0.455764 0.029609 0.045417
20 0.401445 0.451597 0.018203 0.029861
20 0.373867 0.447986 0.020859 0.029861
20 0.357383 0.447986 0.016172 0.020417
11 0.283008 0.445556 0.039766 0.051389