5 0.911445 0.470139 0.020859 0.117222
5 0.956172 0.465903 0.026875 0.125694
5 0.735859 0.462917 0.015469 0.078889
20 0.654414 0.523889 0.159453 0.253611
21 0.58543 0.442569 0.040391 0.038194
20 0.54 0.457569 0.050469 0.041806
20 0.502656 0.462917 0.041719 0.0525
20 0.469375 0.470694 0.042344 0.063333
20 0.443789 0.461736 0.027578 0.045417
20 0.398398 0.451528 0.016172 0.032222
20 0.384258 0.456319 0.029609 0.041806
20 0.36543 0.456944 0.022891 0.033611
20 0.335508 0.450903 0.020859 0.021528
20 0.161211 0.482014 0.042422 0.064583
20 0.181094 0.476667 0.024219 0.034722