0 0.956563 0.51375 0.086875 0.132778
5 0.780547 0.449167 0.0175 0.0825
20 0.693789 0.516111 0.172266 0.254722
21 0.594883 0.43125 0.056484 0.053889
5 0.593164 0.452778 0.010078 0.058611
20 0.556523 0.453333 0.055234 0.047778
20 0.513437 0.458125 0.037656 0.045417
20 0.479805 0.458125 0.036328 0.055139
20 0.458281 0.469514 0.048438 0.05625
20 0.425625 0.455764 0.028906 0.040694
20 0.373516 0.448542 0.014844 0.035972
20 0.361055 0.451597 0.030234 0.044306
20 0.332461 0.450347 0.021484 0.029861
20 0.304883 0.445 0.016172 0.026389
20 0.143047 0.467083 0.04375 0.053889
20 0.029648 0.493472 0.059297 0.077778