20 0.396719 0.461736 0.038281 0.040694
20 0.369805 0.468889 0.049141 0.071667
20 0.311953 0.461667 0.033438 0.043611
20 0.262734 0.462014 0.032344 0.041806
20 0.295273 0.462639 0.018516 0.025278
14 0.264688 0.443403 0.042656 0.039861
21 0.225547 0.451597 0.02625 0.028472
20 0.215391 0.460417 0.025937 0.023333
14 0.215937 0.443681 0.025625 0.035417
20 0.103008 0.461667 0.046641 0.041111
8 0.086797 0.444931 0.027031 0.053194
20 0.050703 0.459167 0.024531 0.043611
20 0.008555 0.469931 0.017109 0.038472