5 0.822266 0.463542 0.013437 0.099306
5 0.932305 0.444375 0.014141 0.060972
5 0.91043 0.436042 0.016172 0.05625
5 0.887578 0.438403 0.014844 0.063472
20 0.378203 0.474306 0.059219 0.0825
20 0.406797 0.461458 0.029688 0.045694
20 0.333047 0.459514 0.030469 0.045694
20 0.314336 0.453264 0.021641 0.033194
14 0.293086 0.440208 0.038516 0.042361
20 0.285898 0.455278 0.016172 0.024167
20 0.272695 0.458472 0.028672 0.043611
20 0.245898 0.453264 0.018359 0.021528
14 0.248828 0.435694 0.016875 0.033333
14 0.237227 0.432431 0.016953 0.032917
8 0.08457 0.442847 0.053672 0.070417
20 0.057148 0.469514 0.045234 0.047083