20 0.352969 0.468958 0.065313 0.107639
20 0.444844 0.522708 0.135937 0.208194
20 0.264492 0.450347 0.037734 0.051528
20 0.508398 0.445556 0.038359 0.058611
20 0.528594 0.436597 0.030312 0.045417
20 0.608672 0.501181 0.147344 0.155417
20 0.745937 0.493403 0.1325 0.149583
20 0.686406 0.444375 0.030938 0.051528
5 0.919531 0.498819 0.02625 0.177083
5 0.952148 0.502361 0.036328 0.184167
20 0.923594 0.495764 0.152812 0.142361
20 0.85293 0.474861 0.093516 0.102778
20 0.658477 0.440764 0.031641 0.041806
14 0.661797 0.411458 0.022187 0.045417
20 0.593516 0.413889 0.0525 0.055