20 0.352656 0.479097 0.080781 0.118472
20 0.396367 0.458125 0.036328 0.050139
20 0.428008 0.451528 0.028203 0.032222
20 0.491602 0.520347 0.121797 0.181806
20 0.591523 0.473681 0.067266 0.08375
20 0.554492 0.458125 0.026953 0.050139
14 0.521875 0.428264 0.049062 0.071806
20 0.725391 0.465903 0.074062 0.077639
5 0.723359 0.474306 0.0175 0.106389
5 0.77957 0.45875 0.018203 0.087222
5 0.843828 0.467708 0.018906 0.107639
5 0.685039 0.465903 0.016172 0.082639
5 0.677305 0.459931 0.011484 0.087361
20 0.632227 0.451528 0.038359 0.065833
0 0.659141 0.455764 0.018125 0.071806