20 0.348594 0.471944 0.079375 0.113611
20 0.452891 0.506597 0.115781 0.170972
5 0.934648 0.503611 0.021484 0.191389
5 0.913477 0.491042 0.023516 0.214028
20 0.599258 0.487431 0.125859 0.125694
20 0.67832 0.477292 0.078047 0.110139
5 0.80043 0.476667 0.023516 0.128056
5 0.785586 0.480278 0.020859 0.120833
20 0.830703 0.481458 0.143281 0.11375
14 0.558867 0.414514 0.047734 0.044306
20 0.492266 0.445556 0.032969 0.063333
20 0.511445 0.440764 0.022891 0.049028
20 0.703867 0.459375 0.044453 0.102917
20 0.766094 0.467083 0.057188 0.085