20 0.357656 0.473194 0.08 0.120278
20 0.395625 0.447431 0.041719 0.04125
20 0.412461 0.444097 0.022734 0.033472
20 0.441992 0.44 0.021328 0.030278
20 0.457852 0.443681 0.026641 0.036528
16 0.451484 0.426319 0.031562 0.03375
14 0.503086 0.414097 0.039609 0.050417
20 0.510469 0.513889 0.124531 0.191944
20 0.585117 0.464792 0.055234 0.079028
20 0.611758 0.442986 0.032422 0.055972
5 0.674844 0.458125 0.012344 0.080694
5 0.649883 0.45375 0.012422 0.070556
5 0.636523 0.443194 0.010078 0.058333
20 0.688477 0.455556 0.066797 0.062778
5 0.736523 0.449653 0.010391 0.07375
13 0.751602 0.449653 0.013359 0.075972
5 0.770937 0.459722 0.016094 0.085556
13 0.781016 0.453056 0.012969 0.077778
7 0.871484 0.469375 0.047969 0.087917
0 0.952305 0.531667 0.033984 0.137778
5 0.927656 0.418125 0.009375 0.04875
5 0.909141 0.417708 0.011406 0.047361
5 0.880078 0.420556 0.010937 0.043889
5 0.863828 0.419306 0.010156 0.043611
5 0.870898 0.418542 0.007422 0.043472
5 0.766094 0.418333 0.008437 0.038889