20 0.158242 0.477639 0.068828 0.068056
20 0.232031 0.523056 0.176719 0.226389
20 0.378203 0.486042 0.075938 0.129583
20 0.414648 0.467986 0.054141 0.064861
20 0.442109 0.454514 0.028125 0.040417
14 0.474687 0.426597 0.033906 0.057639
20 0.526406 0.538333 0.137344 0.211111
5 0.60957 0.460278 0.011484 0.061111
5 0.599531 0.458472 0.008281 0.054167
5 0.591016 0.456528 0.0075 0.054722
20 0.634297 0.460278 0.0425 0.049167
14 0.586836 0.434653 0.033203 0.049861
14 0.545312 0.428125 0.031406 0.046528
5 0.654336 0.462431 0.011953 0.062083
5 0.667852 0.456111 0.010234 0.057222
5 0.681758 0.456528 0.008828 0.056944
5 0.697734 0.45375 0.01125 0.063889
13 0.963008 0.447361 0.014141 0.070556
5 0.948711 0.443472 0.016016 0.074444
5 0.929297 0.448264 0.01625 0.075417
5 0.907266 0.442014 0.017969 0.067639
5 0.875703 0.429861 0.008594 0.028056
5 0.831172 0.430208 0.010313 0.035694