20 0.344219 0.491667 0.085469 0.117222
20 0.391328 0.471875 0.034375 0.051528
20 0.462305 0.534722 0.113047 0.186667
14 0.527266 0.442014 0.046406 0.063472
20 0.547773 0.470139 0.028203 0.050278
20 0.589844 0.500625 0.098906 0.104028
20 0.630898 0.4875 0.055859 0.089722
20 0.652422 0.473125 0.04375 0.080139
5 0.79 0.501806 0.018906 0.147222
5 0.783594 0.505972 0.018125 0.117222
20 0.764102 0.490972 0.101641 0.089722
5 0.723047 0.489236 0.018125 0.105139
5 0.677617 0.473681 0.020234 0.08375
5 0.925273 0.503542 0.029609 0.13875
5 0.853242 0.476042 0.022891 0.107639
5 0.829023 0.482083 0.014766 0.105278
5 0.872422 0.487431 0.018125 0.120694