20 0.349609 0.492222 0.09625 0.118333
20 0.477461 0.519167 0.106953 0.160278
20 0.574688 0.459931 0.029531 0.032361
20 0.612344 0.465278 0.030938 0.043056
5 0.652734 0.460556 0.010781 0.047778
5 0.676953 0.462361 0.008125 0.058611
20 0.657109 0.45875 0.028906 0.03
20 0.871797 0.592083 0.256406 0.323056
20 0.765117 0.508403 0.098203 0.131528
21 0.717305 0.451528 0.018828 0.041944
20 0.695469 0.453333 0.015469 0.019167
20 0.677617 0.455764 0.020234 0.021528
20 0.274922 0.474861 0.046406 0.047778
21 0.084492 0.477847 0.045078 0.041806