20 0.3025 0.512569 0.137969 0.151806
20 0.386641 0.474306 0.07875 0.101667
20 0.512773 0.494653 0.080703 0.130417
20 0.753672 0.551458 0.255625 0.322917
20 0.821289 0.497014 0.141953 0.16625
20 0.916484 0.498819 0.109063 0.162639
20 0.613828 0.456042 0.03 0.04125
20 0.666367 0.454028 0.023516 0.041111
4 0.649687 0.459097 0.015937 0.087639
20 0.634297 0.448958 0.023125 0.025694
20 0.595234 0.451319 0.019375 0.030417
20 0.576289 0.445625 0.020859 0.024306
21 0.555039 0.443542 0.021641 0.027083
5 0.191406 0.464028 0.00625 0.038611
5 0.195352 0.468403 0.004766 0.027083
5 0.203789 0.456319 0.005547 0.027639
5 0.209219 0.458194 0.006562 0.0275