20 0.939063 0.512569 0.121875 0.137639
21 0.706914 0.448542 0.023516 0.047917
20 0.226133 0.5275 0.164141 0.172222
20 0.355352 0.481458 0.087422 0.11125
20 0.484531 0.507153 0.092813 0.143472
20 0.039727 0.507778 0.079453 0.096944
14 0.048828 0.473681 0.097656 0.08625
20 0.292773 0.466528 0.043047 0.038333
4 0.670586 0.460694 0.013203 0.058889
5 0.641289 0.453958 0.008672 0.06875
21 0.553086 0.449792 0.016172 0.024583
20 0.575625 0.454722 0.024063 0.032222
20 0.600156 0.458889 0.030156 0.042778
20 0.62875 0.454375 0.024219 0.03375
20 0.655352 0.458056 0.023047 0.0375
20 0.682266 0.449792 0.015781 0.025139
20 0.692422 0.447014 0.012031 0.020972
20 0.611992 0.451736 0.015234 0.024306
5 0.948008 0.443472 0.014141 0.06
5 0.956055 0.453819 0.014922 0.069306
5 0.987227 0.473542 0.016953 0.100139