20 0.122344 0.474167 0.057969 0.049722
20 0.212461 0.474514 0.056484 0.057639
21 0.338906 0.462292 0.054062 0.069861
20 0.37793 0.464931 0.042734 0.059306
20 0.41918 0.498542 0.101641 0.126528
20 0.423398 0.473681 0.056953 0.092639
20 0.609023 0.542222 0.181641 0.2925
20 0.514961 0.477222 0.055547 0.090833
21 0.537813 0.451875 0.025469 0.055972
4 0.904336 0.470069 0.042266 0.114861
5 0.864102 0.465347 0.021172 0.095417
5 0.729883 0.475139 0.020703 0.113333
21 0.706484 0.450556 0.029219 0.064167
20 0.657148 0.457083 0.021484 0.041111
20 0.672344 0.450903 0.012188 0.024583
5 0.816602 0.468264 0.018672 0.098194
5 0.802773 0.465347 0.015391 0.080972