21 0.168945 0.475486 0.087422 0.11125
20 0.227148 0.473056 0.047734 0.085
21 0.253086 0.470069 0.018828 0.069306
20 0.266875 0.474236 0.028906 0.060972
20 0.589844 0.5425 0.171562 0.288333
5 0.942734 0.478472 0.024219 0.124444
13 0.861992 0.468889 0.018828 0.105278
5 0.789648 0.487431 0.027578 0.149583
5 0.684336 0.480903 0.033672 0.145972
21 0.717344 0.456944 0.033594 0.076667
14 0.729453 0.439583 0.032344 0.077778
20 0.660117 0.464097 0.029609 0.057361
20 0.461328 0.491042 0.092188 0.118472
20 0.531328 0.475903 0.041094 0.072917
16 0.506289 0.461597 0.038516 0.059306
20 0.420469 0.451667 0.024688 0.033611
0 0.968633 0.520347 0.034297 0.093194
0 0.880156 0.504792 0.030938 0.069306
0 0.829688 0.48625 0.021562 0.077778
0 0.802773 0.490417 0.022891 0.059722