21 0.312305 0.478472 0.102266 0.150833
20 0.445859 0.453333 0.053125 0.074167
20 0.50875 0.468264 0.057813 0.087361
20 0.721367 0.501181 0.143984 0.208194
21 0.803477 0.458125 0.113047 0.167361
6 0.929297 0.492222 0.141406 0.135278
14 0.703555 0.411528 0.066641 0.098056
14 0.665547 0.424028 0.048438 0.108889
20 0.595859 0.450972 0.04375 0.059722
20 0.525547 0.455764 0.041719 0.064583
20 0.481133 0.442639 0.025547 0.043056
21 0.372852 0.43 0.025547 0.058611
20 0.251016 0.452708 0.048438 0.068194
5 0.028008 0.456597 0.008984 0.042639
5 0.041016 0.467778 0.010469 0.058611