20 0.358594 0.420833 0.008906 0.02
16 0.369922 0.411736 0.012812 0.026528
16 0.385195 0.411319 0.011641 0.023194
20 0.39418 0.43125 0.008203 0.0125
20 0.407383 0.434722 0.015391 0.026111
20 0.443398 0.440347 0.028203 0.044028
21 0.485898 0.444861 0.029141 0.061389
20 0.481211 0.394306 0.011484 0.014167
20 0.49125 0.376042 0.008125 0.014028
20 0.46418 0.397431 0.010547 0.01625
20 0.440625 0.399931 0.006719 0.00875
20 0.425547 0.402431 0.006094 0.012083
20 0.434922 0.404722 0.005156 0.01
20 0.439922 0.392639 0.003906 0.008333
20 0.447383 0.392847 0.007266 0.009583
20 0.44668 0.384514 0.005859 0.00875
20 0.453711 0.384931 0.003984 0.007083