16 0.34582 0.419097 0.015859 0.035972
16 0.362812 0.416597 0.013437 0.032361
20 0.394766 0.412986 0.010625 0.017639
20 0.408359 0.411111 0.010312 0.015278
20 0.420039 0.413611 0.008203 0.012778
20 0.376914 0.439583 0.016172 0.024444
20 0.43 0.403819 0.008281 0.015139
20 0.438906 0.447778 0.029531 0.048333
20 0.448047 0.430694 0.018906 0.0325
21 0.487539 0.453264 0.031328 0.062917
20 0.482734 0.434653 0.020937 0.035417
20 0.469844 0.377847 0.010937 0.017083
20 0.485117 0.38 0.011328 0.018889
20 0.494258 0.372639 0.007578 0.011667