6 0.662852 0.449722 0.022891 0.062222
21 0.603984 0.459375 0.057188 0.095694
2 0.551797 0.449792 0.039062 0.069306
20 0.467031 0.428194 0.010781 0.023889
20 0.457578 0.442569 0.024219 0.033472
20 0.437422 0.464722 0.060625 0.096944
14 0.371133 0.412639 0.024922 0.038333
20 0.368125 0.455139 0.047031 0.063333
15 0.297461 0.415625 0.049766 0.060972
20 0.200586 0.464722 0.053828 0.046667
21 0.180039 0.426458 0.097578 0.130417
20 0.10875 0.467708 0.039688 0.055139
20 0.02125 0.478472 0.0425 0.062222