21 0.118477 0.453681 0.066641 0.049861
16 0.128008 0.454583 0.076641 0.040556
16 0.155273 0.448819 0.057578 0.042639
20 0.246914 0.447222 0.021797 0.021667
14 0.28375 0.445069 0.045 0.074028
20 0.465391 0.443125 0.01625 0.027361
14 0.481602 0.432222 0.014609 0.030833
14 0.498164 0.430903 0.021328 0.050694
20 0.456523 0.408681 0.006172 0.00625
20 0.466602 0.406181 0.005391 0.005694
20 0.472813 0.404167 0.005938 0.009167
13 0.521602 0.437292 0.003359 0.012639
5 0.644844 0.444722 0.009375 0.041667
13 0.71082 0.464583 0.033203 0.083333
20 0.616055 0.436806 0.017422 0.021111
19 0.683555 0.407014 0.021016 0.059306