15 0.109922 0.406597 0.219844 0.152639
20 0.219531 0.497014 0.092188 0.112083
15 0.121406 0.409444 0.229063 0.126111
21 0.274102 0.454653 0.053203 0.052361
5 0.342422 0.460556 0.009219 0.044444
5 0.35457 0.459722 0.007422 0.041389
20 0.383555 0.453056 0.026797 0.046389
20 0.353516 0.445278 0.024062 0.033889
13 0.405234 0.452847 0.005938 0.019028
20 0.430859 0.427153 0.00875 0.010972
20 0.419141 0.433958 0.011562 0.011806
14 0.496875 0.427361 0.074531 0.162778
13 0.538203 0.451389 0.007031 0.032778
13 0.540078 0.444653 0.010469 0.03125
13 0.552344 0.461875 0.011875 0.052917
5 0.574219 0.459444 0.008906 0.044167