21 0.171953 0.485486 0.113281 0.147917
5 0.241016 0.455208 0.011719 0.052361
21 0.26832 0.447222 0.036016 0.05
13 0.282578 0.46625 0.014844 0.061389
20 0.2525 0.440903 0.040625 0.044583
5 0.331367 0.440972 0.007109 0.028889
20 0.382852 0.426389 0.014453 0.016111
21 0.40375 0.419722 0.012969 0.023611
20 0.41793 0.406181 0.012109 0.012361
14 0.477422 0.420486 0.075469 0.165417
13 0.524297 0.437222 0.008281 0.047778
13 0.538945 0.438056 0.007891 0.043611
13 0.570273 0.455972 0.013359 0.069444
5 0.663477 0.4825 0.027109 0.113889
20 0.812109 0.476111 0.121562 0.075