13 0.573242 0.456667 0.015234 0.056944
13 0.542188 0.450278 0.014375 0.057778
14 0.4825 0.425694 0.085938 0.198611
20 0.56918 0.443542 0.029141 0.039028
20 0.058945 0.4575 0.077422 0.065833
5 0.157891 0.479653 0.015469 0.064583
21 0.017852 0.459931 0.035703 0.101806
21 0.341562 0.444931 0.028906 0.052639
20 0.398398 0.426389 0.003984 0.015556
5 0.391328 0.423403 0.006094 0.021528
5 0.383594 0.428264 0.004063 0.016806
13 0.374531 0.428819 0.006094 0.022639
14 0.353633 0.4025 0.066641 0.041944
20 0.425312 0.422292 0.014844 0.021528
20 0.414531 0.409653 0.014844 0.017917