21 0.081367 0.477014 0.063516 0.105417
21 0.08457 0.462847 0.078359 0.079028
21 0.093008 0.444444 0.087891 0.086111
20 0.136328 0.447639 0.077031 0.0575
5 0.233242 0.460972 0.010234 0.045556
16 0.254805 0.417847 0.032109 0.027083
20 0.29332 0.415069 0.015703 0.029583
20 0.355039 0.433125 0.016484 0.025417
21 0.372422 0.4325 0.021406 0.038056
5 0.396211 0.418681 0.005391 0.016528
5 0.41043 0.415903 0.003359 0.013194
20 0.431328 0.413472 0.012812 0.0175
14 0.485781 0.413681 0.084375 0.182639
20 0.562656 0.43375 0.025312 0.033611
13 0.540078 0.442917 0.011563 0.0525
13 0.57082 0.446042 0.009922 0.050139
13 0.619727 0.465347 0.020078 0.099861
20 0.658398 0.44 0.062109 0.039167
16 0.661445 0.42125 0.089453 0.063056
20 0.866016 0.442847 0.041406 0.036806