13 0.697461 0.468611 0.025391 0.090278
13 0.620039 0.466181 0.020859 0.088472
20 0.673438 0.458125 0.071562 0.065972
20 0.586055 0.437153 0.034453 0.043472
14 0.518125 0.417847 0.115937 0.239861
20 0.425742 0.429167 0.025391 0.036944
14 0.369141 0.403681 0.04375 0.044306
20 0.28875 0.452153 0.035 0.043194
16 0.180039 0.428264 0.051797 0.047917
21 0.04168 0.502431 0.083359 0.199583
13 0.393437 0.426111 0.008594 0.023611
5 0.385547 0.427778 0.005781 0.020278
13 0.370586 0.427361 0.005078 0.016111
5 0.365117 0.427153 0.004453 0.020694
20 0.342344 0.424861 0.023438 0.021944
20 0.358711 0.421806 0.014922 0.019722
20 0.421797 0.410833 0.019688 0.020278
15 0.458008 0.396736 0.038984 0.037917