20 0.041836 0.478681 0.083672 0.068472
20 0.09625 0.467986 0.090156 0.059861
13 0.177539 0.494931 0.025547 0.099861
5 0.153477 0.47125 0.013359 0.06
13 0.176484 0.467847 0.010781 0.06875
20 0.168672 0.450764 0.06 0.045417
20 0.209297 0.447917 0.038594 0.051667
20 0.230117 0.456528 0.040859 0.062222
5 0.309648 0.449444 0.007578 0.032778
20 0.374258 0.431667 0.014141 0.019167
21 0.39918 0.4275 0.014922 0.025833
20 0.425039 0.409167 0.013359 0.015556
14 0.480508 0.420486 0.077891 0.167083
13 0.526797 0.442292 0.011406 0.044306
13 0.550039 0.448681 0.008828 0.036806
20 0.543477 0.430972 0.018828 0.026667
13 0.587734 0.460069 0.014688 0.07625
21 0.706992 0.430208 0.018359 0.029861
5 0.830937 0.538125 0.042656 0.224583