13 0.361875 0.446111 0.01 0.032222
13 0.382227 0.450903 0.010859 0.045139
20 0.410313 0.429931 0.021719 0.022639
14 0.614102 0.420347 0.184766 0.376806
20 0.278086 0.496736 0.097891 0.107917
20 0.0625 0.507292 0.099688 0.090139
13 0.888125 0.535417 0.071562 0.210833
20 0.731445 0.475903 0.066172 0.10125
13 0.313867 0.453264 0.011797 0.037083
20 0.525234 0.426528 0.012812 0.033056
15 0.52957 0.411667 0.064766 0.054167
16 0.522852 0.413194 0.071484 0.056111
16 0.506172 0.410764 0.071875 0.055972
16 0.502188 0.412222 0.084219 0.053056
16 0.46582 0.411667 0.066797 0.04
16 0.467617 0.417083 0.090859 0.033333
14 0.343594 0.420417 0.050469 0.046667
14 0.380234 0.427639 0.036406 0.049167
5 0.331172 0.450069 0.005469 0.032361