14 0.728242 0.431528 0.159453 0.276944
13 0.647188 0.442847 0.019062 0.074028
13 0.578828 0.465417 0.021719 0.086944
20 0.571133 0.434792 0.042578 0.041806
21 0.539414 0.429167 0.028047 0.053056
16 0.556172 0.409792 0.119531 0.075694
16 0.542578 0.410625 0.126875 0.06125
16 0.534883 0.409028 0.140391 0.058056
16 0.515859 0.412986 0.135 0.059583
13 0.426602 0.44125 0.019922 0.032222
16 0.483672 0.415486 0.134063 0.051528
16 0.476914 0.424306 0.145859 0.056389
20 0.388125 0.437222 0.028125 0.030556
5 0.333789 0.451736 0.006328 0.037083
5 0.325664 0.447708 0.006328 0.051528
5 0.317031 0.445278 0.010937 0.056389
13 0.300703 0.467778 0.021719 0.062778
13 0.183867 0.497569 0.034453 0.112639
5 0.275352 0.470208 0.014453 0.057917
13 0.266289 0.467778 0.014453 0.05
5 0.252734 0.462153 0.014531 0.041806
5 0.237773 0.473472 0.008203 0.064444
5 0.126797 0.484722 0.021719 0.074167
16 0.140664 0.471667 0.091016 0.064722
14 0.308008 0.424792 0.067734 0.063472
20 0.369023 0.431736 0.013984 0.034861
5 0.254492 0.468542 0.006172 0.045972
5 0.048516 0.479097 0.014844 0.075417