13 0.561602 0.470972 0.043516 0.133611
6 0.46332 0.456528 0.035391 0.088611
5 0.635898 0.448472 0.010859 0.082222
5 0.58832 0.454931 0.020859 0.088472
5 0.658086 0.442083 0.011797 0.078889
5 0.648086 0.440417 0.009922 0.075556
5 0.670742 0.439583 0.013516 0.080556
21 0.913516 0.437222 0.075156 0.062778
20 0.867734 0.436389 0.061562 0.041944
21 0.604609 0.434792 0.071563 0.090139
5 0.531719 0.436389 0.014531 0.061111
13 0.5 0.447639 0.037969 0.064444
20 0.34918 0.437986 0.042578 0.035417
5 0.309336 0.455694 0.011797 0.061111
16 0.606992 0.406389 0.172109 0.120833
11 0.581094 0.413194 0.182187 0.1125
16 0.572617 0.420764 0.228516 0.127639
16 0.540195 0.407083 0.200703 0.0975
16 0.473828 0.420069 0.169844 0.054861
16 0.456445 0.411181 0.173672 0.086528
14 0.248047 0.420833 0.077969 0.086389
20 0.107617 0.493542 0.082578 0.122083
11 0.171289 0.445486 0.027734 0.02875
14 0.247695 0.439306 0.094141 0.043889
11 0.18207 0.4475 0.069453 0.024722
5 0.295898 0.450972 0.008516 0.058889
16 0.167695 0.443403 0.034766 0.022361
20 0.029961 0.484444 0.059922 0.098056