14 0.726445 0.397778 0.231953 0.460556
13 0.591953 0.454097 0.017188 0.080417
6 0.571094 0.442014 0.019063 0.072361
20 0.585156 0.418681 0.025313 0.03875
21 0.557031 0.415417 0.018125 0.038611
5 0.54168 0.417083 0.007266 0.028889
5 0.53125 0.417083 0.01 0.028889
13 0.386328 0.449236 0.01 0.045139
5 0.358711 0.446042 0.007266 0.035417
5 0.351914 0.446042 0.009922 0.041806
5 0.335039 0.444444 0.008203 0.040556
5 0.323359 0.44625 0.008594 0.042778
14 0.362656 0.408264 0.055781 0.053194
20 0.430586 0.419792 0.025078 0.021528
20 0.042891 0.588264 0.085781 0.300139
16 0.577617 0.398264 0.099609 0.059028
16 0.558359 0.398889 0.095625 0.055556
16 0.54543 0.400625 0.096328 0.049583
16 0.530156 0.399514 0.09625 0.054306
16 0.513555 0.405417 0.126797 0.066111
5 0.285039 0.449167 0.010078 0.056111
16 0.260117 0.443194 0.041016 0.046667