13 0.583789 0.467778 0.022578 0.095
6 0.53125 0.460556 0.028125 0.074167
20 0.574727 0.436389 0.048047 0.058056
5 0.542578 0.438819 0.009062 0.046806
13 0.460625 0.445278 0.022656 0.033889
5 0.496836 0.44125 0.015391 0.048333
13 0.485977 0.441181 0.011797 0.045139
20 0.532188 0.437222 0.035312 0.056389
15 0.527656 0.403333 0.080625 0.062778
16 0.516328 0.403333 0.097813 0.046667
16 0.500938 0.405764 0.097812 0.045139
16 0.490937 0.41625 0.112344 0.062778
16 0.454727 0.418681 0.117734 0.057917
16 0.449727 0.423542 0.134922 0.051528
20 0.373203 0.439583 0.03625 0.0225
14 0.288047 0.430764 0.068906 0.069306
20 0.273086 0.463819 0.033516 0.035417
5 0.318867 0.453333 0.007266 0.030556
5 0.307539 0.457361 0.015391 0.025833
20 0.235508 0.461319 0.036172 0.037083
13 0.684805 0.459722 0.028984 0.088611
13 0.584688 0.465347 0.022656 0.093472
20 0.574727 0.437986 0.048047 0.057917
6 0.530352 0.458125 0.026328 0.072361
21 0.534414 0.430764 0.025391 0.053194
13 0.178437 0.494375 0.023594 0.096528
5 0.216055 0.480694 0.011797 0.066111
5 0.205156 0.489583 0.011719 0.070833
16 0.0575 0.483889 0.115 0.078889
13 0.458789 0.442083 0.024453 0.040278
14 0.861406 0.417917 0.277187 0.468611
14 0.965117 0.425903 0.069766 0.851806
16 0.341953 0.431389 0.043906 0.050833