16 0.95918 0.468611 0.081641 0.233889
16 0.92832 0.466667 0.143359 0.211944
16 0.829258 0.475972 0.089922 0.103056
15 0.842461 0.418125 0.091484 0.109028
16 0.79125 0.484097 0.164531 0.120417
16 0.745703 0.477014 0.123125 0.098472
21 0.712773 0.473333 0.104609 0.095
16 0.680039 0.468958 0.088828 0.082361
21 0.665703 0.453889 0.087344 0.088333
5 0.746289 0.5125 0.039141 0.186667
5 0.713516 0.517153 0.033906 0.17875
5 0.660078 0.48875 0.018125 0.103056
5 0.633164 0.479375 0.019922 0.101806
6 0.616055 0.501389 0.072266 0.168611
16 0.692266 0.409167 0.037969 0.073611
15 0.66668 0.412778 0.083203 0.106389
16 0.63957 0.419097 0.079453 0.120417
15 0.625078 0.426181 0.087344 0.119861
16 0.5475 0.437917 0.045156 0.086944
20 0.518711 0.436875 0.016953 0.020694
20 0.492578 0.434236 0.016563 0.023472
5 0.521172 0.457639 0.01125 0.062222
13 0.431484 0.441181 0.008125 0.022639
13 0.421602 0.437708 0.008359 0.035972
13 0.383359 0.425903 0.005625 0.015972
14 0.367812 0.419306 0.015313 0.031667
16 0.334453 0.417986 0.015625 0.035417
11 0.325898 0.424097 0.016328 0.034028
13 0.245195 0.431875 0.010703 0.030694
5 0.178398 0.433889 0.012891 0.043333
5 0.038477 0.444375 0.018359 0.091528
8 0.023281 0.409514 0.046562 0.142639
15 0.112852 0.399514 0.131953 0.159583