13 0.904727 0.598125 0.150078 0.392361
16 0.870195 0.465972 0.140078 0.153611
5 0.835195 0.498472 0.024609 0.124444
14 0.677148 0.393056 0.266172 0.36
6 0.544063 0.499583 0.064375 0.151389
16 0.526875 0.478403 0.1 0.072083
20 0.50375 0.473819 0.097187 0.062917
21 0.476289 0.464861 0.081484 0.067778
16 0.496328 0.424236 0.026875 0.049306
15 0.473672 0.437431 0.062656 0.08125
15 0.459609 0.437431 0.068281 0.084306
15 0.445156 0.437431 0.0675 0.075694
5 0.469023 0.482361 0.017266 0.081389
5 0.451797 0.483472 0.014844 0.077778
13 0.443125 0.480278 0.012812 0.06
5 0.42707 0.478819 0.012891 0.064306
5 0.416055 0.478125 0.011641 0.062917
4 0.403789 0.479167 0.012891 0.066389
16 0.386133 0.452778 0.035391 0.067778
13 0.361797 0.467431 0.008438 0.044306
13 0.341758 0.450625 0.011641 0.026528
20 0.363242 0.451736 0.016797 0.024306
13 0.276328 0.451319 0.008438 0.022083
13 0.261289 0.450278 0.008828 0.022778
14 0.229531 0.437083 0.017656 0.033611
11 0.196016 0.440694 0.0125 0.026389
20 0.180195 0.440417 0.009922 0.0175
13 0.145039 0.447708 0.005234 0.020694
5 0.066367 0.457986 0.011953 0.059028
14 0.071016 0.424653 0.065469 0.112083
21 0.101523 0.463472 0.051484 0.089444
8 0.010039 0.433194 0.020078 0.104167