5 0.877812 0.598056 0.101562 0.382778
5 0.848867 0.567639 0.090859 0.367222
5 0.869375 0.6525 0.063281 0.288333
16 0.901406 0.427569 0.197188 0.240417
16 0.843828 0.418056 0.208594 0.209444
13 0.820273 0.546042 0.092891 0.271528
20 0.699492 0.482708 0.120391 0.11125
15 0.673008 0.419028 0.111016 0.178611
16 0.616367 0.442153 0.097266 0.11625
6 0.565859 0.477083 0.059375 0.130833
14 0.48043 0.406389 0.146172 0.194167
16 0.395391 0.456736 0.072344 0.055139
16 0.366836 0.453889 0.054766 0.050833
20 0.354336 0.448611 0.059297 0.055278
5 0.350586 0.456111 0.010234 0.052778
5 0.337734 0.459931 0.009844 0.057639
5 0.325937 0.456458 0.010937 0.039583
13 0.311797 0.454583 0.010937 0.043333
5 0.296445 0.453611 0.009141 0.050278
5 0.25832 0.449236 0.008516 0.037639
15 0.346562 0.430069 0.069844 0.080972
15 0.332422 0.428542 0.06 0.071528
16 0.277031 0.437292 0.030313 0.059028
20 0.249375 0.439861 0.013437 0.021389
16 0.263516 0.42625 0.012344 0.038611
14 0.136094 0.422153 0.015156 0.034861
13 0.170586 0.438264 0.007109 0.019583
20 0.111367 0.425903 0.005703 0.011528
20 0.070859 0.423611 0.008281 0.016944
21 0.092148 0.437708 0.023359 0.047083
16 0.032031 0.415139 0.040625 0.094722
20 0.034219 0.486042 0.068437 0.129306