20 0.88082 0.504167 0.192422 0.163889
13 0.853242 0.550833 0.121172 0.321667
15 0.827695 0.399514 0.199141 0.253472
16 0.718984 0.445 0.116406 0.136389
6 0.549453 0.480278 0.06125 0.14
14 0.555195 0.394722 0.183047 0.248889
16 0.455469 0.463056 0.091094 0.061389
16 0.418359 0.459444 0.057813 0.052778
20 0.405703 0.452708 0.065469 0.060694
5 0.402266 0.464792 0.015313 0.070694
5 0.385 0.465903 0.009687 0.068472
13 0.376367 0.462361 0.010078 0.051389
15 0.389805 0.43 0.052266 0.0875
15 0.379141 0.430764 0.059844 0.080694
13 0.359687 0.461875 0.00875 0.05625
5 0.352813 0.460903 0.010312 0.055694
4 0.342539 0.460903 0.011797 0.057083
20 0.325937 0.440556 0.035156 0.061111
5 0.303594 0.453333 0.008594 0.040556
20 0.302734 0.442847 0.012188 0.025139
20 0.281641 0.438472 0.010625 0.018889
13 0.218164 0.441111 0.005391 0.0175
14 0.175469 0.425556 0.017969 0.0325
20 0.163711 0.428819 0.004453 0.010417
11 0.137734 0.430069 0.010937 0.022917
16 0.13625 0.423958 0.015312 0.030139
21 0.108672 0.445347 0.030781 0.06125
15 0.049844 0.416319 0.051406 0.099861