20 0.972695 0.439028 0.020859 0.031111
13 0.977773 0.497014 0.044453 0.127917
5 0.921211 0.502986 0.025547 0.161528
13 0.872422 0.516736 0.140625 0.19625
13 0.84082 0.495833 0.100234 0.175833
15 0.89125 0.398958 0.171562 0.235694
15 0.831406 0.400764 0.182344 0.212917
14 0.769492 0.398333 0.174297 0.203333
15 0.714297 0.395347 0.158125 0.185417
5 0.735156 0.456944 0.023594 0.119722
5 0.68875 0.464167 0.022187 0.103056
13 0.60832 0.500625 0.056484 0.211806
16 0.597227 0.419861 0.101641 0.1125
16 0.568594 0.402569 0.107656 0.123194
6 0.549102 0.465903 0.053828 0.10875
20 0.482539 0.440764 0.071328 0.063472
13 0.445156 0.437847 0.054531 0.052639
5 0.442109 0.465278 0.024219 0.136389
5 0.428359 0.482639 0.018125 0.089722
14 0.340156 0.396042 0.107969 0.135694
16 0.267891 0.430069 0.063437 0.049028
16 0.24918 0.431111 0.052422 0.04
20 0.230234 0.426458 0.053906 0.045139
5 0.228945 0.433889 0.007734 0.042222
5 0.219727 0.431111 0.007891 0.034167
15 0.216523 0.407014 0.053672 0.063472
15 0.206875 0.407083 0.051406 0.056667
15 0.197422 0.409861 0.045781 0.054444
16 0.155703 0.411181 0.02875 0.042639
16 0.136641 0.410694 0.017656 0.035833
20 0.139336 0.423264 0.007891 0.012917
20 0.12543 0.4175 0.009297 0.017222
4 0.110078 0.476667 0.059375 0.173056
13 0.082344 0.472917 0.053906 0.125833
20 0.054648 0.436458 0.035234 0.05625
13 0.028437 0.456875 0.021406 0.102361
13 0.016367 0.429514 0.009297 0.03375