5 0.90418 0.555486 0.070391 0.28125
10 0.855625 0.503819 0.038438 0.077917
21 0.865742 0.456111 0.054766 0.094722
21 0.917461 0.382083 0.165078 0.170833
21 0.847773 0.440347 0.046328 0.054306
4 0.812031 0.479722 0.023125 0.113889
7 0.799219 0.504236 0.089219 0.082361
5 0.749453 0.487153 0.028125 0.11125
13 0.685664 0.488472 0.084766 0.120833
13 0.664219 0.474514 0.064531 0.115694
5 0.628477 0.458264 0.021641 0.086806
5 0.599414 0.462222 0.017734 0.084167
13 0.557266 0.501667 0.050781 0.180556
6 0.527734 0.468819 0.04875 0.112917
15 0.748984 0.415764 0.147344 0.190972
15 0.703164 0.414028 0.152266 0.164722
14 0.665938 0.413611 0.156719 0.158611
15 0.617891 0.415833 0.131562 0.154167
20 0.521797 0.431111 0.083281 0.086667
16 0.502344 0.418889 0.096562 0.104167
20 0.427695 0.450417 0.059609 0.055278
5 0.384531 0.468542 0.020156 0.096806
5 0.381289 0.461736 0.014453 0.096806
5 0.373672 0.467153 0.0175 0.087361
5 0.36457 0.476597 0.016797 0.065694
14 0.303867 0.412014 0.095547 0.117639
16 0.23668 0.444653 0.054297 0.04125
16 0.219297 0.443056 0.04 0.033889
5 0.188984 0.443403 0.006563 0.029861
5 0.197109 0.442708 0.007031 0.029861
16 0.207891 0.442361 0.034688 0.034167
11 0.202148 0.440278 0.042109 0.032778
20 0.191758 0.438264 0.041328 0.041806
11 0.256523 0.427708 0.020078 0.058472
15 0.178047 0.422361 0.04 0.057222
15 0.171328 0.422569 0.044063 0.050972
5 0.106758 0.438056 0.006797 0.021944
5 0.089805 0.4325 0.006797 0.033056
15 0.160742 0.422986 0.041016 0.046528
5 0.158125 0.442917 0.005469 0.025
5 0.147383 0.442639 0.007578 0.031111
16 0.100117 0.425972 0.018047 0.034722
16 0.120195 0.428333 0.021172 0.041389
4 0.127812 0.472917 0.050937 0.113889
13 0.084141 0.474028 0.043594 0.088333
20 0.036562 0.443819 0.029531 0.041806
14 0.014688 0.422708 0.029375 0.04125
20 0.001641 0.443819 0.003281 0.023194
13 0.017617 0.470069 0.020391 0.077639