11 0.965938 0.443472 0.068125 0.129444
11 0.951211 0.430417 0.097578 0.103611
11 0.924102 0.429931 0.105078 0.10625
11 0.897266 0.433542 0.100156 0.113194
11 0.860195 0.430139 0.079609 0.100833
19 0.845508 0.412569 0.052266 0.158472
16 0.722344 0.440139 0.065469 0.081667
19 0.788984 0.430417 0.032656 0.065
13 0.606836 0.465486 0.012422 0.053472
13 0.595469 0.464861 0.014063 0.070556
5 0.529297 0.445278 0.007188 0.027222
13 0.514219 0.435903 0.005625 0.016528
20 0.527148 0.436875 0.008359 0.012361
13 0.507617 0.442917 0.006797 0.018889
16 0.498516 0.425139 0.011094 0.020833
14 0.485586 0.425764 0.015078 0.033472
20 0.474141 0.433472 0.008125 0.010278
20 0.466055 0.433194 0.005703 0.008611
13 0.462461 0.432778 0.004297 0.013889
15 0.443516 0.4225 0.019531 0.0375
16 0.408281 0.436875 0.029063 0.060694
13 0.35793 0.448125 0.009922 0.032361
16 0.26832 0.416111 0.063672 0.066667
16 0.288125 0.422778 0.055781 0.0725
15 0.309258 0.420417 0.041328 0.050556
16 0.324883 0.412361 0.042891 0.0275
16 0.332031 0.410903 0.033594 0.025417
20 0.26793 0.461944 0.057891 0.036667
13 0.2525 0.471597 0.017344 0.053194
6 0.207266 0.479583 0.038594 0.075