16 0.953555 0.437153 0.092891 0.185417
16 0.93875 0.436597 0.1225 0.169861
16 0.929297 0.409722 0.141406 0.180556
16 0.802109 0.439583 0.109063 0.180556
5 0.893594 0.502431 0.030937 0.169861
7 0.886563 0.555 0.151406 0.296667
16 0.740352 0.460417 0.033828 0.064167
20 0.712344 0.450069 0.022187 0.049306
15 0.718164 0.430347 0.036016 0.067083
15 0.661211 0.431875 0.034141 0.059861
13 0.622109 0.465278 0.020781 0.076111
13 0.575859 0.460694 0.012031 0.048333
13 0.566563 0.454931 0.01 0.041528
13 0.495781 0.441875 0.00625 0.02375
14 0.466914 0.438194 0.014141 0.031111
16 0.453984 0.434097 0.010781 0.015417
8 0.405742 0.432292 0.042422 0.078472
11 0.358906 0.447014 0.049531 0.093194
16 0.299062 0.443194 0.019375 0.041667
13 0.121641 0.491736 0.025313 0.08875
5 0.102227 0.487569 0.018203 0.080417