16 0.804805 0.43125 0.073984 0.120833
5 0.642656 0.471875 0.014844 0.092083
5 0.630508 0.475486 0.022891 0.096806
5 0.511445 0.444375 0.010703 0.037083
13 0.495273 0.431181 0.005391 0.017917
13 0.490586 0.437778 0.009453 0.023889
14 0.467031 0.416319 0.021563 0.033472
13 0.436758 0.429444 0.005391 0.016667
15 0.415586 0.416875 0.020859 0.044306
16 0.356016 0.431806 0.043125 0.081389
16 0.253047 0.405486 0.169531 0.08375
13 0.294414 0.448542 0.010078 0.040694
20 0.190156 0.458194 0.085469 0.043056
13 0.098672 0.486875 0.02625 0.08375