16 0.024414 0.457917 0.048828 0.122222
16 0.06457 0.450347 0.129141 0.123472
13 0.160781 0.497014 0.027812 0.101528
16 0.146875 0.45375 0.038594 0.067222
13 0.354297 0.458889 0.009687 0.041111
6 0.376094 0.451597 0.016406 0.037917
13 0.359844 0.452153 0.007344 0.012917
13 0.408594 0.442222 0.005312 0.011944
16 0.440039 0.433681 0.014922 0.032361
20 0.446211 0.435208 0.009609 0.014583
16 0.459219 0.423264 0.013437 0.03125
14 0.476641 0.428194 0.015469 0.032778
16 0.498594 0.422778 0.009063 0.016667
20 0.515273 0.432083 0.007266 0.016667
5 0.51457 0.442778 0.007578 0.023333
20 0.506914 0.439653 0.008203 0.019306
11 0.653789 0.432778 0.046641 0.05
11 0.664414 0.445625 0.054766 0.066806
11 0.720664 0.446111 0.077422 0.073611
11 0.733242 0.429861 0.053984 0.052778
16 0.797461 0.430069 0.063516 0.082361
16 0.819531 0.435208 0.076094 0.097361
16 0.838867 0.438056 0.074453 0.108056
16 0.897227 0.407778 0.126172 0.2075
16 0.979063 0.428194 0.041875 0.188056