11 0.91582 0.415069 0.064609 0.064583
20 0.883516 0.425833 0.0525 0.0575
11 0.871055 0.450972 0.148672 0.129167
11 0.871055 0.454583 0.148672 0.136389
11 0.824844 0.436528 0.077031 0.089167
11 0.815586 0.435625 0.091641 0.087361
11 0.801719 0.434375 0.085312 0.083194
11 0.781445 0.429514 0.072109 0.077083
11 0.765664 0.431667 0.059922 0.072778
11 0.750781 0.429931 0.063281 0.069306
11 0.665742 0.435625 0.030703 0.059861
19 0.739336 0.415278 0.039453 0.1125
5 0.578516 0.457153 0.006406 0.047083
4 0.573242 0.458403 0.009141 0.049583
5 0.526055 0.440833 0.006484 0.0275
20 0.51582 0.433125 0.006484 0.013194
13 0.510547 0.441875 0.007188 0.01875
20 0.51082 0.430625 0.008359 0.011528
16 0.501211 0.422639 0.010234 0.020833
14 0.48543 0.425139 0.015859 0.0325
13 0.471133 0.429514 0.006484 0.014861
15 0.454102 0.424861 0.018359 0.033056
16 0.427422 0.433403 0.022031 0.043472
13 0.383906 0.448681 0.005937 0.014583
21 0.015352 0.436181 0.030703 0.08875
16 0.049023 0.435139 0.041953 0.07
16 0.078672 0.445069 0.067812 0.082361
13 0.214219 0.48625 0.021406 0.076111
6 0.313008 0.453681 0.032578 0.04125
13 0.316836 0.4625 0.013828 0.036389
6 0.304297 0.465486 0.023438 0.049028