5 0.486211 0.437153 0.007422 0.017917
14 0.466055 0.421597 0.014141 0.037083
15 0.315273 0.406667 0.076016 0.105278
13 0.265508 0.444931 0.011484 0.033472
13 0.178398 0.458125 0.012109 0.052639
15 0.013477 0.4025 0.026953 0.147222
15 0.028984 0.409097 0.057969 0.157917
15 0.051172 0.410278 0.102344 0.157778
15 0.061602 0.419306 0.123203 0.120833
15 0.069023 0.417431 0.138047 0.114861
16 0.111094 0.422292 0.112969 0.095694
16 0.133633 0.421597 0.101641 0.099306
16 0.156836 0.421667 0.102266 0.094444
15 0.186445 0.415694 0.075391 0.073056
15 0.200234 0.401944 0.070625 0.055
15 0.199922 0.408472 0.068594 0.065833
15 0.199883 0.413889 0.082109 0.066944
15 0.215391 0.416319 0.068594 0.071806
15 0.228828 0.420486 0.07 0.060972