13 0.540703 0.458125 0.016875 0.064583
13 0.521172 0.450347 0.015469 0.05625
14 0.505703 0.440208 0.019531 0.033472
20 0.468711 0.433611 0.042422 0.041944
13 0.422383 0.446597 0.009453 0.021806
13 0.390273 0.451806 0.004766 0.023889
13 0.375859 0.456389 0.006719 0.016111
13 0.354648 0.453958 0.004766 0.025417
5 0.345781 0.4525 0.005156 0.0225
13 0.311719 0.456389 0.0075 0.034444
13 0.259023 0.465556 0.013047 0.054167
5 0.229336 0.46375 0.008359 0.043611
4 0.188555 0.470833 0.012266 0.059167
8 0.181328 0.429792 0.163906 0.074583
15 0.015664 0.432431 0.031328 0.159583
15 0.0325 0.420486 0.065 0.127639
15 0.049688 0.421111 0.099375 0.113056
13 0.101641 0.474375 0.023906 0.067917