13 0.528594 0.459375 0.010156 0.064583
14 0.52625 0.454514 0.030938 0.033472
8 0.503359 0.447986 0.037656 0.037083
15 0.469375 0.446806 0.037031 0.039444
13 0.409844 0.458125 0.008125 0.024028
13 0.378203 0.461111 0.009375 0.020278
13 0.350977 0.469514 0.007422 0.022639
13 0.324727 0.465903 0.010078 0.032361
13 0.313945 0.467708 0.007422 0.02875
13 0.249336 0.475486 0.014141 0.049028
13 0.15957 0.484444 0.018828 0.066944
13 0.07207 0.499375 0.031016 0.099306
4 0.03707 0.498819 0.021484 0.088472
8 0.098281 0.445625 0.196563 0.11125
8 0.12418 0.443194 0.176953 0.101667