20 0.512773 0.449722 0.026953 0.019167
15 0.464336 0.434167 0.084766 0.074167
15 0.387617 0.432986 0.068672 0.059861
15 0.353672 0.431181 0.063906 0.060972
15 0.326406 0.427014 0.074063 0.047917
20 0.334141 0.453958 0.06125 0.032361
13 0.334492 0.453958 0.009453 0.029861
16 0.282695 0.425278 0.078047 0.058611
16 0.267852 0.435972 0.071328 0.065833
16 0.251016 0.434167 0.076719 0.066944
16 0.194883 0.427639 0.066641 0.053889
13 0.27293 0.460486 0.014141 0.040694
13 0.241289 0.458125 0.019453 0.055139
13 0.191172 0.467083 0.021562 0.065833
5 0.132266 0.461111 0.00875 0.061111