21 0.9 0.426458 0.066562 0.05375
14 0.804453 0.422847 0.041094 0.049028
16 0.015859 0.417431 0.031719 0.157917
15 0.046445 0.404931 0.092891 0.149583
16 0.087852 0.425833 0.097578 0.074167
16 0.125898 0.440833 0.078047 0.077778
20 0.097969 0.466528 0.125781 0.069444
15 0.190156 0.425278 0.067969 0.0825
21 0.227148 0.449167 0.051797 0.053889
15 0.222109 0.423472 0.0875 0.090833
15 0.22043 0.422222 0.117734 0.093333
16 0.267891 0.419306 0.079375 0.108889
5 0.296836 0.450972 0.012109 0.050278
8 0.380898 0.409028 0.152109 0.117222
13 0.340859 0.447986 0.037031 0.05625
20 0.473438 0.448542 0.046406 0.02875
20 0.503008 0.446736 0.031641 0.025139
20 0.533633 0.441389 0.026953 0.031111
15 0.534648 0.425833 0.061172 0.045556
15 0.551484 0.424653 0.04375 0.040694
15 0.54543 0.424583 0.076016 0.043056
5 0.766094 0.448542 0.012812 0.045417