20 0.008125 0.449792 0.01625 0.045417
15 0.028633 0.406736 0.057266 0.134028
15 0.051523 0.401319 0.103047 0.115972
13 0.059297 0.456319 0.020156 0.072917
20 0.103711 0.451528 0.091484 0.053889
15 0.128594 0.404306 0.109063 0.121944
15 0.147734 0.406736 0.123125 0.126806
15 0.192148 0.401944 0.104297 0.1125
20 0.254102 0.444375 0.086797 0.051528
15 0.273906 0.405486 0.083438 0.067083
21 0.322344 0.431806 0.0525 0.038333
15 0.318008 0.409653 0.071953 0.068194
15 0.322344 0.411528 0.090156 0.074167
15 0.355313 0.411458 0.090156 0.079028
8 0.454883 0.407917 0.119766 0.093333
20 0.524883 0.436597 0.040391 0.021528
20 0.575703 0.432431 0.02625 0.029861
16 0.575 0.419236 0.063906 0.041806
15 0.583437 0.421042 0.067344 0.040694
15 0.593516 0.420417 0.056562 0.034722
5 0.759375 0.436042 0.006094 0.037083