20 0.970039 0.459931 0.059922 0.070694
14 0.752305 0.432431 0.038984 0.051528
5 0.738555 0.461736 0.014141 0.067083
21 0.66957 0.437153 0.020234 0.025139
20 0.626133 0.444375 0.027578 0.027639
16 0.547422 0.445556 0.039688 0.044167
15 0.44957 0.440833 0.071328 0.051389
15 0.440469 0.443819 0.081406 0.059861
15 0.429023 0.447986 0.073359 0.068194
20 0.426289 0.460486 0.038359 0.040694
20 0.39168 0.461736 0.036328 0.033472
20 0.352656 0.47125 0.061875 0.043056
15 0.217734 0.423403 0.234844 0.181806
13 0.111797 0.480833 0.024219 0.098056
5 0.0825 0.479653 0.018125 0.08125
16 0.014844 0.437222 0.029687 0.108889
21 0.03168 0.4725 0.063359 0.071667
16 0.04918 0.43 0.073984 0.108889