14 0.539492 0.437292 0.045859 0.069306
20 0.384492 0.455764 0.037578 0.04375
20 0.411055 0.4525 0.030078 0.033056
16 0.401328 0.435 0.039844 0.049722
15 0.771797 0.421181 0.02 0.046806
16 0.046484 0.447014 0.062344 0.063194
16 0.064062 0.440556 0.067344 0.08
16 0.076367 0.436319 0.063984 0.083472
16 0.095664 0.436806 0.081953 0.079444
16 0.120117 0.438264 0.065391 0.069583
16 0.136602 0.439306 0.067109 0.068611
16 0.162891 0.442569 0.083906 0.058194
4 0.264023 0.458333 0.008828 0.043333
13 0.733711 0.434722 0.052266 0.088611