11 0.032305 0.437569 0.064609 0.076528
11 0.060469 0.436181 0.058125 0.071806
21 0.18543 0.460694 0.125391 0.149167
14 0.593945 0.424514 0.042266 0.085139
16 0.862539 0.432986 0.048672 0.047639
16 0.848594 0.432917 0.044063 0.044167
16 0.842813 0.432361 0.050938 0.047778
16 0.82875 0.428819 0.043437 0.041806
16 0.822266 0.429375 0.041562 0.034306
16 0.811406 0.431181 0.035156 0.037083
15 0.987656 0.418889 0.024687 0.063056
15 0.92043 0.415556 0.095234 0.076944
5 0.691523 0.439236 0.005859 0.032917