13 0.03707 0.503611 0.038984 0.047778
4 0.078125 0.48625 0.016094 0.073056
20 0.228828 0.479028 0.075313 0.077778
20 0.265937 0.458958 0.028906 0.032639
15 0.266797 0.430764 0.040625 0.039583
15 0.29543 0.438611 0.027891 0.049444
16 0.318828 0.439653 0.027812 0.039583
21 0.373555 0.443819 0.020234 0.032917
20 0.403984 0.443819 0.012031 0.020694
14 0.429258 0.435417 0.047891 0.094444
16 0.480625 0.420417 0.007344 0.013889
13 0.463242 0.429653 0.003984 0.012361
20 0.470156 0.421111 0.006406 0.009167
16 0.507266 0.446111 0.033281 0.075