20 0.051211 0.455139 0.041641 0.056111
5 0.099961 0.459931 0.014141 0.063472
13 0.143711 0.466528 0.018203 0.055
16 0.958242 0.404306 0.083516 0.234444
16 0.895625 0.409097 0.100938 0.205694
16 0.845156 0.422847 0.111719 0.144861
16 0.781562 0.421042 0.133906 0.145972
13 0.249414 0.448681 0.011016 0.039306
13 0.273359 0.447569 0.006563 0.032639
20 0.288281 0.442847 0.018438 0.021806
16 0.296445 0.426875 0.016797 0.040694
16 0.314492 0.430139 0.016797 0.034167
20 0.332695 0.449375 0.022109 0.034861
14 0.387734 0.431944 0.049531 0.101944
16 0.453828 0.443611 0.02375 0.053889
16 0.438438 0.426736 0.006562 0.01125
20 0.432812 0.424653 0.006094 0.010417