6 0.084609 0.459931 0.035313 0.076806
13 0.130859 0.464514 0.015625 0.069306
5 0.152422 0.455764 0.006719 0.040694
13 0.227461 0.455903 0.006016 0.03125
20 0.240742 0.445625 0.016328 0.022917
13 0.253516 0.449375 0.004531 0.022083
13 0.259766 0.45 0.004844 0.023333
20 0.257695 0.433611 0.015859 0.026667
13 0.290977 0.442639 0.004141 0.019444
20 0.303047 0.448333 0.013906 0.02
14 0.338438 0.438333 0.050781 0.109722
16 0.386055 0.448681 0.018828 0.044861
16 0.672617 0.436597 0.086797 0.107639
16 0.614023 0.425833 0.062578 0.088611
16 0.584766 0.427014 0.065938 0.079028
16 0.53832 0.437222 0.053828 0.065833