13 0.601602 0.452778 0.012109 0.051389
13 0.583437 0.434792 0.008125 0.029861
13 0.571016 0.439583 0.00875 0.03
13 0.549453 0.439028 0.00875 0.031111
14 0.5 0.430625 0.045781 0.090972
11 0.472422 0.424028 0.014844 0.032222
20 0.448164 0.43125 0.012109 0.020278
21 0.43875 0.427014 0.0175 0.038194
20 0.395039 0.448542 0.028203 0.035972
21 0.398086 0.428264 0.016797 0.02625
8 0.354336 0.424653 0.038359 0.064583
20 0.327383 0.438403 0.020859 0.025139
20 0.30082 0.439028 0.026953 0.023889
8 0.237266 0.428194 0.085469 0.050278
16 0.112422 0.450972 0.125156 0.124444
16 0.067305 0.444375 0.134609 0.123194