5 0.779219 0.485069 0.021563 0.118472
13 0.709258 0.485625 0.032266 0.126806
8 0.775547 0.413889 0.197188 0.133889
13 0.55043 0.451528 0.012109 0.046667
14 0.478437 0.428819 0.048438 0.099306
13 0.413516 0.442639 0.004687 0.019167
13 0.398398 0.442014 0.005391 0.020417
20 0.37082 0.444375 0.020234 0.025139
20 0.35668 0.445 0.016172 0.026389
20 0.344219 0.445556 0.019531 0.0275
5 0.349297 0.452153 0.006719 0.040694
11 0.302148 0.439028 0.078047 0.148333
20 0.247344 0.459375 0.039688 0.045417
20 0.147734 0.465278 0.04375 0.043056
20 0.115469 0.466458 0.053125 0.045417
8 0.043086 0.421667 0.086172 0.221389