15 0.124883 0.440208 0.084141 0.114861
20 0.205664 0.469444 0.104297 0.113611
16 0.189141 0.43125 0.055156 0.085
16 0.248711 0.441944 0.080078 0.096944
8 0.312617 0.421111 0.070703 0.043056
20 0.367266 0.432431 0.02875 0.02125
8 0.419375 0.419514 0.033594 0.059028
21 0.450898 0.425139 0.019766 0.023889
20 0.470898 0.436458 0.021641 0.027917
21 0.498906 0.419167 0.013438 0.030556
14 0.537734 0.424514 0.044062 0.092917
4 0.674961 0.448194 0.013359 0.056111
13 0.630937 0.446389 0.009844 0.042222
5 0.617031 0.429375 0.004687 0.026806
13 0.599961 0.432708 0.007578 0.02625
13 0.592109 0.434583 0.008125 0.028889