20 0.061289 0.49875 0.091484 0.098056
20 0.202266 0.495833 0.088125 0.096944
20 0.164922 0.477847 0.051094 0.068194
16 0.214688 0.450347 0.041719 0.072917
20 0.239609 0.467708 0.028281 0.045417
21 0.270547 0.462917 0.049844 0.055
11 0.293086 0.449167 0.027578 0.058611
20 0.334844 0.485069 0.067969 0.096806
13 0.383516 0.452708 0.008438 0.024861
13 0.400273 0.450069 0.005547 0.024306
15 0.428984 0.430903 0.019219 0.042917
14 0.451484 0.435556 0.014687 0.033611
14 0.541992 0.422847 0.140234 0.278194
13 0.005078 0.578889 0.010156 0.086111