20 0.148125 0.446181 0.037656 0.059861
20 0.171328 0.440764 0.032969 0.049028
20 0.192852 0.437847 0.030234 0.045417
20 0.209961 0.430556 0.027578 0.0475
20 0.248945 0.426875 0.036172 0.047361
14 0.308047 0.42 0.057813 0.115833
14 0.28793 0.407153 0.038828 0.090139
20 0.337695 0.421111 0.009766 0.025278
14 0.466797 0.427917 0.099062 0.189722
16 0.403516 0.408194 0.012187 0.031111
14 0.388711 0.408403 0.009766 0.024306
20 0.366445 0.419236 0.013359 0.017361
5 0.525469 0.449236 0.014219 0.060694
5 0.735039 0.495139 0.023672 0.122778