15 0.707891 0.430625 0.153437 0.19375
13 0.603945 0.485069 0.023516 0.092083
13 0.564258 0.476111 0.018203 0.066944
14 0.092227 0.4575 0.184453 0.293056
5 0.199727 0.487222 0.010078 0.056944
6 0.219531 0.481181 0.02875 0.064028
20 0.202109 0.477014 0.039219 0.036528
21 0.268633 0.468056 0.037109 0.041667
8 0.278359 0.437361 0.060781 0.059444
20 0.317539 0.469028 0.032734 0.031944
5 0.348477 0.463264 0.012578 0.034583
20 0.405664 0.461667 0.016172 0.018611
20 0.441797 0.459444 0.014375 0.019167
16 0.495234 0.448889 0.012656 0.03
13 0.519336 0.458125 0.006172 0.021806
13 0.541289 0.455278 0.003984 0.017222
20 0.511055 0.454028 0.006797 0.010833
13 0.532813 0.455625 0.0025 0.010417
20 0.504922 0.452361 0.004062 0.006667