21 0.125859 0.473681 0.065938 0.067083
20 0.200234 0.482639 0.063906 0.051389
20 0.180703 0.468889 0.039687 0.038333
20 0.232539 0.473681 0.031641 0.045417
5 0.273945 0.471875 0.012109 0.044306
5 0.289062 0.465903 0.010156 0.044306
8 0.153125 0.425278 0.160781 0.096944
20 0.397734 0.462292 0.021562 0.029861
20 0.382266 0.45875 0.0175 0.022778
16 0.833086 0.452153 0.333828 0.234583
13 0.677305 0.502986 0.038359 0.137639
13 0.914141 0.575347 0.089531 0.318194
13 0.533633 0.456389 0.005391 0.0275
13 0.526641 0.455417 0.002813 0.016389
16 0.507891 0.443611 0.011094 0.028889
20 0.522227 0.4475 0.006797 0.009167
13 0.555312 0.452292 0.005 0.01875
13 0.544844 0.450694 0.002656 0.010833
20 0.497188 0.447569 0.00625 0.01125
20 0.412109 0.456736 0.014219 0.019028