20 0.103047 0.494653 0.090156 0.068194
20 0.077422 0.479653 0.055156 0.069306
20 0.163242 0.478472 0.041016 0.0525
8 0.086172 0.424653 0.172344 0.124306
5 0.214727 0.476667 0.018828 0.061111
5 0.245352 0.4725 0.014141 0.059722
16 0.865742 0.453333 0.268516 0.203333
13 0.804805 0.530486 0.057891 0.204583
20 0.69418 0.447917 0.059453 0.061111
20 0.367344 0.464097 0.028437 0.039306
13 0.535078 0.455833 0.007344 0.029722
16 0.510273 0.441389 0.012734 0.034167
20 0.52207 0.446667 0.007891 0.011389
20 0.494297 0.445764 0.007344 0.013194
20 0.498437 0.446181 0.006875 0.010417