5 0.134961 0.483194 0.018203 0.074167
5 0.172344 0.479653 0.010781 0.067083
20 0.315977 0.472431 0.041016 0.052639
20 0.34793 0.465903 0.022891 0.029861
16 0.987852 0.479028 0.024297 0.171111
16 0.942422 0.450903 0.081406 0.126806
16 0.848203 0.424653 0.125781 0.153194
20 0.733477 0.449167 0.061953 0.051389
13 0.540039 0.455764 0.010078 0.033472
16 0.513125 0.440833 0.014063 0.034722
20 0.522891 0.446181 0.006719 0.014306
20 0.488203 0.447361 0.00875 0.019167
15 0.035039 0.419236 0.070078 0.115972