5 0.229453 0.475208 0.009687 0.045972
5 0.242617 0.472222 0.009141 0.047222
5 0.283242 0.462708 0.008984 0.04875
4 0.374219 0.459583 0.004219 0.021667
13 0.384414 0.457986 0.006172 0.023194
15 0.404531 0.439583 0.029219 0.058333
21 0.432305 0.447222 0.021328 0.016111
15 0.454141 0.438333 0.01625 0.040833
16 0.486133 0.440625 0.030391 0.079306
20 0.507695 0.449861 0.011953 0.022778
4 0.519766 0.451319 0.004219 0.015972
13 0.530234 0.456181 0.005781 0.022917
13 0.56918 0.463958 0.007109 0.02625
13 0.615703 0.474792 0.017031 0.069306
20 0.708086 0.481111 0.060234 0.064722