4 0.200625 0.489444 0.014844 0.068333
13 0.336758 0.462014 0.009141 0.038194
20 0.430117 0.439306 0.014766 0.037222
15 0.457266 0.437847 0.013437 0.035972
13 0.438242 0.438958 0.014141 0.031528
16 0.476875 0.437153 0.022813 0.064028
21 0.496406 0.443125 0.008125 0.015417
13 0.522344 0.454861 0.009844 0.045278
13 0.535352 0.453542 0.005859 0.01875
20 0.508281 0.442639 0.010313 0.013056
13 0.513828 0.446736 0.003906 0.014306
20 0.573242 0.449583 0.023672 0.025556
13 0.579531 0.461389 0.012656 0.059167
5 0.601953 0.460764 0.01125 0.05625
5 0.609141 0.456806 0.013125 0.041111
2 0.762539 0.470903 0.078984 0.101806
5 0.932305 0.494722 0.034766 0.184722