5 0.14793 0.471042 0.010859 0.063472
5 0.163867 0.466042 0.014453 0.067361
13 0.219219 0.463264 0.009844 0.051528
4 0.348164 0.451389 0.005547 0.026111
15 0.37957 0.429444 0.040703 0.071944
21 0.425469 0.436319 0.022344 0.017361
15 0.441641 0.427083 0.016094 0.041667
20 0.469922 0.445069 0.0175 0.023194
16 0.483594 0.427431 0.033125 0.087083
20 0.503555 0.442083 0.012109 0.018889
13 0.522539 0.446319 0.005078 0.01875
4 0.535352 0.442917 0.005078 0.025
13 0.573164 0.450833 0.008359 0.033056
13 0.628594 0.46125 0.018594 0.077778
20 0.827187 0.487847 0.110781 0.102639