13 0.31418 0.480069 0.008203 0.035417
20 0.41582 0.458333 0.022734 0.051667
13 0.392344 0.473819 0.005469 0.01875
21 0.428125 0.465972 0.014219 0.016389
15 0.437969 0.459444 0.010937 0.023333
15 0.455859 0.456528 0.012969 0.035278
16 0.482344 0.458403 0.027656 0.074028
20 0.505469 0.468542 0.012187 0.019028
13 0.528125 0.473889 0.005312 0.019444
13 0.557617 0.478611 0.007734 0.027778
13 0.587148 0.489792 0.015234 0.059861
20 0.647383 0.49 0.041172 0.046389
13 0.783984 0.522986 0.038281 0.146528
5 0.827695 0.509306 0.015391 0.119722