5 0.264141 0.442292 0.008281 0.050417
13 0.303242 0.448958 0.029453 0.054583
4 0.356055 0.430694 0.006641 0.028611
13 0.380078 0.424444 0.006719 0.027222
15 0.423789 0.400694 0.037266 0.085556
20 0.474336 0.460833 0.065547 0.094167
13 0.52625 0.427917 0.006406 0.036111
13 0.541289 0.430278 0.009609 0.040278
16 0.593555 0.407292 0.087266 0.205972
13 0.634141 0.437778 0.027344 0.045556
4 0.654062 0.439861 0.0125 0.0625
5 0.686562 0.43 0.008594 0.044444
20 0.71125 0.429792 0.036094 0.047083
20 0.690234 0.427083 0.04375 0.04
13 0.737656 0.437292 0.010625 0.055417
21 0.752695 0.423958 0.059609 0.045139
13 0.771523 0.467361 0.031641 0.110278
13 0.880937 0.492014 0.059063 0.18125