5 0.297617 0.443958 0.007578 0.039861
4 0.328164 0.440694 0.007734 0.037222
15 0.408828 0.405694 0.044062 0.095278
20 0.458906 0.480417 0.0875 0.129444
13 0.519492 0.433403 0.007422 0.037361
13 0.526953 0.435 0.008437 0.040556
16 0.598711 0.409236 0.101641 0.24375
4 0.657617 0.446181 0.012891 0.070417
13 0.693945 0.437014 0.010859 0.04875
20 0.704531 0.437014 0.042969 0.054306
20 0.72957 0.437222 0.043672 0.054722
13 0.768125 0.471181 0.034844 0.119583
13 0.822813 0.488264 0.046406 0.168194
17 0.859883 0.455764 0.040234 0.086806