21 0.880703 0.444167 0.061562 0.063333
20 0.834258 0.456597 0.064453 0.07125
20 0.795391 0.454444 0.04375 0.064722
20 0.730664 0.446875 0.023672 0.043194
13 0.700625 0.464722 0.034063 0.115556
13 0.665664 0.472778 0.024922 0.103611
16 0.604297 0.420417 0.096562 0.23
13 0.524141 0.439306 0.005469 0.019444
15 0.395039 0.415556 0.061953 0.136111
16 0.360703 0.444167 0.0225 0.057222
13 0.305703 0.458194 0.012188 0.048611
4 0.282656 0.460347 0.010937 0.039861
13 0.21457 0.472847 0.014609 0.062639
13 0.141953 0.480903 0.02125 0.072361
20 0.450898 0.566181 0.194453 0.284028