13 0.280352 0.444236 0.016172 0.040139
13 0.348242 0.432222 0.006641 0.031111
15 0.406914 0.401528 0.046953 0.104444
20 0.455 0.501181 0.121094 0.180972
13 0.498086 0.419722 0.004922 0.018056
13 0.509375 0.419792 0.004531 0.019028
13 0.514805 0.422986 0.004297 0.019306
5 0.527227 0.424444 0.005703 0.026111
13 0.532148 0.429653 0.006641 0.040417
16 0.616523 0.403333 0.114141 0.271111
20 0.736992 0.432014 0.053828 0.054028
13 0.758086 0.4675 0.039766 0.128056
13 0.786133 0.481667 0.043359 0.149444
21 0.804297 0.423958 0.057813 0.052361
13 0.830625 0.446389 0.012813 0.072222
21 0.838984 0.430417 0.02875 0.036389
10 0.872461 0.433542 0.031641 0.034583
10 0.924023 0.437014 0.048672 0.045417
17 0.95375 0.456319 0.0925 0.143194