4 0.876211 0.521875 0.046016 0.184306
5 0.858008 0.506319 0.023984 0.114028
5 0.761133 0.487917 0.019453 0.100278
21 0.688555 0.474097 0.076484 0.11875
13 0.607578 0.476944 0.032344 0.103611
4 0.586836 0.463125 0.009141 0.041528
13 0.574844 0.468333 0.013594 0.054167
13 0.636406 0.509236 0.038281 0.135972
16 0.537891 0.442431 0.05375 0.138194
20 0.476016 0.513819 0.099844 0.145139
16 0.40043 0.452431 0.033047 0.042361
17 0.373633 0.444097 0.024609 0.05875
13 0.25082 0.482708 0.014922 0.057639
7 0.326328 0.468889 0.014219 0.034444
15 0.114219 0.344444 0.228437 0.688889