10 0.854531 0.485069 0.038281 0.065972
13 0.75875 0.505972 0.040625 0.127778
13 0.691797 0.484167 0.038281 0.131944
4 0.628359 0.469514 0.012344 0.060417
13 0.610625 0.498333 0.029375 0.116667
13 0.577266 0.469792 0.014219 0.04625
16 0.544648 0.442986 0.052109 0.131528
20 0.471562 0.503194 0.081406 0.120556
21 0.404805 0.454167 0.011328 0.0175
14 0.349648 0.444792 0.031797 0.07625
11 0.031875 0.47625 0.039375 0.08
4 0.064531 0.509097 0.024375 0.092361
4 0.111406 0.474653 0.028906 0.042639
16 0.126641 0.471042 0.024063 0.047917
11 0.222812 0.466944 0.019844 0.029167
20 0.274766 0.451806 0.01375 0.014444
16 0.292617 0.472847 0.051016 0.037083
16 0.368438 0.454375 0.023438 0.04375