20 0.815273 0.470625 0.088828 0.051806
4 0.755977 0.483333 0.018203 0.100278
13 0.738164 0.527639 0.062891 0.188889
5 0.658789 0.467708 0.011641 0.066806
21 0.619883 0.462014 0.050547 0.082917
13 0.594297 0.474097 0.0175 0.065694
13 0.623477 0.470625 0.023984 0.100139
4 0.568047 0.459097 0.007812 0.044861
16 0.534961 0.436597 0.059609 0.152083
21 0.413164 0.445278 0.015547 0.031111
15 0.381445 0.437222 0.028516 0.049444
15 0.242734 0.396875 0.233281 0.360694
21 0.07875 0.483889 0.136094 0.186667
20 0.459844 0.521319 0.114062 0.169306