10 0.961719 0.465486 0.030469 0.04375
21 0.923828 0.457361 0.07125 0.071389
13 0.045742 0.5075 0.036328 0.100278
13 0.122188 0.498264 0.031094 0.065694
16 0.11832 0.455625 0.085547 0.127917
13 0.2275 0.478681 0.013594 0.056528
20 0.886211 0.470069 0.080391 0.087639
20 0.832773 0.468264 0.049922 0.074861
20 0.722266 0.461389 0.042812 0.040278
4 0.698945 0.476944 0.019453 0.085278
13 0.646797 0.47125 0.026562 0.101389
13 0.600742 0.467708 0.011016 0.057639
16 0.555742 0.434375 0.076484 0.19125
13 0.507773 0.448681 0.003828 0.019583
15 0.359375 0.420486 0.084219 0.170417
21 0.306562 0.459653 0.034375 0.075972
20 0.444609 0.547778 0.153594 0.226944