20 0.932578 0.472917 0.097813 0.100278
20 0.868086 0.460833 0.055703 0.066944
20 0.737187 0.462569 0.047969 0.042639
5 0.738477 0.47125 0.010391 0.055278
4 0.701211 0.479861 0.021328 0.093333
13 0.629258 0.468333 0.027891 0.095556
21 0.584258 0.455694 0.029766 0.063333
5 0.607266 0.460764 0.009687 0.050694
13 0.585547 0.471181 0.018125 0.057639
16 0.537578 0.434861 0.06875 0.171667
13 0.498086 0.448681 0.006484 0.019583
13 0.490938 0.450417 0.005156 0.023056
15 0.330547 0.417639 0.108281 0.208611
21 0.263477 0.461944 0.050547 0.092222
13 0.19543 0.483264 0.011641 0.05875
13 0.166875 0.487361 0.022031 0.071389
13 0.101797 0.498264 0.021406 0.072639
5 0.070664 0.498819 0.014922 0.075972
16 0.075195 0.461389 0.091328 0.118611
16 0.199961 0.442986 0.060859 0.095694
20 0.440078 0.532847 0.135469 0.199306