21 0.114297 0.451597 0.0275 0.047917
21 0.298203 0.453056 0.026562 0.036944
21 0.313125 0.456736 0.049219 0.042361
21 0.325625 0.451319 0.031094 0.031528
6 0.367188 0.456458 0.016094 0.042083
11 0.348125 0.447708 0.012969 0.024583
13 0.315234 0.468056 0.015937 0.053056
20 0.476797 0.481667 0.061875 0.091389
16 0.956055 0.415833 0.063203 0.037222
16 0.558945 0.432569 0.063984 0.159583
13 0.605 0.464444 0.016875 0.056111
13 0.699648 0.514375 0.048203 0.167083
16 0.683086 0.452708 0.068516 0.080694
13 0.741758 0.488958 0.032891 0.120694
7 0.822422 0.495764 0.048125 0.130694
16 0.847734 0.422431 0.117812 0.102639