5 0.168125 0.485833 0.012969 0.066389
5 0.182617 0.485417 0.011953 0.074444
21 0.209687 0.473889 0.0525 0.061389
21 0.237617 0.469097 0.042891 0.053472
21 0.261367 0.466319 0.050391 0.047917
6 0.265586 0.478194 0.031953 0.0725
5 0.29043 0.476111 0.009297 0.045556
11 0.294648 0.462361 0.017734 0.041667
21 0.308711 0.463819 0.024141 0.039583
20 0.321328 0.464653 0.0175 0.031528
16 0.013711 0.472153 0.027422 0.081528
20 0.467031 0.489792 0.062031 0.091806
16 0.559844 0.439653 0.075 0.18125
13 0.618437 0.475278 0.019219 0.069722
13 0.790664 0.55625 0.074297 0.242778
16 0.899609 0.430833 0.080937 0.108611
16 0.848047 0.435972 0.116719 0.099722
16 0.821523 0.411528 0.107109 0.076667
15 0.635352 0.445556 0.065547 0.0625
16 0.716758 0.413889 0.060391 0.051389