11 0.139023 0.468681 0.039766 0.051806
16 0.159062 0.461181 0.027344 0.059028
16 0.164219 0.462222 0.033906 0.054444
16 0.201016 0.460556 0.022031 0.057778
16 0.224805 0.447014 0.012422 0.027639
15 0.296641 0.436389 0.07875 0.109722
13 0.347656 0.464236 0.009219 0.039306
20 0.372109 0.449514 0.013906 0.020139
20 0.370312 0.455417 0.010781 0.023333
21 0.386055 0.450347 0.014766 0.020972
13 0.414766 0.453056 0.006562 0.019722
20 0.477109 0.491528 0.067969 0.102778
16 0.545391 0.43875 0.053594 0.135833
13 0.574922 0.46625 0.008906 0.043333
13 0.614414 0.463056 0.014453 0.049167
13 0.659922 0.495972 0.032031 0.117778
4 0.725938 0.483611 0.02375 0.099167
13 0.938242 0.510833 0.073516 0.228333