13 0.980078 0.543472 0.039844 0.223333
13 0.843398 0.493958 0.058984 0.176806
4 0.686914 0.472708 0.016328 0.07875
13 0.658164 0.493056 0.032266 0.1125
13 0.613516 0.45875 0.017031 0.046667
13 0.577969 0.461806 0.010625 0.050556
16 0.548125 0.437014 0.0525 0.132917
20 0.479648 0.493333 0.072422 0.107222
13 0.427344 0.449792 0.006563 0.021806
20 0.381719 0.44875 0.012031 0.020833
15 0.325117 0.436319 0.064453 0.093472
20 0.187695 0.468403 0.027891 0.039583
11 0.199375 0.466667 0.020781 0.040278
16 0.203359 0.458542 0.032656 0.051528
21 0.122695 0.472083 0.023516 0.048333
11 0.092227 0.478333 0.036484 0.059444
21 0.045195 0.483958 0.039453 0.067083
7 0.013047 0.483403 0.026094 0.066528