11 0.028633 0.481181 0.037109 0.064306
20 0.059531 0.472708 0.018594 0.054583
11 0.087695 0.471319 0.016797 0.048194
21 0.10207 0.473194 0.019297 0.051667
21 0.124687 0.471875 0.018594 0.049028
21 0.180273 0.452708 0.023516 0.041806
7 0.163711 0.490556 0.026641 0.078889
15 0.343047 0.437639 0.052656 0.084722
13 0.387852 0.451736 0.011797 0.034583
20 0.473281 0.496111 0.076875 0.113333
16 0.546992 0.439653 0.052891 0.129861
13 0.580508 0.463125 0.012266 0.050139
13 0.614375 0.459861 0.015625 0.039167
13 0.638672 0.495208 0.032969 0.115972
4 0.655312 0.470764 0.010469 0.068194
13 0.764922 0.487361 0.049531 0.149444
13 0.838711 0.523958 0.051172 0.165417
6 0.973086 0.501528 0.053828 0.075278