13 0.340273 0.461667 0.008359 0.034722
13 0.357148 0.457083 0.011328 0.04
20 0.439023 0.449375 0.016641 0.028194
20 0.456211 0.444097 0.007109 0.015139
20 0.48918 0.487014 0.070703 0.105139
5 0.531836 0.450139 0.006328 0.020556
13 0.52293 0.451111 0.006328 0.023056
13 0.541289 0.452708 0.006797 0.027917
16 0.657617 0.417569 0.171953 0.389306
13 0.747109 0.490486 0.030156 0.12125
13 0.927773 0.547569 0.092734 0.269861
13 0.888828 0.497986 0.061406 0.153472
16 0.972383 0.427361 0.055234 0.208333
16 0.951914 0.432361 0.096172 0.185278
16 0.938594 0.435069 0.122813 0.190694
16 0.925547 0.438403 0.148906 0.166528
16 0.886172 0.433472 0.150781 0.152222
16 0.862266 0.432292 0.143906 0.132361
16 0.831875 0.42625 0.122813 0.1225
16 0.810469 0.427917 0.108594 0.099167
15 0.804297 0.412986 0.123438 0.129028