13 0.159531 0.497639 0.020156 0.062222
20 0.228828 0.494028 0.118438 0.117222
16 0.344219 0.445556 0.054531 0.096944
7 0.388633 0.466528 0.007422 0.023889
21 0.425977 0.449792 0.018828 0.045417
20 0.477148 0.499375 0.078047 0.115972
16 0.447188 0.440764 0.016875 0.037083
13 0.528906 0.465278 0.010781 0.050278
20 0.554844 0.465347 0.028906 0.040694
13 0.576367 0.466528 0.011484 0.0575
13 0.608984 0.479097 0.020156 0.084861
13 0.587148 0.465972 0.011484 0.058611
20 0.617422 0.463472 0.030313 0.039444
13 0.657773 0.494028 0.027578 0.117222
5 0.734844 0.481458 0.020156 0.092083
5 0.72168 0.477917 0.016797 0.0825