20 0.465586 0.506458 0.088828 0.13375
13 0.56207 0.473403 0.006328 0.045139
13 0.548945 0.466181 0.010859 0.040139
13 0.533516 0.456528 0.005469 0.036944
16 0.394023 0.429167 0.038047 0.104722
15 0.102344 0.460556 0.204687 0.309167
13 0.370469 0.465417 0.009063 0.032222
16 0.806172 0.434028 0.106875 0.0725
15 0.735508 0.427569 0.028984 0.065972
15 0.737773 0.432361 0.098672 0.053056
15 0.653359 0.4375 0.124688 0.060833
15 0.646406 0.439444 0.12875 0.059444
13 0.568281 0.455556 0.007188 0.031389
4 0.578437 0.459236 0.010156 0.044028