16 0.191992 0.444931 0.081797 0.073194
6 0.309648 0.469375 0.016953 0.034306
13 0.31582 0.472778 0.010703 0.036944
13 0.34793 0.463958 0.008672 0.03125
20 0.454688 0.500903 0.089063 0.131806
20 0.395508 0.441528 0.010859 0.013333
16 0.40043 0.434167 0.012734 0.027222
16 0.406055 0.434861 0.011016 0.020833
16 0.416641 0.434306 0.00875 0.020833
13 0.548242 0.4575 0.006953 0.033611
11 0.601758 0.457778 0.022734 0.042222
16 0.541484 0.439306 0.025312 0.038889
2 0.564883 0.447569 0.014922 0.027917
15 0.844336 0.405625 0.207734 0.228194
15 0.946875 0.399861 0.10625 0.248611