5 0.895312 0.515556 0.039688 0.251111
20 0.790352 0.477292 0.100234 0.090972
20 0.708945 0.468333 0.076016 0.096944
20 0.602266 0.459306 0.061875 0.066944
2 0.546094 0.453403 0.059844 0.076528
13 0.387656 0.451597 0.0175 0.060972
15 0.411523 0.398889 0.086797 0.156667
20 0.337852 0.442014 0.025547 0.029861
13 0.309219 0.44375 0.00875 0.035833
13 0.267891 0.436597 0.013437 0.035972
15 0.299141 0.427639 0.039688 0.056111
6 0.237578 0.429444 0.010781 0.026389
21 0.215703 0.427014 0.012813 0.02625
15 0.155156 0.397708 0.082812 0.190139
20 0.091602 0.464653 0.084766 0.11125
20 0.027969 0.450972 0.055937 0.074167
20 0.072383 0.650764 0.144766 0.466528