13 0.671211 0.482083 0.031641 0.100556
13 0.648359 0.485069 0.042344 0.087361
13 0.610664 0.483889 0.041016 0.0825
4 0.594883 0.479653 0.038984 0.069306
6 0.497305 0.476667 0.031016 0.061111
20 0.470391 0.462292 0.030938 0.029861
20 0.549102 0.466528 0.040391 0.043056
15 0.384609 0.435417 0.054531 0.090833
13 0.341875 0.468333 0.013437 0.022778
20 0.315625 0.465903 0.014844 0.020417
15 0.241953 0.441389 0.054531 0.098056
20 0.252734 0.476667 0.034375 0.053889
21 0.186094 0.474861 0.032969 0.062222
20 0.193867 0.474236 0.032266 0.049028
20 0.106328 0.642361 0.212656 0.406667