21 0.861328 0.482014 0.094219 0.114861
20 0.685352 0.482014 0.080078 0.08375
2 0.618086 0.473681 0.080078 0.093194
13 0.466367 0.477292 0.029609 0.08125
15 0.449883 0.406736 0.104297 0.189028
20 0.368086 0.462917 0.029609 0.035833
13 0.318359 0.457569 0.010781 0.049028
15 0.326094 0.446181 0.04375 0.064583
13 0.276602 0.456389 0.008047 0.034722
20 0.300156 0.453403 0.014844 0.021528
21 0.240273 0.446736 0.012109 0.025139
6 0.259102 0.449792 0.014766 0.02875
15 0.104375 0.412639 0.147969 0.253611
20 0.06832 0.661458 0.136641 0.452083