13 0.991563 0.581944 0.016875 0.1925
13 0.83543 0.517361 0.106953 0.187778
21 0.751328 0.4725 0.077344 0.078889
4 0.746289 0.489792 0.084766 0.130417
20 0.61875 0.455139 0.076094 0.065833
6 0.636602 0.492222 0.104922 0.130278
2 0.505039 0.453889 0.043672 0.058611
15 0.390313 0.406667 0.074063 0.124444
20 0.316328 0.444931 0.020156 0.02875
13 0.30625 0.447361 0.010781 0.038333
20 0.245664 0.438958 0.013516 0.014306
15 0.188477 0.409097 0.051172 0.14125
20 0.163594 0.459931 0.056563 0.080139
21 0.121211 0.450347 0.029609 0.063472
20 0.103047 0.455764 0.037656 0.064583
21 0.065 0.451528 0.054531 0.0825
20 0.090859 0.639931 0.181719 0.435417
20 0.527891 0.442639 0.032969 0.031111