17 0.84918 0.500625 0.106328 0.192639
13 0.775859 0.498194 0.0525 0.151944
13 0.74793 0.504722 0.023516 0.117222
13 0.715625 0.488056 0.050469 0.081389
13 0.671563 0.495833 0.059219 0.113611
4 0.635938 0.48625 0.045781 0.089722
21 0.58375 0.470069 0.070625 0.059861
6 0.531641 0.485 0.039062 0.0825
20 0.480156 0.461667 0.034375 0.043056
15 0.380898 0.429444 0.067266 0.105278
20 0.31293 0.461736 0.025547 0.021528
13 0.31668 0.462917 0.010078 0.035833
15 0.212031 0.432431 0.057812 0.115972
20 0.210664 0.474306 0.040391 0.063333
21 0.149453 0.465347 0.048438 0.057361
21 0.146094 0.467708 0.044375 0.055139
21 0.131289 0.469444 0.043047 0.058611
20 0.105 0.644722 0.21 0.413889