20 0.942422 0.512569 0.115156 0.123194
5 0.736836 0.512569 0.025547 0.149583
20 0.637617 0.49875 0.055859 0.074167
15 0.557852 0.461736 0.086172 0.122083
13 0.478828 0.479653 0.012812 0.057361
13 0.463008 0.467083 0.009453 0.041944
20 0.453594 0.454514 0.010781 0.02625
20 0.446836 0.453333 0.014766 0.026389
21 0.437109 0.444931 0.00875 0.021528
8 0.4125 0.438403 0.030937 0.070694
15 0.380586 0.435972 0.016797 0.034722
16 0.368477 0.439653 0.016797 0.025139
17 0.344258 0.447986 0.010078 0.025139
20 0.32875 0.447986 0.016875 0.020417
20 0.206641 0.578056 0.244844 0.29