2 0.14875 0.468472 0.055156 0.062222
15 0.287969 0.416111 0.065156 0.100556
16 0.363125 0.430278 0.036875 0.043889
15 0.379297 0.420347 0.045625 0.083472
20 0.417617 0.435556 0.016172 0.023333
8 0.440117 0.419722 0.034453 0.078889
16 0.468555 0.427431 0.015703 0.03875
21 0.482188 0.436597 0.015781 0.032639
6 0.491055 0.441319 0.013828 0.036806
13 0.514141 0.461111 0.017031 0.066667
5 0.545156 0.441528 0.009063 0.036944
21 0.645312 0.445556 0.040312 0.0575
16 0.865781 0.385764 0.268437 0.242917
20 0.859766 0.472569 0.082031 0.112639