16 0.137812 0.435139 0.0825 0.122778
13 0.178047 0.471042 0.016562 0.05875
17 0.181914 0.459792 0.029609 0.046806
20 0.203437 0.455208 0.036719 0.034583
11 0.249961 0.446736 0.039141 0.054583
15 0.303789 0.399375 0.094297 0.134583
14 0.428086 0.414375 0.048516 0.107639
16 0.468047 0.424861 0.011875 0.031389
16 0.480117 0.427778 0.015703 0.044444
21 0.480937 0.435208 0.02 0.040972
6 0.503047 0.443681 0.018125 0.050139
6 0.510391 0.434444 0.013594 0.031111
13 0.550586 0.444931 0.010859 0.042639
13 0.627188 0.538264 0.060469 0.237361
20 0.762344 0.447222 0.053594 0.051944
20 0.687695 0.405833 0.087734 0.095556