20 0.190039 0.464306 0.047578 0.046944
11 0.21875 0.452778 0.041875 0.055278
16 0.287031 0.434792 0.040312 0.067083
20 0.293828 0.459861 0.052969 0.059444
11 0.316641 0.443611 0.019062 0.035
13 0.352227 0.451389 0.005703 0.022222
20 0.376445 0.453542 0.026328 0.03375
15 0.396797 0.426042 0.030469 0.064583
8 0.435664 0.424375 0.042109 0.095972
16 0.465508 0.431042 0.010703 0.028472
16 0.481328 0.428819 0.014375 0.035139
21 0.483672 0.44375 0.01875 0.038333
6 0.503633 0.449653 0.015547 0.044028
13 0.546289 0.487361 0.030859 0.115833
5 0.639766 0.46875 0.019062 0.084167