15 0.085273 0.423542 0.170547 0.25625
15 0.255352 0.404583 0.148828 0.185
20 0.347266 0.451389 0.029844 0.044167
20 0.385469 0.444167 0.0225 0.030278
20 0.418945 0.440972 0.016953 0.021667
8 0.436523 0.423611 0.037734 0.082778
16 0.461953 0.429097 0.010781 0.030694
16 0.475195 0.430486 0.014141 0.039028
21 0.484102 0.440903 0.017734 0.035694
6 0.496719 0.444861 0.014063 0.04
13 0.527148 0.471181 0.021797 0.085417
5 0.574219 0.452847 0.010469 0.053472
21 0.773633 0.460694 0.080859 0.106111
20 0.881602 0.447778 0.098359 0.064722