4 0.044727 0.494792 0.039766 0.082639
13 0.078633 0.495417 0.031328 0.100556
20 0.191875 0.577847 0.249219 0.294028
15 0.220273 0.418194 0.098828 0.136667
15 0.342891 0.418333 0.071406 0.106944
20 0.404805 0.445069 0.018047 0.027083
20 0.377305 0.454236 0.034141 0.047361
8 0.438086 0.426389 0.034922 0.086111
16 0.472227 0.433403 0.016016 0.037639
21 0.48375 0.443403 0.016719 0.03375
6 0.494258 0.448264 0.013672 0.037639
13 0.519648 0.471042 0.019922 0.075139
5 0.558164 0.453333 0.009297 0.045278
21 0.692266 0.457014 0.055 0.075139
16 0.929414 0.355417 0.141172 0.364167