16 0.145742 0.450347 0.046484 0.072917
20 0.184766 0.454514 0.051875 0.045417
16 0.236914 0.427639 0.079453 0.063333
16 0.272227 0.433056 0.016797 0.035833
16 0.271563 0.420486 0.053125 0.049028
16 0.345586 0.427639 0.080078 0.183056
21 0.393672 0.449792 0.020156 0.088472
15 0.400742 0.401319 0.038359 0.065694
21 0.478125 0.507222 0.15 0.308611
20 0.638281 0.436667 0.070625 0.043056
13 0.621445 0.447986 0.014141 0.063472
13 0.673242 0.467708 0.023516 0.098194
13 0.904375 0.558611 0.096875 0.299167