16 0.046133 0.440208 0.069297 0.114861
16 0.061992 0.439583 0.075391 0.104167
20 0.10168 0.459931 0.032266 0.060972
20 0.112422 0.459306 0.026875 0.050278
20 0.120859 0.455139 0.032969 0.051389
20 0.134648 0.456319 0.020234 0.049028
16 0.193516 0.44375 0.063906 0.062222
20 0.131641 0.456319 0.037031 0.049028
16 0.258477 0.424028 0.067266 0.096944
9 0.345586 0.423472 0.024922 0.047778
16 0.391016 0.423472 0.063281 0.129167
21 0.473086 0.500625 0.143984 0.297917
16 0.296445 0.418611 0.038359 0.050278
20 0.568281 0.430625 0.059844 0.038194
13 0.597227 0.437847 0.011484 0.045417
13 0.607969 0.461736 0.019531 0.093194
13 0.923867 0.557431 0.091484 0.30375