13 0.617422 0.481458 0.019531 0.084861
13 0.598594 0.461736 0.012812 0.047917
21 0.476133 0.520903 0.141953 0.297917
11 0.409844 0.445556 0.040312 0.096944
13 0.388633 0.445 0.011484 0.026389
9 0.366133 0.440764 0.022891 0.041806
16 0.32 0.440208 0.059844 0.079028
20 0.267188 0.459375 0.033594 0.033472
16 0.231523 0.451528 0.056484 0.051389
16 0.086523 0.455764 0.101641 0.102917
16 0.114805 0.450972 0.065234 0.098056
16 0.129609 0.451528 0.063906 0.089722
16 0.015859 0.455764 0.031719 0.095694
20 0.162891 0.470139 0.032344 0.050278
20 0.175039 0.467708 0.033672 0.052639
20 0.186797 0.467083 0.031563 0.041944