11 0.944102 0.470694 0.111797 0.216389
17 0.696445 0.485625 0.057891 0.124306
16 0.693125 0.446736 0.083438 0.118472
21 0.615078 0.445556 0.045781 0.096944
21 0.556172 0.513194 0.1325 0.265556
16 0.384297 0.447986 0.072656 0.159028
21 0.446836 0.455139 0.018828 0.034722
20 0.466875 0.453194 0.015469 0.023056
20 0.307773 0.45875 0.016016 0.024722
13 0.291211 0.468264 0.024766 0.044306
21 0.219727 0.466736 0.035547 0.034306
20 0.201016 0.471944 0.029219 0.038056
20 0.158945 0.474514 0.062891 0.053194
20 0.033945 0.4975 0.067891 0.065
20 0.019805 0.501042 0.039609 0.067083