15 0.567617 0.449792 0.146016 0.071806
5 0.514141 0.470069 0.016094 0.057361
12 0.532969 0.478472 0.014844 0.050278
16 0.484883 0.456944 0.042422 0.031111
16 0.414531 0.453333 0.068594 0.050278
13 0.387969 0.467083 0.018125 0.041944
13 0.439102 0.475486 0.011484 0.05375
16 0.333789 0.447361 0.073984 0.184167
20 0.286719 0.458125 0.0175 0.021528
13 0.263164 0.455694 0.008047 0.031111
13 0.254102 0.457569 0.007422 0.029861
20 0.154492 0.464097 0.028984 0.033472
15 0.072383 0.443125 0.144766 0.099306
11 0.059297 0.47125 0.041719 0.074167
20 0.016875 0.48625 0.03375 0.058611