16 0.657422 0.450972 0.107656 0.047778
15 0.607344 0.450903 0.133906 0.08375
12 0.597227 0.494028 0.020859 0.069444
12 0.569609 0.486806 0.016875 0.057222
16 0.521211 0.455694 0.042422 0.043056
16 0.437734 0.455139 0.074688 0.056111
15 0.505039 0.441389 0.086797 0.069444
13 0.451875 0.481458 0.018125 0.063472
13 0.388633 0.466458 0.012734 0.045417
13 0.376523 0.464653 0.010078 0.037083
16 0.316641 0.445 0.085469 0.210556
13 0.256797 0.459931 0.00875 0.032361
20 0.136328 0.464653 0.032969 0.049028
21 0.101367 0.461736 0.031641 0.052639
15 0.053203 0.437778 0.106406 0.124444