5 0.962891 0.556806 0.059219 0.199722
15 0.809141 0.440208 0.199844 0.131528
16 0.541055 0.445556 0.106328 0.085
15 0.643008 0.425208 0.152734 0.080139
13 0.473438 0.455208 0.00875 0.037083
13 0.462344 0.459306 0.010781 0.047778
21 0.425664 0.441389 0.011484 0.028611
20 0.397383 0.460556 0.034297 0.050278
16 0.321367 0.430069 0.113672 0.252361
13 0.222148 0.454514 0.012109 0.047917
20 0.136328 0.481458 0.101562 0.094583
20 0.078477 0.459931 0.071953 0.068194
21 0.023242 0.452778 0.046484 0.089722