16 0.776211 0.440139 0.152734 0.105278
15 0.687383 0.438403 0.162109 0.104028
12 0.724727 0.507153 0.025547 0.100417
12 0.682344 0.504167 0.037656 0.094444
16 0.591523 0.446806 0.067266 0.053889
16 0.484844 0.446181 0.092188 0.067083
16 0.564922 0.423403 0.112344 0.064583
13 0.480156 0.475486 0.016875 0.080139
13 0.41457 0.455694 0.018828 0.043056
21 0.385586 0.445556 0.018828 0.032222
20 0.365078 0.465278 0.032969 0.038333
16 0.313945 0.432431 0.097578 0.225972
13 0.256445 0.452153 0.012109 0.038194
13 0.244961 0.452778 0.012109 0.046667
13 0.265859 0.452778 0.013437 0.034722
20 0.115469 0.455694 0.046406 0.055
21 0.069375 0.445625 0.047031 0.060972
15 0.028281 0.418056 0.056563 0.156667