13 0.471289 0.466736 0.015703 0.054306
5 0.549258 0.476111 0.016641 0.096944
10 0.683047 0.498472 0.069062 0.0675
20 0.449062 0.456111 0.019219 0.035833
19 0.594961 0.447986 0.088203 0.155972
16 0.116875 0.477986 0.23375 0.955972
15 0.275078 0.423681 0.106875 0.215972
15 0.350977 0.430764 0.046172 0.091528
13 0.464805 0.458889 0.007734 0.018333
20 0.390039 0.461667 0.018203 0.018889
16 0.969297 0.462708 0.061406 0.199583
16 0.900117 0.459097 0.081172 0.137083
16 0.82668 0.450069 0.076484 0.147917
13 0.455508 0.460972 0.006797 0.021389
13 0.447891 0.46125 0.006875 0.024444
20 0.77293 0.467014 0.045234 0.091806
10 0.690703 0.460903 0.072813 0.068194