13 0.3075 0.479653 0.009375 0.031806
6 0.027266 0.513056 0.054531 0.097222
5 0.111797 0.488194 0.017969 0.069167
10 0.156094 0.487917 0.034062 0.048889
17 0.348555 0.467917 0.018984 0.042222
16 0.397578 0.446806 0.015156 0.019167
21 0.400742 0.447639 0.025703 0.025556
20 0.422227 0.441875 0.019453 0.034028
15 0.450977 0.439375 0.011016 0.024028
15 0.472617 0.435625 0.008516 0.025694
20 0.468594 0.465347 0.030938 0.053472
20 0.489648 0.450903 0.013516 0.022917
5 0.503867 0.45125 0.006172 0.020833
13 0.514961 0.467639 0.014141 0.042778
13 0.531758 0.483056 0.018203 0.075556
13 0.571719 0.481389 0.022187 0.076667
5 0.626172 0.456736 0.025 0.05625
5 0.618008 0.462708 0.011328 0.047917
15 0.88918 0.439514 0.221641 0.443194