6 0.263945 0.467847 0.026016 0.065972
11 0.390469 0.453056 0.040469 0.053333
20 0.497695 0.460208 0.028672 0.045972
20 0.463555 0.433472 0.015391 0.034722
21 0.438945 0.439375 0.019609 0.017361
13 0.562031 0.469306 0.015625 0.063333
13 0.576055 0.464028 0.011797 0.0575
19 0.347344 0.445278 0.043906 0.060833
10 0.531719 0.453542 0.010625 0.039306
13 0.541094 0.452778 0.005781 0.045
13 0.60875 0.447083 0.036875 0.046111
15 0.668398 0.440764 0.088672 0.175972
20 0.515898 0.445972 0.015547 0.022778
13 0.61125 0.442569 0.020781 0.038194