13 0.243281 0.48 0.015781 0.040833
17 0.320508 0.45375 0.024297 0.053611
5 0.121562 0.464306 0.011563 0.048333
20 0.475898 0.453958 0.031797 0.061528
21 0.403242 0.427014 0.020391 0.023194
16 0.422734 0.426042 0.025469 0.03125
15 0.458398 0.415278 0.012734 0.025556
20 0.495781 0.429375 0.012188 0.017917
13 0.513281 0.429861 0.00375 0.018889
13 0.523633 0.441806 0.007266 0.032778
13 0.533711 0.449444 0.011484 0.048056
13 0.545625 0.466111 0.017969 0.083889
13 0.600469 0.471042 0.0275 0.09125
13 0.638437 0.455972 0.029687 0.057222
5 0.665195 0.447917 0.010859 0.060556
6 0.678047 0.453056 0.025 0.038611
5 0.894766 0.472153 0.01625 0.082917