11 0.246953 0.476736 0.101719 0.132083
19 0.30582 0.444583 0.036172 0.071944
13 0.351172 0.464792 0.007969 0.025417
17 0.380312 0.451806 0.013594 0.033889
21 0.415 0.439306 0.020781 0.024167
13 0.436445 0.432083 0.016016 0.041111
15 0.461562 0.429375 0.010312 0.025972
15 0.481914 0.424028 0.012109 0.022778
20 0.477813 0.455764 0.028125 0.048472
20 0.4975 0.440625 0.010625 0.018194
13 0.540156 0.466597 0.016719 0.068472
15 0.792656 0.436111 0.269844 0.243056
5 0.607383 0.447083 0.017266 0.040556
5 0.622695 0.436736 0.014922 0.034861