16 0.651055 0.422292 0.026172 0.076528
16 0.61875 0.4175 0.042344 0.069444
20 0.131641 0.467083 0.037031 0.039444
20 0.170313 0.465903 0.032344 0.037083
20 0.238281 0.456944 0.021563 0.031111
20 0.283008 0.4575 0.058516 0.034722
15 0.34793 0.439583 0.044453 0.065833
13 0.556055 0.450972 0.010391 0.033611
20 0.527344 0.45125 0.030156 0.049167
20 0.508633 0.440486 0.012422 0.020417
20 0.502305 0.437431 0.008203 0.016528
14 0.498789 0.425694 0.017422 0.036944
20 0.486523 0.441944 0.012734 0.020556
20 0.482266 0.435486 0.009844 0.014583
16 0.46625 0.431736 0.009844 0.017083
14 0.439219 0.429931 0.023906 0.059583
20 0.427812 0.441736 0.012969 0.027083