20 0.542578 0.458889 0.041719 0.054722
20 0.486875 0.458125 0.031719 0.043472
5 0.627266 0.450903 0.01 0.045139
20 0.418477 0.449306 0.018047 0.0225
20 0.435664 0.447639 0.019922 0.025833
20 0.898555 0.454931 0.065234 0.059583
20 0.454258 0.446111 0.011797 0.016111
20 0.419375 0.450069 0.014531 0.020972
16 0.28 0.440764 0.063281 0.084861
5 0.210352 0.476736 0.011484 0.068194
13 0.169297 0.481458 0.019531 0.082639
13 0.094922 0.501806 0.035 0.120833
2 0.131602 0.470694 0.059922 0.053889
20 0.017852 0.485625 0.035703 0.052639
10 0.005078 0.503056 0.010156 0.132778
20 0.85332 0.439514 0.028203 0.056528
16 0.510469 0.434236 0.011875 0.022917