16 0.092617 0.483819 0.073359 0.087361
13 0.130586 0.513125 0.029609 0.114861
13 0.671758 0.490972 0.029453 0.100556
20 0.557539 0.461875 0.020547 0.026528
20 0.532578 0.465347 0.030469 0.047361
20 0.489336 0.463403 0.021641 0.031528
20 0.500703 0.461875 0.01 0.024583
20 0.481328 0.458958 0.01 0.01875
15 0.482461 0.445139 0.017734 0.050278
20 0.465234 0.459861 0.011094 0.012778
20 0.453867 0.462847 0.012734 0.014861
15 0.43168 0.445139 0.033828 0.066111
20 0.413398 0.465833 0.011641 0.026667
20 0.303906 0.507708 0.07875 0.100417