13 0.771484 0.501181 0.050469 0.153194
20 0.679336 0.448611 0.027578 0.031111
20 0.573359 0.454583 0.028281 0.038333
20 0.521211 0.452778 0.031641 0.053889
20 0.475117 0.453958 0.026953 0.037083
20 0.466016 0.451597 0.018125 0.029861
15 0.469063 0.428819 0.0175 0.044306
15 0.345273 0.424097 0.088828 0.16625
20 0.399414 0.453403 0.022266 0.040694
20 0.427344 0.449167 0.009375 0.015556
20 0.443828 0.448542 0.011406 0.016806
20 0.292773 0.458681 0.029609 0.025139
13 0.295117 0.459931 0.007422 0.049028
13 0.21875 0.467708 0.112969 0.059861
5 0.02293 0.473681 0.012109 0.059861