2 0.812031 0.460556 0.182031 0.103056
4 0.690195 0.4775 0.025391 0.111111
20 0.586992 0.476458 0.067266 0.09125
20 0.482812 0.469375 0.061562 0.082083
15 0.487227 0.41625 0.025547 0.0725
16 0.513594 0.422708 0.014531 0.03375
16 0.451094 0.43 0.01625 0.048333
20 0.441914 0.438333 0.018516 0.019167
11 0.409648 0.437917 0.018516 0.028889
14 0.448281 0.420556 0.016562 0.028611
16 0.340938 0.431528 0.031406 0.081111
20 0.11293 0.521042 0.183047 0.212917
6 0.391875 0.439792 0.014844 0.030417
15 0.426914 0.424931 0.019453 0.034028
13 0.539687 0.448958 0.009375 0.034306