13 0.79 0.634028 0.102344 0.425833
15 0.698125 0.414444 0.123125 0.206944
13 0.702852 0.503542 0.035703 0.145972
17 0.61875 0.465903 0.035625 0.096806
2 0.553828 0.452708 0.026875 0.049028
20 0.516836 0.4725 0.053828 0.076667
16 0.544063 0.421667 0.028906 0.077778
20 0.492266 0.465903 0.034375 0.05625
16 0.482812 0.433611 0.02625 0.051389
20 0.463672 0.455764 0.018906 0.02875
14 0.408164 0.440764 0.059922 0.094583
15 0.320352 0.434236 0.088828 0.095694
15 0.246016 0.436597 0.116406 0.126806
15 0.093555 0.434167 0.187109 0.2225
21 0.444805 0.446111 0.018516 0.037778