13 0.796406 0.538264 0.06125 0.227361
17 0.638281 0.477847 0.047813 0.123194
16 0.645703 0.419861 0.092188 0.136389
20 0.534297 0.474861 0.0525 0.086111
15 0.538672 0.420417 0.028906 0.0825
20 0.498984 0.470069 0.039688 0.057361
20 0.431367 0.464722 0.033672 0.041944
8 0.456953 0.434236 0.039062 0.064583
21 0.408164 0.452708 0.027578 0.044306
14 0.320352 0.446806 0.119766 0.151944
15 0.265195 0.429444 0.133203 0.131667
15 0.143711 0.435417 0.211953 0.191389
15 0.018555 0.425833 0.037109 0.256111