20 0.261602 0.457708 0.057891 0.056528
21 0.321836 0.443403 0.038047 0.050972
16 0.323281 0.431944 0.05125 0.063333
20 0.411914 0.484236 0.103672 0.151528
16 0.430469 0.415903 0.077969 0.088194
20 0.472383 0.439167 0.024922 0.0275
20 0.50082 0.439514 0.019609 0.027361
2 0.521563 0.453403 0.040781 0.05875
20 0.58168 0.478194 0.067109 0.112778
15 0.592344 0.406181 0.055156 0.132361
13 0.666836 0.435972 0.006641 0.029722
15 0.68582 0.420278 0.012891 0.029167
21 0.686172 0.43 0.01 0.018889
16 0.795469 0.410556 0.088125 0.116111