21 0.032891 0.469097 0.065781 0.08625
15 0.236641 0.429028 0.128438 0.139444
20 0.317734 0.490833 0.112656 0.153611
20 0.393047 0.451667 0.021406 0.030556
20 0.350859 0.455417 0.034219 0.030556
14 0.425898 0.437917 0.032734 0.05
2 0.453672 0.459931 0.037188 0.054583
20 0.499922 0.473194 0.050625 0.084167
15 0.510938 0.416597 0.049531 0.127083
15 0.548594 0.432639 0.017031 0.035278
13 0.571914 0.45375 0.006484 0.020278
20 0.581641 0.444931 0.011875 0.015694
21 0.595391 0.443264 0.010625 0.019028
20 0.569492 0.442431 0.009922 0.017361
5 0.71125 0.464167 0.014844 0.053056