20 0.023438 0.492431 0.046875 0.075972
20 0.066289 0.492708 0.047266 0.050139
21 0.126016 0.477708 0.057969 0.068472
16 0.136367 0.462778 0.077422 0.088056
15 0.284687 0.442292 0.103906 0.115139
20 0.325352 0.501319 0.105547 0.144583
20 0.377578 0.466181 0.026875 0.029861
20 0.413555 0.465 0.025859 0.026667
2 0.448516 0.473819 0.038438 0.05375
20 0.49918 0.490069 0.053672 0.090417
15 0.5125 0.430764 0.049844 0.129306
13 0.575273 0.462708 0.008828 0.033194
15 0.570898 0.445347 0.023203 0.031806
21 0.596211 0.455417 0.011953 0.020833
15 0.838789 0.42375 0.142266 0.209722