13 0.906094 0.495208 0.039687 0.129306
20 0.95418 0.451597 0.051172 0.068194
4 0.846172 0.4725 0.023594 0.086111
20 0.710938 0.508958 0.11375 0.154306
13 0.645352 0.452153 0.040391 0.050139
20 0.63625 0.435417 0.034375 0.031111
20 0.60125 0.443194 0.019531 0.0275
20 0.593867 0.432431 0.014141 0.020417
16 0.539687 0.385764 0.092813 0.27625
20 0.479805 0.447986 0.016172 0.025139
20 0.5 0.449792 0.041719 0.040694
13 0.423633 0.451597 0.027578 0.037083
13 0.406133 0.451597 0.019453 0.044306
2 0.337148 0.483889 0.126484 0.144722
20 0.147773 0.467708 0.066641 0.067083
20 0.069023 0.477292 0.101641 0.114861
20 0.042773 0.506528 0.085547 0.156667