20 0.724375 0.515 0.133906 0.163889
20 0.624805 0.436597 0.018203 0.033472
20 0.619102 0.441389 0.020234 0.040556
20 0.612695 0.442569 0.010078 0.045417
13 0.601602 0.443125 0.005391 0.025139
20 0.584102 0.439583 0.018828 0.022778
16 0.525234 0.377986 0.0975 0.30625
20 0.475117 0.449792 0.040391 0.040694
13 0.448203 0.447361 0.021563 0.038333
13 0.420273 0.452153 0.028984 0.040694
2 0.285703 0.504167 0.168906 0.190278
20 0.17332 0.459931 0.065234 0.037083
20 0.123203 0.458125 0.048437 0.052639
20 0.035352 0.468333 0.070703 0.063333