20 0.610703 0.474861 0.02625 0.050278
13 0.593203 0.487986 0.019531 0.076528
14 0.43543 0.412083 0.073984 0.218889
2 0.352969 0.504792 0.105625 0.153194
20 0.235234 0.488681 0.088125 0.099306
20 0.140039 0.48625 0.061953 0.049167
13 0.545352 0.471389 0.010078 0.046667
13 0.551055 0.469722 0.009453 0.033611
13 0.533438 0.466875 0.007344 0.03375
13 0.521914 0.470486 0.009766 0.04375
20 0.518437 0.457431 0.011875 0.022639
20 0.488633 0.460139 0.016797 0.020278
20 0.484727 0.448819 0.007266 0.014861