21 0.671211 0.485625 0.097578 0.157917
13 0.572656 0.483264 0.009375 0.067083
20 0.586484 0.470694 0.02625 0.041944
16 0.42332 0.410833 0.082109 0.226111
2 0.334141 0.505417 0.112344 0.171111
20 0.294766 0.475486 0.051094 0.065694
20 0.166914 0.482639 0.047109 0.041944
6 0.093945 0.492847 0.058516 0.071806
13 0.531641 0.467847 0.009219 0.042917
5 0.521406 0.461458 0.007969 0.031528
13 0.50832 0.469444 0.008203 0.041944
20 0.504063 0.454028 0.012344 0.025278
20 0.468594 0.455833 0.020156 0.023056
20 0.473086 0.447083 0.006797 0.016389
13 0.494063 0.451458 0.002813 0.015972