13 0.625156 0.494028 0.032344 0.143611
5 0.606328 0.465556 0.010937 0.074167
13 0.570586 0.477083 0.022891 0.099722
13 0.560977 0.451042 0.010547 0.047639
13 0.537031 0.460347 0.012656 0.054861
21 0.510039 0.439792 0.016484 0.032639
2 0.461445 0.476181 0.067422 0.114583
15 0.402578 0.393403 0.082344 0.214028
8 0.28293 0.420625 0.057266 0.085139
15 0.229766 0.417639 0.078594 0.094722
13 0.04418 0.478611 0.017734 0.060833
13 0.064375 0.470347 0.033906 0.052639
15 0.111289 0.454028 0.052578 0.067778
16 0.076758 0.456042 0.041484 0.073194