5 0.755312 0.453889 0.018125 0.094444
13 0.66168 0.457917 0.021328 0.095556
13 0.614687 0.460208 0.025937 0.08875
5 0.636094 0.452708 0.009063 0.050694
8 0.089297 0.412986 0.178594 0.192361
15 0.604063 0.434444 0.036563 0.065833
13 0.539492 0.453125 0.006484 0.028472
20 0.522969 0.449167 0.015469 0.020556
15 0.408086 0.370417 0.100078 0.261667
13 0.314492 0.447778 0.006016 0.021389
20 0.291719 0.449583 0.016562 0.017778
13 0.271406 0.450486 0.005 0.024861
13 0.263672 0.450486 0.0075 0.026806
20 0.240664 0.452222 0.028516 0.030278
21 0.224883 0.450069 0.028047 0.036528
21 0.205586 0.452708 0.033516 0.059583
20 0.167305 0.473611 0.093047 0.113889
13 0.125 0.464722 0.021563 0.081944
15 0.656484 0.402639 0.092656 0.148611
2 0.476367 0.468333 0.090078 0.173889