13 0.676914 0.496528 0.034922 0.115278
15 0.767969 0.406111 0.188594 0.256944
16 0.653906 0.463681 0.056406 0.095694
20 0.604336 0.478125 0.016797 0.041528
13 0.560234 0.482708 0.009063 0.032361
13 0.531094 0.480417 0.009063 0.034444
15 0.40668 0.400347 0.097266 0.275417
5 0.249531 0.481597 0.007187 0.027639
20 0.249531 0.483333 0.021406 0.017222
13 0.223281 0.483333 0.011719 0.031111
13 0.216797 0.492569 0.027187 0.019583
20 0.172422 0.490833 0.040781 0.039167
13 0.165938 0.483889 0.012344 0.036944
21 0.147461 0.487917 0.036328 0.049444
21 0.112813 0.486806 0.05375 0.070278
15 0.044883 0.487361 0.089766 0.092222
2 0.474727 0.486181 0.108828 0.22125