13 0.797773 0.532847 0.040859 0.169306
13 0.691797 0.5225 0.035 0.1325
15 0.682422 0.47 0.084844 0.133611
13 0.559609 0.494236 0.009063 0.034583
13 0.529805 0.4925 0.007734 0.031111
20 0.52625 0.484444 0.013594 0.021944
15 0.393047 0.41875 0.097187 0.273056
20 0.333437 0.494306 0.038906 0.039167
20 0.215859 0.499444 0.030469 0.033333
13 0.184727 0.501736 0.017422 0.040417
20 0.149063 0.508681 0.043437 0.02875
20 0.118008 0.508681 0.046016 0.049583
21 0.081055 0.508056 0.055078 0.064444
21 0.033867 0.508056 0.067734 0.085278
13 0.01918 0.516181 0.024609 0.07375
2 0.462422 0.515 0.111406 0.221111