13 0.896914 0.501736 0.036953 0.155417
13 0.704453 0.526528 0.05125 0.202778
13 0.639023 0.46375 0.016172 0.079444
13 0.601094 0.467153 0.018125 0.077083
5 0.542773 0.457361 0.005234 0.025278
20 0.519766 0.44875 0.014844 0.033333
15 0.417031 0.388194 0.095938 0.241944
20 0.304297 0.461944 0.045312 0.062222
20 0.282266 0.448125 0.011719 0.018472
21 0.268672 0.457361 0.027188 0.036944
13 0.249219 0.457917 0.011719 0.045
8 0.182461 0.423958 0.119297 0.147361
20 0.208398 0.480417 0.089453 0.106111
15 0.088789 0.419931 0.134141 0.164861
13 0.094648 0.470069 0.022734 0.057639
4 0.00957 0.474028 0.019141 0.070278
15 0.633555 0.41375 0.068359 0.125278
13 0.346836 0.449375 0.008516 0.014306
13 0.335898 0.454097 0.006953 0.019861
2 0.485117 0.475278 0.081641 0.164722