16 0.825 0.406667 0.128906 0.149722
13 0.648711 0.455069 0.016172 0.062083
7 0.621172 0.438403 0.011719 0.042639
20 0.59332 0.432569 0.018203 0.033472
13 0.600742 0.445833 0.011016 0.036944
16 0.575469 0.422222 0.021406 0.026389
11 0.546328 0.465417 0.064219 0.110556
15 0.493555 0.401458 0.067109 0.15125
13 0.443008 0.433958 0.008047 0.032917
21 0.420977 0.432639 0.023984 0.025
20 0.399961 0.436597 0.020078 0.024028
20 0.381445 0.436667 0.021016 0.029444
21 0.205234 0.449583 0.039062 0.060556
20 0.141641 0.461111 0.061094 0.060556