16 0.767305 0.398056 0.086172 0.086389
13 0.799727 0.524792 0.060234 0.192361
16 0.613438 0.415903 0.022031 0.029861
7 0.624727 0.435486 0.011016 0.041528
13 0.647109 0.453333 0.011719 0.054167
21 0.594297 0.432569 0.014844 0.033472
13 0.604336 0.448125 0.012891 0.041528
15 0.493516 0.402708 0.067344 0.160139
11 0.538555 0.457917 0.065391 0.141667
9 0.13625 0.428125 0.147344 0.178472
21 0.442227 0.430972 0.022578 0.0225
20 0.427695 0.436458 0.027266 0.023472
20 0.406094 0.433542 0.021563 0.024306
21 0.261797 0.445208 0.033281 0.050972
20 0.220742 0.454375 0.038516 0.047639