13 0.662148 0.499375 0.037734 0.137639
7 0.650391 0.479653 0.030312 0.088472
13 0.577031 0.461111 0.015469 0.058611
21 0.583437 0.437222 0.021563 0.041944
2 0.518164 0.470694 0.057891 0.096944
15 0.482852 0.406667 0.065234 0.136389
16 0.331133 0.435972 0.060547 0.096944
11 0.282344 0.445556 0.028906 0.041944
13 0.235898 0.458125 0.018203 0.057361
20 0.255742 0.456319 0.026953 0.032361
20 0.228164 0.4575 0.036328 0.046667
20 0.193203 0.455694 0.045781 0.050278
20 0.158203 0.462917 0.030938 0.0525