16 0.751289 0.401944 0.069297 0.11
13 0.879805 0.599861 0.104297 0.355278
20 0.647695 0.442569 0.012734 0.016806
13 0.637266 0.449792 0.008125 0.045417
21 0.594883 0.447986 0.022891 0.049028
11 0.557539 0.471319 0.066641 0.112361
15 0.511094 0.404931 0.072031 0.154306
20 0.459961 0.445 0.028984 0.038333
20 0.415898 0.456319 0.047109 0.05625
4 0.319688 0.453333 0.008125 0.055
20 0.302852 0.452778 0.031016 0.034722
20 0.274258 0.453333 0.043672 0.043056
6 0.243984 0.454514 0.031562 0.057361
13 0.033047 0.470069 0.043125 0.122083