4 0.305938 0.441875 0.007344 0.033472
20 0.348125 0.444444 0.035625 0.039722
14 0.352852 0.429028 0.023359 0.055
20 0.411758 0.467708 0.081953 0.117361
15 0.420937 0.386597 0.07 0.178472
20 0.471133 0.433125 0.010547 0.01375
16 0.457617 0.423472 0.010078 0.025
20 0.521992 0.505208 0.116797 0.174028
20 0.775586 0.436111 0.048984 0.041111
21 0.825781 0.430903 0.051875 0.044306
20 0.828828 0.435208 0.047813 0.042083
20 0.86043 0.438819 0.046641 0.040417
13 0.980078 0.4525 0.016562 0.034444
13 0.609805 0.466181 0.023516 0.099583
15 0.784062 0.362153 0.006562 0.020139