20 0.806172 0.438403 0.048438 0.027639
20 0.780586 0.434792 0.051172 0.029861
21 0.77418 0.423403 0.043672 0.033472
20 0.740195 0.434861 0.047109 0.034722
20 0.717656 0.438403 0.030312 0.032361
13 0.598594 0.467083 0.019531 0.089722
13 0.557188 0.447986 0.013437 0.044306
20 0.516484 0.502986 0.104219 0.147083
16 0.458516 0.428056 0.012031 0.025833
20 0.471992 0.434653 0.007422 0.015417
20 0.084297 0.674583 0.168594 0.463333
13 0.219687 0.465069 0.0175 0.057361
15 0.418633 0.39875 0.074609 0.196389
11 0.385508 0.477292 0.091172 0.130972