15 0.126523 0.432292 0.234922 0.27625
17 0.290625 0.459861 0.016719 0.043333
13 0.317461 0.458472 0.011797 0.033889
20 0.362773 0.435139 0.041172 0.073056
13 0.398086 0.451319 0.005703 0.015972
13 0.409922 0.452153 0.005156 0.016806
15 0.435586 0.422222 0.039766 0.106389
2 0.465859 0.449792 0.015313 0.027917
20 0.455742 0.439167 0.012891 0.03
13 0.481875 0.446528 0.003594 0.013889
20 0.488828 0.445139 0.006875 0.018333
13 0.492891 0.448958 0.002813 0.01125
13 0.523086 0.457708 0.008203 0.037361
13 0.516055 0.453681 0.007734 0.029861