20 0.195742 0.428889 0.080234 0.088333
13 0.246367 0.485833 0.016172 0.061667
13 0.299922 0.471806 0.011406 0.035556
20 0.376172 0.476875 0.039375 0.049028
20 0.460586 0.459306 0.013672 0.020556
15 0.46332 0.444444 0.010547 0.028611
16 0.47957 0.45375 0.017422 0.039444
15 0.49332 0.431944 0.030078 0.0925
2 0.535273 0.46 0.019922 0.031667
13 0.54707 0.458958 0.005859 0.022639
4 0.584609 0.461111 0.005938 0.0325
13 0.420273 0.458194 0.004922 0.015556
13 0.654414 0.477639 0.020078 0.073333
15 0.716172 0.437361 0.118594 0.108333
5 0.781445 0.472431 0.011016 0.054306
13 0.754531 0.476667 0.015625 0.053611