5 0.320078 0.45875 0.009531 0.041667
5 0.337383 0.459444 0.007891 0.024167
5 0.349531 0.459444 0.005781 0.03
15 0.371797 0.43125 0.011563 0.027778
15 0.414609 0.401597 0.0725 0.18375
2 0.471055 0.441181 0.014766 0.027083
16 0.464687 0.429097 0.016875 0.039583
16 0.481992 0.431667 0.012734 0.03
20 0.502969 0.442639 0.013594 0.021111
17 0.519648 0.444097 0.016484 0.050417
13 0.535703 0.452569 0.014844 0.057083
13 0.547891 0.453264 0.008594 0.040972
13 0.649648 0.457986 0.012734 0.043194
16 0.639531 0.420278 0.039531 0.068889