13 0.182734 0.483194 0.022188 0.074167
13 0.240586 0.474931 0.020859 0.040694
8 0.354023 0.435972 0.018828 0.039444
15 0.404805 0.398889 0.084141 0.214167
2 0.460977 0.444931 0.016172 0.02875
16 0.732812 0.425903 0.067344 0.13875
16 0.68168 0.435417 0.049766 0.093333
13 0.654727 0.453333 0.012109 0.050278
13 0.574648 0.457847 0.013828 0.064583
13 0.544258 0.456181 0.023984 0.07125
17 0.531836 0.444722 0.023984 0.059722
20 0.502109 0.443125 0.017031 0.025417
5 0.509727 0.444722 0.007422 0.030278
16 0.479766 0.432292 0.014219 0.030972