13 0.794375 0.534722 0.076094 0.265556
16 0.615391 0.429375 0.032969 0.064583
13 0.066016 0.495764 0.024219 0.080139
20 0.204961 0.470694 0.086797 0.099167
13 0.331016 0.458333 0.008438 0.031667
5 0.350938 0.455833 0.008906 0.028333
5 0.362617 0.45875 0.006953 0.0225
13 0.375 0.455 0.00375 0.013333
15 0.418828 0.409167 0.067187 0.174444
2 0.476953 0.446389 0.015 0.029722
13 0.531445 0.453333 0.009609 0.049722
17 0.515938 0.445764 0.015313 0.041806
20 0.50332 0.445486 0.013984 0.022917
15 0.466367 0.435208 0.019141 0.03875
13 0.58375 0.443958 0.012656 0.022361
5 0.59875 0.454028 0.006406 0.030278