15 0.219062 0.442014 0.04375 0.05375
13 0.182109 0.481528 0.015469 0.058611
13 0.259453 0.468889 0.011406 0.047778
13 0.27793 0.463542 0.012109 0.041806
13 0.334141 0.45875 0.006094 0.03
20 0.35668 0.453333 0.014766 0.028611
15 0.408516 0.390556 0.094219 0.269167
20 0.468711 0.451528 0.023516 0.034722
13 0.536992 0.456875 0.014766 0.052639
20 0.51582 0.446806 0.018203 0.022778
20 0.561211 0.447361 0.032266 0.028611
20 0.916133 0.458125 0.076016 0.069306
21 0.710938 0.456944 0.058594 0.071667
20 0.766797 0.446806 0.066562 0.051389
21 0.716641 0.435417 0.056562 0.043056