13 0.757344 0.492222 0.039687 0.149444
20 0.79875 0.428194 0.030938 0.031111
20 0.731797 0.425278 0.053125 0.034722
21 0.703867 0.422847 0.037734 0.041806
21 0.669219 0.433611 0.034375 0.046667
20 0.597578 0.429375 0.024219 0.021528
13 0.577383 0.439028 0.010703 0.043056
20 0.557852 0.43125 0.022891 0.022778
20 0.528594 0.434236 0.022187 0.033472
15 0.441797 0.373194 0.111094 0.289444
15 0.502344 0.422847 0.018125 0.044306
8 0.270195 0.418681 0.051797 0.052639
16 0.309922 0.423472 0.024844 0.038333
13 0.252734 0.459375 0.012812 0.045417
13 0.341563 0.447361 0.00875 0.028611
13 0.373828 0.442569 0.00875 0.02875