20 0.84918 0.452778 0.040391 0.046667
20 0.753633 0.446736 0.060547 0.041806
21 0.721016 0.440139 0.04375 0.043056
20 0.695117 0.453958 0.043047 0.051528
13 0.573008 0.4575 0.014141 0.051389
20 0.54707 0.447431 0.018828 0.021528
20 0.513477 0.453403 0.022891 0.033472
15 0.444844 0.392917 0.100937 0.281111
13 0.149453 0.48625 0.020156 0.061111
13 0.291406 0.469514 0.013438 0.041806
13 0.339531 0.463542 0.010156 0.037083
13 0.358008 0.455694 0.008047 0.031111
13 0.381914 0.453333 0.007422 0.031111
8 0.228828 0.429444 0.059219 0.069444
15 0.290078 0.445 0.048438 0.059722