16 0.226914 0.424792 0.022734 0.031528
13 0.286289 0.454167 0.006953 0.020278
15 0.369805 0.384792 0.103984 0.291806
20 0.44418 0.454514 0.030391 0.048472
20 0.428164 0.433472 0.039453 0.056389
21 0.475352 0.446806 0.014453 0.032222
20 0.523242 0.454444 0.033203 0.036111
16 0.575352 0.437708 0.042422 0.093472
20 0.596992 0.457222 0.021172 0.028611
13 0.638789 0.481181 0.027734 0.106806
20 0.683555 0.478056 0.060547 0.072778
13 0.785508 0.527292 0.070391 0.220694
20 0.939023 0.482361 0.121953 0.076944