13 0.165938 0.465069 0.016562 0.049861
16 0.195977 0.420139 0.024609 0.051389
20 0.251719 0.436111 0.010625 0.015556
15 0.250039 0.422222 0.011328 0.025556
15 0.341055 0.367986 0.154141 0.382917
20 0.456641 0.457292 0.038281 0.05875
15 0.437812 0.430139 0.041563 0.071667
21 0.530469 0.44875 0.022344 0.045
15 0.516797 0.432431 0.062187 0.056528
20 0.634648 0.463681 0.045078 0.060694
20 0.714141 0.477361 0.077187 0.070833
2 0.738672 0.474375 0.079219 0.095417
16 0.815977 0.434097 0.150234 0.267083
4 0.970234 0.517153 0.035625 0.144028
20 0.982383 0.501181 0.035234 0.099028