20 0.865352 0.551458 0.184297 0.169861
5 0.70625 0.482708 0.015469 0.060972
11 0.631211 0.464167 0.052422 0.043056
11 0.593164 0.455764 0.051797 0.047917
20 0.533633 0.468889 0.028203 0.047778
20 0.48957 0.463542 0.027578 0.032361
5 0.48418 0.464167 0.010078 0.043056
13 0.471758 0.471319 0.008047 0.038194
13 0.453242 0.466458 0.012734 0.040694
15 0.407813 0.435972 0.061875 0.156667
15 0.228164 0.409722 0.095547 0.128056
20 0.277969 0.613472 0.299531 0.459444
20 0.157187 0.477847 0.054531 0.063472
15 0.040742 0.363056 0.081484 0.726111
21 0.060625 0.467708 0.057813 0.062083
21 0.576367 0.457569 0.051797 0.037083