20 0.936719 0.4875 0.126562 0.101667
20 0.770156 0.503542 0.120469 0.114861
20 0.368125 0.577153 0.259687 0.412639
15 0.015508 0.363681 0.031016 0.662639
20 0.109727 0.471944 0.113047 0.113611
11 0.245977 0.458681 0.080078 0.080139
15 0.448203 0.437222 0.063281 0.1925
15 0.323047 0.427639 0.055156 0.135278
21 0.630195 0.442361 0.062578 0.043056
20 0.563047 0.448264 0.026719 0.039861
20 0.5425 0.444514 0.015156 0.02625
20 0.526328 0.443264 0.017188 0.02875
20 0.505234 0.443194 0.012344 0.02
13 0.51668 0.450694 0.006328 0.035