11 0.862344 0.485 0.248281 0.183056
11 0.932695 0.463472 0.134609 0.125556
20 0.783242 0.487431 0.126484 0.11125
21 0.743555 0.461111 0.122422 0.108889
20 0.640313 0.498194 0.088125 0.135278
13 0.589492 0.475486 0.021484 0.068194
20 0.571641 0.467153 0.039688 0.05625
20 0.528945 0.471319 0.044453 0.064583
13 0.504375 0.469514 0.016875 0.075417
20 0.503008 0.470069 0.023516 0.038194
13 0.459648 0.473681 0.014766 0.059861
13 0.449531 0.474861 0.013438 0.055
15 0.423633 0.455139 0.026172 0.065833
20 0.452227 0.458125 0.022891 0.024028
2 0.404805 0.465278 0.023516 0.038333
15 0.349648 0.438958 0.104297 0.19375
15 0.045117 0.363611 0.090234 0.555