20 0.225195 0.440556 0.015703 0.025
20 0.365508 0.469861 0.037891 0.052222
20 0.501523 0.471042 0.048516 0.082917
20 0.288984 0.513125 0.10875 0.140417
21 0.451836 0.452222 0.015391 0.025
20 0.440664 0.451667 0.012891 0.025
16 0.487344 0.436181 0.045 0.062361
20 0.567578 0.457361 0.050625 0.041111
20 0.635156 0.466875 0.032656 0.044583
20 0.661641 0.469514 0.03875 0.038194
20 0.717969 0.469375 0.064219 0.050139
20 0.253164 0.442639 0.012891 0.017778
20 0.263086 0.439306 0.010547 0.015
20 0.247422 0.437292 0.010156 0.017917
20 0.340742 0.446875 0.014922 0.01875