20 0.216953 0.450417 0.030156 0.033889
20 0.276641 0.444097 0.02125 0.025139
20 0.313164 0.473542 0.043672 0.067917
20 0.353281 0.493264 0.071406 0.092917
21 0.507891 0.459375 0.01875 0.030417
20 0.494141 0.458889 0.015938 0.032222
16 0.557031 0.441458 0.061562 0.081528
20 0.654023 0.504306 0.110078 0.121944
20 0.755117 0.492847 0.072891 0.057361
20 0.834453 0.500417 0.082344 0.063056
20 0.935039 0.509444 0.106484 0.079444
20 0.388867 0.463958 0.026328 0.041806
20 0.264766 0.436944 0.015625 0.024444
20 0.683242 0.477083 0.068203 0.075
5 0.577969 0.469653 0.010625 0.06375
20 0.115859 0.456111 0.043594 0.056111