20 0.476211 0.449306 0.014297 0.028333
20 0.842187 0.48375 0.089219 0.057778
20 0.763281 0.479028 0.067969 0.048611
20 0.7125 0.475764 0.058594 0.050972
20 0.635391 0.460972 0.062188 0.051111
16 0.533477 0.432639 0.056016 0.075833
20 0.555391 0.477847 0.064219 0.099028
20 0.385625 0.456111 0.031562 0.045278
20 0.048477 0.549444 0.096953 0.210833
20 0.264453 0.432708 0.013281 0.020694
20 0.246133 0.442361 0.021797 0.029167
20 0.187812 0.445417 0.028281 0.036944
20 0.28043 0.437639 0.012266 0.019722
20 0.334727 0.491042 0.080078 0.110972
20 0.29625 0.472014 0.047344 0.072361