20 0.310781 0.510417 0.0925 0.121667
20 0.278281 0.479931 0.044531 0.077917
20 0.375859 0.468611 0.037813 0.049167
20 0.253945 0.445347 0.015547 0.023194
20 0.519648 0.479514 0.054766 0.087083
20 0.597461 0.46375 0.054141 0.044444
20 0.674336 0.474375 0.036953 0.046528
21 0.469492 0.455486 0.016172 0.026806
20 0.710898 0.479375 0.050547 0.042917
20 0.771992 0.482569 0.071016 0.053194
20 0.005977 0.605139 0.011953 0.126667
20 0.258516 0.439167 0.011406 0.019444
20 0.275547 0.439306 0.013437 0.014722
20 0.346445 0.457708 0.022578 0.032361
20 0.458203 0.455208 0.014531 0.02625
16 0.509414 0.438611 0.050703 0.063333