20 0.390742 0.460278 0.049141 0.068889
13 0.007461 0.432014 0.014922 0.052639
13 0.076055 0.428403 0.013047 0.041528
20 0.220625 0.456389 0.062813 0.073889
20 0.381016 0.445347 0.029375 0.049583
20 0.314805 0.423264 0.016484 0.019583
20 0.244492 0.426042 0.024453 0.031806
20 0.373086 0.422778 0.015234 0.021944
20 0.374648 0.404028 0.017734 0.028889
15 0.948281 0.352986 0.103438 0.454583
21 0.715273 0.463819 0.059766 0.076806
20 0.682188 0.459722 0.053437 0.070833
21 0.621602 0.448403 0.033828 0.05125