15 0.413086 0.409167 0.059453 0.086667
15 0.606133 0.409931 0.030547 0.067917
16 0.595977 0.416389 0.034453 0.039444
20 0.577734 0.433958 0.028438 0.049861
20 0.645234 0.427986 0.009375 0.013472
20 0.622461 0.427292 0.011016 0.016806
20 0.56582 0.437778 0.032422 0.0425
20 0.516445 0.438056 0.021328 0.036389
20 0.550117 0.482847 0.073828 0.119583
20 0.465508 0.526042 0.137578 0.211528
20 0.421172 0.470486 0.054375 0.086528
13 0.070312 0.480486 0.037656 0.093472
13 0.631875 0.434028 0.008594 0.035