20 0.569766 0.484444 0.079219 0.120833
20 0.594141 0.445764 0.032031 0.05375
20 0.521953 0.456181 0.030312 0.056528
20 0.543711 0.438194 0.023359 0.032778
13 0.660703 0.435417 0.009219 0.036389
20 0.655273 0.425556 0.011484 0.018056
13 0.294609 0.461806 0.025156 0.051667
19 0.076602 0.474653 0.059453 0.093194
19 0.157656 0.42125 0.071563 0.058889
15 0.638242 0.410972 0.031328 0.069167
16 0.627656 0.42125 0.049062 0.045278
15 0.501211 0.418681 0.045078 0.069861
20 0.604141 0.435556 0.030781 0.048889