5 0.867227 0.492917 0.038672 0.162222
20 0.579609 0.472778 0.056719 0.092222
20 0.439258 0.5 0.081797 0.129167
20 0.479922 0.454931 0.039062 0.068194
21 0.376953 0.452778 0.038594 0.075
13 0.241016 0.462361 0.010313 0.044444
20 0.391602 0.450347 0.028828 0.045694
16 0.280117 0.440972 0.017422 0.035833
13 0.508672 0.44125 0.008125 0.036389
13 0.520195 0.439167 0.008516 0.032778
13 0.971367 0.438681 0.021016 0.045139
20 0.947734 0.399583 0.033437 0.029167
13 0.502227 0.439028 0.008672 0.033611
20 0.218867 0.455417 0.028828 0.019167