20 0.092266 0.431389 0.014531 0.024444
21 0.063555 0.441319 0.039453 0.050417
20 0.24832 0.435208 0.023203 0.035139
20 0.286094 0.444306 0.036875 0.050278
20 0.298047 0.450417 0.040313 0.065556
20 0.316055 0.466458 0.057422 0.097639
20 0.383398 0.445069 0.034297 0.054861
21 0.392383 0.445069 0.040234 0.070139
20 0.42668 0.470278 0.060859 0.093056
13 0.460977 0.439792 0.011172 0.047361
13 0.471719 0.446597 0.012031 0.04875
13 0.552734 0.455 0.019688 0.068611
13 0.620898 0.461875 0.025703 0.085417
5 0.007344 0.442847 0.014688 0.044306
20 0.223477 0.433681 0.018047 0.025972