16 0.231602 0.430625 0.018828 0.047361
20 0.193047 0.448125 0.025781 0.045694
20 0.04125 0.470278 0.06 0.059444
20 0.294648 0.446667 0.023203 0.036667
20 0.320391 0.458056 0.033438 0.053333
20 0.336211 0.469514 0.051484 0.079306
20 0.361953 0.452014 0.0275 0.032083
20 0.412969 0.461111 0.035156 0.053333
21 0.386836 0.452708 0.036016 0.064028
20 0.436992 0.484722 0.066016 0.094444
20 0.54418 0.535833 0.139766 0.205833
13 0.673203 0.477153 0.024063 0.085417
13 0.842578 0.496944 0.045469 0.149444
6 0.887187 0.465486 0.052656 0.076806