20 0.133867 0.432917 0.013672 0.024444
20 0.107266 0.440556 0.018906 0.0275
20 0.265469 0.4375 0.021406 0.033611
20 0.278359 0.444306 0.026562 0.050278
20 0.288203 0.452708 0.032656 0.064028
20 0.304492 0.464931 0.056641 0.091528
20 0.330625 0.442847 0.028281 0.047361
21 0.372656 0.446597 0.040313 0.070139
20 0.415547 0.473333 0.062656 0.093056
20 0.731055 0.617361 0.355859 0.405556
13 0.590039 0.460347 0.020547 0.073194
13 0.496133 0.449653 0.016328 0.060972
13 0.475156 0.444306 0.01375 0.053333
13 0.052422 0.449653 0.01375 0.045694