20 0.820859 0.438264 0.073906 0.057361
16 0.792266 0.413125 0.150625 0.110139
13 0.683164 0.469931 0.030234 0.07875
20 0.463984 0.508472 0.094688 0.143611
20 0.272031 0.474583 0.05625 0.064444
15 0.349883 0.442222 0.054766 0.054444
16 0.180508 0.456597 0.050078 0.072083
21 0.023633 0.465278 0.047266 0.051111
20 0.094961 0.461319 0.036172 0.044306
13 0.608086 0.465556 0.013203 0.0525
20 0.057539 0.462361 0.046328 0.0475
21 0.141953 0.456181 0.041563 0.048472
5 0.341719 0.467014 0.01125 0.09125
5 0.352852 0.466458 0.011016 0.090139
13 0.567617 0.454306 0.010703 0.042778
13 0.550078 0.453819 0.009531 0.04375
13 0.535391 0.451111 0.009219 0.041667