16 0.963594 0.406319 0.072813 0.180417
19 0.92293 0.423819 0.071953 0.124861
19 0.895742 0.426597 0.047578 0.102361
13 0.66043 0.471389 0.019297 0.059444
13 0.56707 0.456181 0.007891 0.037639
13 0.547344 0.454097 0.007656 0.032917
5 0.581992 0.455556 0.009141 0.0425
20 0.493672 0.498403 0.080781 0.120417
20 0.462148 0.450069 0.018359 0.029028
20 0.430625 0.448333 0.020938 0.016944
20 0.408359 0.448403 0.019531 0.025972
15 0.356992 0.43875 0.037578 0.059722
15 0.322656 0.440625 0.042031 0.063472
20 0.286523 0.449653 0.023359 0.017639
20 0.215625 0.459097 0.014063 0.020417
21 0.220781 0.455625 0.025781 0.024861
20 0.19793 0.453194 0.021328 0.033889
5 0.282852 0.450486 0.004609 0.02375
5 0.221523 0.463472 0.007109 0.026389
5 0.202109 0.466042 0.007031 0.033194
20 0.117539 0.464028 0.028516 0.068333
16 0.041211 0.463403 0.081797 0.117917
20 0.006094 0.555625 0.012188 0.125972
5 0.058437 0.542361 0.044844 0.294444
5 0.105781 0.532917 0.03875 0.26
5 0.142891 0.529028 0.04875 0.242222
20 0.768516 0.441597 0.053437 0.059861