5 0.918789 0.474722 0.026484 0.120833
15 0.70582 0.407292 0.105391 0.071806
20 0.4775 0.502153 0.11125 0.171528
21 0.205586 0.459028 0.061328 0.087778
16 0.268945 0.439236 0.031172 0.053472
20 0.013008 0.474444 0.026016 0.089167
15 0.380898 0.425694 0.039609 0.044167
20 0.380859 0.443819 0.025938 0.035139
13 0.591562 0.443333 0.015313 0.053333
13 0.620977 0.438889 0.019609 0.056667
13 0.571172 0.4375 0.010781 0.044444
13 0.552578 0.438819 0.007344 0.037639
13 0.544687 0.438194 0.008438 0.0375
20 0.727812 0.420069 0.070312 0.040972
5 0.40793 0.440139 0.006328 0.053056
5 0.412344 0.441458 0.004844 0.05125
13 0.252812 0.454028 0.014063 0.047778
20 0.138008 0.450347 0.029141 0.030139
20 0.114688 0.456667 0.034219 0.033889
20 0.07625 0.447292 0.041563 0.045694
20 0.049375 0.460139 0.034219 0.035556
21 0.158828 0.444653 0.028594 0.039583