13 0.865586 0.522569 0.067266 0.220972
16 0.729141 0.409444 0.120469 0.080833
16 0.241875 0.444097 0.036094 0.060139
20 0.355352 0.452569 0.037734 0.042083
21 0.029453 0.486389 0.058906 0.153056
13 0.151836 0.470069 0.018359 0.064306
13 0.595313 0.451944 0.0125 0.047778
20 0.092031 0.460625 0.037813 0.032361
13 0.641016 0.447569 0.020937 0.068472
13 0.567852 0.442847 0.011484 0.042917
13 0.550859 0.443542 0.008594 0.040139
13 0.53793 0.442083 0.010703 0.038611
20 0.748945 0.428889 0.067578 0.045
5 0.390781 0.447708 0.008438 0.057639
5 0.398516 0.448958 0.006406 0.056528
15 0.370195 0.431806 0.045078 0.053333
21 0.201406 0.445486 0.025469 0.038194
21 0.170117 0.448542 0.027891 0.040139
21 0.121445 0.451111 0.033047 0.042222
20 0.062891 0.464583 0.035937 0.039167