5 0.848359 0.419861 0.007812 0.041667
20 0.830703 0.414306 0.056875 0.055556
20 0.776914 0.423542 0.041328 0.042083
20 0.746484 0.421736 0.040938 0.044028
13 0.711875 0.477292 0.028281 0.097083
20 0.698828 0.429167 0.016719 0.021944
20 0.642617 0.432847 0.020703 0.027639
19 0.624023 0.423056 0.040078 0.050833
13 0.536953 0.452986 0.009531 0.042917
13 0.523516 0.452292 0.009687 0.040417
13 0.529141 0.446806 0.008281 0.037778
20 0.456523 0.484514 0.071172 0.105694
15 0.271836 0.428264 0.069297 0.077917
15 0.20793 0.431042 0.077109 0.092083
20 0.039648 0.458889 0.034453 0.035556
2 0.03668 0.49375 0.073359 0.132778