19 0.819531 0.404236 0.085938 0.127639
16 0.677344 0.422153 0.059219 0.050417
21 0.584297 0.436111 0.035 0.03
13 0.62457 0.45875 0.034922 0.053333
13 0.57375 0.461319 0.017031 0.071806
13 0.565 0.456181 0.010469 0.054028
13 0.546484 0.452431 0.010781 0.041528
20 0.528047 0.441667 0.038594 0.031389
20 0.461094 0.468264 0.050469 0.077639
20 0.481445 0.442292 0.014922 0.026528
20 0.378086 0.447083 0.020078 0.028611
16 0.349414 0.441042 0.026797 0.041806
16 0.29793 0.454028 0.022891 0.038056
21 0.308242 0.451458 0.020703 0.037639
13 0.312266 0.455486 0.011875 0.032361
20 0.05207 0.495903 0.104141 0.132917
13 0.42875 0.442083 0.004531 0.018333