19 0.874102 0.420972 0.105391 0.154444
19 0.810469 0.423056 0.071406 0.106667
20 0.570703 0.444097 0.027812 0.034583
13 0.579102 0.450486 0.016328 0.03625
13 0.568516 0.4625 0.015 0.056111
13 0.561836 0.455556 0.009609 0.040833
13 0.554375 0.452569 0.008906 0.039583
20 0.528164 0.44375 0.030859 0.023056
20 0.478398 0.475 0.055234 0.082222
15 0.47125 0.424097 0.024375 0.038194
13 0.45207 0.442222 0.006172 0.019167
20 0.441016 0.441667 0.007812 0.008333
20 0.419023 0.444792 0.018984 0.025417
20 0.356797 0.452986 0.026094 0.034306
20 0.334336 0.455417 0.021797 0.03
20 0.047891 0.458333 0.0525 0.043333
16 0.388203 0.441181 0.020625 0.037361
21 0.160469 0.464236 0.027969 0.033194
15 0.017656 0.459653 0.035313 0.160972