21 0.842422 0.434375 0.031719 0.039028
20 0.856172 0.435903 0.0375 0.040139
19 0.80082 0.425625 0.074297 0.124028
13 0.568945 0.459236 0.016172 0.057639
13 0.577734 0.448681 0.013594 0.031528
13 0.562852 0.453819 0.011641 0.037917
20 0.575469 0.441042 0.023281 0.023472
20 0.536367 0.443681 0.024453 0.018472
20 0.485313 0.475417 0.055469 0.084444
20 0.45293 0.441667 0.006641 0.008889
20 0.437656 0.443333 0.013594 0.023333
13 0.417773 0.447986 0.006172 0.022361
20 0.193984 0.482708 0.049531 0.072361
20 0.115469 0.497222 0.103125 0.105556
15 0.07 0.435486 0.14 0.194028