5 0.990312 0.428264 0.019375 0.070694
20 0.898125 0.428889 0.064062 0.058056
20 0.847813 0.424028 0.062813 0.061389
20 0.780195 0.434167 0.035391 0.030556
21 0.738086 0.435069 0.037734 0.028472
20 0.735234 0.438889 0.021719 0.028611
13 0.785547 0.506389 0.045938 0.140833
19 0.659375 0.428889 0.036406 0.066944
21 0.674687 0.440208 0.032656 0.037361
13 0.545586 0.462014 0.012422 0.049861
13 0.525625 0.459028 0.009531 0.042778
13 0.53332 0.455903 0.010078 0.031528
20 0.54332 0.446389 0.024453 0.024444
20 0.45457 0.485347 0.064141 0.095972
16 0.397656 0.444583 0.012656 0.024444
15 0.201719 0.439444 0.118438 0.119167
15 0.100898 0.436944 0.121641 0.134167
20 0.507227 0.445556 0.022891 0.016944