19 0.931211 0.422847 0.074609 0.139306
19 0.853984 0.419167 0.049375 0.106389
20 0.576328 0.436597 0.026875 0.025972
13 0.591484 0.450764 0.019062 0.037361
13 0.576484 0.460417 0.013125 0.058611
13 0.56418 0.454583 0.010703 0.05
13 0.555234 0.450069 0.009219 0.039028
20 0.528203 0.439931 0.031719 0.027639
20 0.477656 0.47 0.053281 0.080278
20 0.411836 0.443403 0.015391 0.02625
16 0.379258 0.439306 0.020703 0.033889
20 0.347461 0.448958 0.018828 0.029583
20 0.315 0.455069 0.038594 0.044583
20 0.287148 0.457431 0.026641 0.036528
12 0.105937 0.476806 0.009531 0.040833
21 0.108164 0.469722 0.041484 0.048056