20 0.946094 0.419028 0.086875 0.074444
20 0.825664 0.431667 0.044609 0.038056
21 0.77293 0.430694 0.039453 0.032222
20 0.771445 0.435556 0.024766 0.03
13 0.847461 0.524167 0.063203 0.191389
19 0.703437 0.426389 0.035313 0.074722
21 0.709375 0.433611 0.032188 0.036667
5 0.894492 0.416458 0.010703 0.06375
13 0.556836 0.4575 0.012422 0.051667
13 0.54332 0.450556 0.009453 0.037222
13 0.536328 0.454722 0.010625 0.043333
20 0.55832 0.440764 0.029453 0.025694
20 0.466797 0.478681 0.062031 0.091806
15 0.475313 0.423056 0.025469 0.036111
20 0.342656 0.454306 0.031875 0.034444
15 0.158828 0.429167 0.16 0.131389
15 0.052031 0.441042 0.104062 0.184028