15 0.203828 0.4475 0.066719 0.086111
21 0.708047 0.440764 0.088281 0.07625
20 0.428633 0.459583 0.045391 0.0675
21 0.307852 0.453889 0.038359 0.059722
20 0.267734 0.453264 0.023125 0.039861
20 0.587734 0.451667 0.096406 0.072778
20 0.474844 0.441042 0.019531 0.032361
20 0.487422 0.438056 0.014687 0.026389
20 0.497266 0.435 0.011875 0.018333
21 0.9675 0.430278 0.065 0.071667
13 0.583789 0.480903 0.034609 0.12375
13 0.534336 0.466528 0.021484 0.08
13 0.352852 0.459236 0.011797 0.051528
20 0.363672 0.448958 0.022344 0.025972