15 0.085742 0.457847 0.114141 0.132083
21 0.887773 0.450278 0.151797 0.131944
20 0.444258 0.458056 0.043984 0.061944
20 0.471133 0.444861 0.027422 0.038056
20 0.499648 0.440208 0.020391 0.03125
20 0.509492 0.437986 0.013359 0.024306
20 0.220312 0.462083 0.033906 0.053333
20 0.303477 0.459306 0.039766 0.048889
20 0.336602 0.448125 0.028516 0.02875
20 0.686016 0.468681 0.175469 0.129861
13 0.292305 0.475972 0.028984 0.095556
13 0.574961 0.496528 0.045703 0.169722
13 0.526641 0.474306 0.024375 0.103056
13 0.868164 0.475972 0.060703 0.128333
5 0.597969 0.442778 0.010156 0.04