20 0.638477 0.453125 0.070859 0.054583
20 0.404648 0.454028 0.023047 0.035833
20 0.433398 0.458264 0.038359 0.064861
20 0.491406 0.446389 0.022031 0.0375
20 0.465977 0.485486 0.074766 0.119306
20 0.355313 0.485556 0.071875 0.102222
20 0.292539 0.473611 0.053672 0.051111
13 0.50957 0.460764 0.018203 0.069861
13 0.579531 0.469306 0.023906 0.100556
5 0.923555 0.488958 0.031641 0.146528
5 0.889062 0.488958 0.033594 0.146528
5 0.866055 0.488125 0.023984 0.148194
5 0.564688 0.449722 0.009531 0.047778
13 0.555117 0.444653 0.009609 0.047639
5 0.54457 0.453125 0.009609 0.054583
5 0.536406 0.448889 0.008594 0.049444
5 0.526836 0.448889 0.008672 0.049444
5 0.11 0.486319 0.01625 0.069861
5 0.09418 0.490625 0.011484 0.068194
5 0.035234 0.499167 0.014375 0.078333