19 0.07668 0.423542 0.100234 0.116806
20 0.189805 0.485556 0.127891 0.174722
20 0.564258 0.464792 0.074766 0.098472
20 0.444922 0.463681 0.05875 0.092361
20 0.468945 0.4375 0.022109 0.043611
20 0.475625 0.431458 0.015625 0.029306
20 0.448008 0.440556 0.031172 0.054722
21 0.601836 0.424653 0.017578 0.034861
5 0.388398 0.498125 0.026641 0.173472
5 0.263555 0.449167 0.008984 0.041111
5 0.299492 0.444931 0.007109 0.029028
5 0.943789 0.523611 0.045078 0.273889
5 0.907461 0.515903 0.037266 0.208472
5 0.836211 0.521528 0.041172 0.248889
5 0.967969 0.51375 0.038281 0.238611
5 0.654883 0.465208 0.021328 0.103194
5 0.675273 0.460833 0.018828 0.114167
13 0.627969 0.437778 0.010156 0.0325