13 0.815234 0.464236 0.043125 0.049306
13 0.777422 0.453125 0.044062 0.044306
13 0.712734 0.450625 0.04125 0.042639
13 0.672031 0.460833 0.015313 0.052778
13 0.483711 0.453125 0.018203 0.054583
13 0.084609 0.494861 0.022969 0.076667
5 0.578594 0.454861 0.006719 0.044167
5 0.568516 0.453125 0.007656 0.047639
5 0.562266 0.453958 0.008594 0.045972
5 0.056328 0.488056 0.0125 0.073333
20 0.517734 0.488056 0.080469 0.1175
20 0.442539 0.445486 0.018203 0.029028
20 0.427656 0.453125 0.026875 0.047639
20 0.397969 0.454028 0.036406 0.049444
20 0.383086 0.486389 0.066172 0.100556
20 0.282969 0.467639 0.051719 0.056111
20 0.181875 0.48125 0.064219 0.076667
21 0.615938 0.442917 0.023906 0.047778