10 0.798945 0.478889 0.049766 0.088889
6 0.970313 0.496111 0.059375 0.107222
6 0.204375 0.465069 0.032969 0.04625
20 0.082031 0.497431 0.084687 0.099583
20 0.554727 0.462708 0.042422 0.056806
20 0.537383 0.448958 0.022266 0.035139
20 0.574102 0.447778 0.020859 0.034167
20 0.600078 0.44 0.012812 0.018889
20 0.313359 0.454375 0.038594 0.027361
13 0.692773 0.579375 0.094453 0.341806
13 0.615586 0.504028 0.039453 0.150833
13 0.1025 0.507153 0.029531 0.093194
13 0.767969 0.465556 0.012656 0.073889
20 0.166445 0.463403 0.049766 0.039583