5 0.718477 0.473611 0.018203 0.088611
5 0.702695 0.472708 0.017266 0.097083
5 0.518672 0.448889 0.007656 0.0425
5 0.507656 0.451458 0.008594 0.044306
5 0.499062 0.447986 0.008594 0.044306
5 0.490898 0.447153 0.007734 0.042639
13 0.897695 0.477847 0.033516 0.107361
5 0.928359 0.462569 0.022031 0.107361
13 0.548867 0.466806 0.022109 0.088611
20 0.587187 0.451389 0.058437 0.051111
20 0.283906 0.470139 0.040312 0.051111
21 0.191445 0.465903 0.068047 0.086806
20 0.334727 0.484722 0.068984 0.103889
20 0.400312 0.460833 0.043125 0.066389
20 0.456406 0.488056 0.078594 0.1175
10 0.877539 0.460833 0.046953 0.063056
13 0.981172 0.464236 0.037656 0.073194
21 0.719922 0.442083 0.045937 0.076667