5 0.651406 0.464236 0.018281 0.080139
5 0.613555 0.451389 0.009609 0.051111
5 0.604453 0.440417 0.008594 0.049444
5 0.596797 0.448889 0.008594 0.056111
13 0.588164 0.455694 0.012422 0.052778
5 0.57332 0.446389 0.011484 0.051111
5 0.564688 0.445486 0.009531 0.049306
5 0.551758 0.436111 0.004766 0.023889
13 0.016914 0.506806 0.022266 0.103889
20 0.742461 0.447153 0.068047 0.05625
20 0.822461 0.449722 0.055547 0.061389
20 0.709375 0.456597 0.080469 0.068194
20 0.5225 0.439514 0.021094 0.030694
20 0.457852 0.44375 0.025859 0.039167
20 0.486094 0.485486 0.078594 0.119306
20 0.390273 0.479583 0.070859 0.100556
20 0.307383 0.464236 0.052734 0.035694
21 0.19625 0.470208 0.050781 0.06125
20 0.23168 0.459931 0.029766 0.034028
21 0.252773 0.463333 0.031641 0.040833
13 0.542656 0.46 0.015313 0.078333
13 0.625039 0.476181 0.026797 0.120972
21 0.955742 0.447083 0.088516 0.131944