20 0.564219 0.448056 0.058438 0.051111
20 0.44875 0.447222 0.022969 0.035833
20 0.424766 0.450625 0.030625 0.035694
20 0.396523 0.46 0.041172 0.061389
20 0.35293 0.488958 0.068984 0.109028
20 0.480352 0.489792 0.080547 0.110694
21 0.293516 0.459167 0.042188 0.052778
13 0.97543 0.468472 0.049141 0.068056
10 0.906797 0.46 0.022969 0.054444
13 0.868477 0.454861 0.024922 0.051111
5 0.80375 0.454028 0.029687 0.08
13 0.783633 0.466736 0.025859 0.081806
13 0.547422 0.464236 0.021094 0.080139
5 0.660508 0.466736 0.015391 0.071528
5 0.641367 0.468472 0.011484 0.068056
5 0.631758 0.464236 0.011484 0.069861