20 0.940938 0.501736 0.118125 0.144861
20 0.527305 0.452361 0.026797 0.039167
20 0.501445 0.459097 0.034453 0.05625
20 0.422383 0.459931 0.037422 0.047639
20 0.472695 0.502569 0.090078 0.143194
20 0.220664 0.482986 0.080547 0.05625
21 0.125781 0.488056 0.063281 0.073333
21 0.093203 0.488889 0.067031 0.078333
20 0.005391 0.5 0.010781 0.090278
13 0.564219 0.447153 0.008594 0.032361
13 0.584805 0.484722 0.026797 0.114167
13 0.777891 0.548542 0.077656 0.265694
13 0.371602 0.465903 0.016328 0.05625
20 0.780742 0.459097 0.104453 0.09375
5 0.938906 0.505139 0.029687 0.168611
5 0.875156 0.513611 0.02875 0.175556
5 0.835859 0.510208 0.030625 0.175417
5 0.811914 0.516181 0.024922 0.177083
5 0.728555 0.464236 0.019141 0.107361
5 0.709883 0.488125 0.018203 0.110694
5 0.692617 0.482083 0.016328 0.1125
5 0.656211 0.475278 0.016328 0.105556
5 0.674414 0.465069 0.016328 0.092083
5 0.638477 0.480417 0.017266 0.105556
5 0.616445 0.447153 0.009609 0.042639
13 0.609687 0.449792 0.007656 0.034028
5 0.604922 0.448056 0.005781 0.030556
5 0.350508 0.465069 0.010547 0.037361
5 0.178984 0.492361 0.0125 0.078333
5 0.2825 0.485556 0.014375 0.064722