13 0.405117 0.452292 0.012422 0.042639
13 0.568516 0.471944 0.022969 0.102222
13 0.702187 0.509375 0.048906 0.187361
13 0.038594 0.513611 0.034531 0.124444
20 0.530664 0.441181 0.016328 0.030694
20 0.521563 0.446319 0.02875 0.040972
20 0.440117 0.480417 0.051797 0.091944
20 0.479883 0.493194 0.085234 0.138056
21 0.15168 0.472708 0.053672 0.059583
20 0.182812 0.476181 0.048906 0.059583
20 0.240781 0.494861 0.095781 0.1175
20 0.071172 0.488889 0.076719 0.088611
5 0.591992 0.438681 0.006641 0.029028
5 0.603008 0.4625 0.011484 0.076667
5 0.615469 0.458264 0.015313 0.078472
5 0.634648 0.461667 0.011484 0.081667
5 0.64375 0.465069 0.014375 0.085139
5 0.653359 0.465069 0.014375 0.078472
5 0.667227 0.448889 0.015391 0.076667
5 0.735234 0.474444 0.022969 0.110833
5 0.810937 0.521319 0.044063 0.207917
5 0.851211 0.523819 0.032578 0.199306
20 0.882812 0.467639 0.107344 0.100556
20 0.834453 0.476111 0.16 0.100556