20 0.917305 0.467639 0.124609 0.1175
20 0.759687 0.4625 0.100625 0.08
20 0.524414 0.44375 0.017266 0.028889
20 0.509102 0.447222 0.024922 0.039167
20 0.409922 0.480417 0.066094 0.095278
20 0.481797 0.492361 0.079531 0.129444
20 0.359141 0.465069 0.045 0.06125
20 0.275312 0.470208 0.051719 0.044306
21 0.191445 0.467639 0.046953 0.046111
21 0.214922 0.471042 0.049844 0.045972
21 0.141133 0.485486 0.063203 0.081806
13 0.548867 0.466806 0.020078 0.091944
13 0.652852 0.493194 0.034453 0.155
5 0.710352 0.482917 0.023047 0.114167
5 0.684453 0.482986 0.022969 0.120972
5 0.627461 0.445486 0.012422 0.062917
5 0.617852 0.465069 0.010547 0.078472
5 0.604922 0.454028 0.009531 0.073333
5 0.586719 0.453125 0.009531 0.068194
5 0.577148 0.458264 0.011484 0.068194
5 0.558008 0.440347 0.003828 0.029028
5 0.562305 0.440347 0.004766 0.029028
20 0.567539 0.44125 0.003828 0.027222
20 0.026016 0.516181 0.052031 0.074861