20 0.485117 0.470625 0.036172 0.085417
20 0.454922 0.444028 0.023125 0.035278
20 0.432031 0.434167 0.01625 0.015278
20 0.414297 0.433194 0.016562 0.011389
21 0.351875 0.440347 0.055625 0.057639
20 0.314922 0.431458 0.015625 0.032361
20 0.285 0.444861 0.038281 0.028333
20 0.479844 0.436944 0.025 0.023889
5 0.651836 0.470208 0.021172 0.095972
5 0.681328 0.4725 0.014687 0.091667
5 0.699062 0.474583 0.017813 0.083611
5 0.622266 0.453194 0.009062 0.041944
5 0.613828 0.45125 0.008125 0.038056
5 0.760977 0.483403 0.019297 0.112083
5 0.750586 0.481944 0.013984 0.098333
13 0.794961 0.510139 0.049297 0.151111
13 0.919063 0.669792 0.161875 0.522917
10 0.09793 0.467292 0.047891 0.085972
11 0.227656 0.437708 0.066875 0.065139