5 0.686602 0.481736 0.014141 0.069861
5 0.671836 0.477222 0.015391 0.071667
5 0.583125 0.459861 0.010781 0.045278
13 0.568125 0.460139 0.008438 0.044722
21 0.117969 0.438472 0.042813 0.051389
20 0.501211 0.504306 0.102734 0.146389
20 0.419453 0.472361 0.050156 0.081389
20 0.394102 0.450625 0.027734 0.049306
20 0.362148 0.442917 0.021328 0.031389
20 0.376133 0.436597 0.014453 0.025694
20 0.293008 0.448889 0.038047 0.040278
20 0.184844 0.442569 0.05375 0.037361
13 0.033672 0.477639 0.035313 0.088056
14 0.25832 0.43 0.021797 0.043056
11 0.047109 0.433958 0.094219 0.101806
20 0.325703 0.432153 0.015938 0.014583