20 0.428789 0.471389 0.051016 0.0825
20 0.40918 0.450486 0.028203 0.050694
20 0.373672 0.440625 0.019531 0.036806
20 0.353008 0.431806 0.019922 0.018333
20 0.333984 0.430069 0.017031 0.016806
20 0.308594 0.445764 0.027031 0.038194
20 0.295977 0.436528 0.014922 0.030833
20 0.200898 0.44 0.048359 0.033333
21 0.150742 0.434792 0.031641 0.044583
5 0.619023 0.466389 0.012422 0.055833
13 0.632812 0.470417 0.012187 0.053611
5 0.73375 0.505139 0.020781 0.108889
5 0.880273 0.555556 0.049453 0.260556
5 0.948711 0.566528 0.042422 0.240278
5 0.986055 0.575208 0.027891 0.232361
5 0.55543 0.455208 0.007422 0.041528
5 0.550195 0.454306 0.006016 0.036389
13 0.542422 0.457292 0.011406 0.039861
13 0.190312 0.462153 0.016406 0.065139
13 0.2325 0.443542 0.010469 0.036806
14 0.256406 0.427431 0.020469 0.037917
11 0.099102 0.431667 0.087734 0.088611
20 0.281602 0.437431 0.014453 0.024306