20 0.412812 0.468958 0.050937 0.076806
20 0.383008 0.447847 0.027891 0.048472
21 0.038906 0.442917 0.066562 0.070278
20 0.152031 0.448403 0.066406 0.045694
13 0.137773 0.468542 0.018359 0.066806
20 0.173867 0.444306 0.046641 0.033333
20 0.202773 0.439375 0.035703 0.035694
5 0.950859 0.526736 0.025781 0.164028
13 0.700742 0.470417 0.017109 0.074444
5 0.679258 0.471389 0.015078 0.061111
5 0.629883 0.4675 0.010703 0.0725
0 0.62293 0.475139 0.020391 0.045833
20 0.239687 0.432222 0.016094 0.04
14 0.271328 0.426528 0.032187 0.059167
5 0.985547 0.531458 0.028906 0.149306
20 0.587578 0.452014 0.038281 0.049583
20 0.439609 0.441181 0.017656 0.030139
20 0.292852 0.450556 0.029609 0.060556
21 0.332344 0.436667 0.015 0.023889
20 0.35457 0.434931 0.012266 0.020972
20 0.317031 0.434028 0.015 0.018611
13 0.458516 0.445486 0.007188 0.02625
20 0.36457 0.438611 0.013828 0.025