20 0.423945 0.483194 0.057578 0.088056
20 0.472227 0.452917 0.030234 0.048333
20 0.650352 0.463125 0.036953 0.054861
10 0.898672 0.504722 0.023281 0.106944
6 0.835586 0.465 0.081172 0.143611
6 0.760078 0.476042 0.046719 0.07375
21 0.591016 0.457083 0.037344 0.065556
20 0.08168 0.463819 0.112734 0.087639
20 0.286172 0.448958 0.037812 0.040417
17 0.238281 0.442083 0.027656 0.034722
20 0.382812 0.447986 0.02 0.026528
5 0.725195 0.472639 0.013672 0.071389
5 0.692539 0.466736 0.010859 0.054306
5 0.619609 0.454861 0.00625 0.042222
5 0.612656 0.448194 0.006562 0.030556
20 0.436328 0.441667 0.015625 0.025556
20 0.358672 0.439792 0.016094 0.019583