20 0.533789 0.487361 0.080078 0.119444
20 0.466563 0.450486 0.030313 0.049306
17 0.19207 0.442153 0.041172 0.042917
20 0.249844 0.449306 0.045781 0.049167
20 0.695078 0.472222 0.049063 0.067778
13 0.017109 0.469931 0.034219 0.091806
5 0.106875 0.436389 0.007031 0.049167
5 0.120586 0.445347 0.005547 0.060694
5 0.802187 0.487708 0.014688 0.090972
5 0.757344 0.477917 0.012812 0.076944
5 0.769727 0.470694 0.008828 0.063611
21 0.617148 0.461806 0.053672 0.084722
0 0.713125 0.491042 0.040469 0.049583
6 0.888242 0.495625 0.077578 0.117917
20 0.491484 0.439236 0.012812 0.020972
20 0.431992 0.442847 0.018516 0.032917
20 0.358711 0.4525 0.029609 0.043889
20 0.308203 0.433611 0.030938 0.018056