5 0.872188 0.566875 0.030625 0.259028
16 0.889922 0.432639 0.216406 0.208889
5 0.665273 0.49875 0.028359 0.123333
13 0.596094 0.510278 0.029844 0.151667
20 0.568867 0.462431 0.034297 0.055417
20 0.44125 0.487292 0.076875 0.11125
20 0.473867 0.46375 0.046641 0.077778
20 0.258047 0.546528 0.175156 0.229167
20 0.145781 0.494097 0.120938 0.154861
20 0.024219 0.457222 0.048438 0.079444
10 0.77125 0.469653 0.01625 0.054028
10 0.74 0.468403 0.014219 0.049861
13 0.510898 0.451181 0.007578 0.033194
5 0.542578 0.449375 0.010156 0.040694