5 0.702891 0.515764 0.030938 0.170694
5 0.60625 0.47875 0.020469 0.089444
13 0.564648 0.491528 0.028203 0.113056
20 0.424102 0.487708 0.076953 0.108472
20 0.469023 0.463819 0.043516 0.075417
20 0.547891 0.458542 0.026562 0.04625
20 0.280938 0.534792 0.150469 0.200139
20 0.231211 0.446319 0.049141 0.052639
6 0.106211 0.450764 0.050391 0.095417
20 0.080859 0.4525 0.108125 0.063056
5 0.726719 0.504306 0.024688 0.161944
5 0.975273 0.548403 0.049453 0.253472
13 0.506523 0.452014 0.007891 0.032639
5 0.531602 0.447153 0.006953 0.036528
5 0.186641 0.447569 0.010625 0.052917
5 0.169766 0.446944 0.009219 0.052778