13 0.65207 0.521528 0.046172 0.208333
6 0.918047 0.469792 0.066719 0.094306
20 0.59418 0.459792 0.046016 0.067083
20 0.460898 0.475069 0.074922 0.10875
20 0.481289 0.452569 0.044453 0.075694
20 0.246367 0.548681 0.197422 0.245972
20 0.128125 0.454514 0.082656 0.102639
10 0.874219 0.465764 0.03125 0.081528
10 0.826211 0.464653 0.021016 0.074028
13 0.092578 0.475556 0.042656 0.118056
5 0.005742 0.442708 0.011484 0.109583
13 0.518594 0.442222 0.007969 0.035278
5 0.560117 0.442292 0.011484 0.044583
5 0.545898 0.435694 0.005703 0.028333
20 0.196953 0.443403 0.056719 0.066806