20 0.336367 0.510139 0.101797 0.14
20 0.443672 0.452778 0.01875 0.033333
5 0.747305 0.4925 0.018516 0.108889
5 0.727578 0.491667 0.021875 0.094167
5 0.664687 0.485556 0.013906 0.083333
5 0.639141 0.482222 0.017656 0.086667
5 0.612227 0.483472 0.011172 0.0875
5 0.587383 0.473125 0.008828 0.066806
5 0.56668 0.471875 0.008359 0.064306
5 0.574805 0.469861 0.007891 0.058611
5 0.553711 0.465694 0.007422 0.051944
13 0.531641 0.461597 0.013438 0.042083
0 0.726523 0.515625 0.064297 0.065972
13 0.528086 0.483958 0.016016 0.039583
20 0.311992 0.446181 0.031016 0.031806
20 0.527695 0.455556 0.019453 0.026667
20 0.238242 0.450208 0.049609 0.039028
6 0.266094 0.448333 0.021562 0.055556
20 0.206328 0.461667 0.037344 0.056389