10 0.898047 0.536875 0.0425 0.116806
5 0.638242 0.487569 0.021641 0.120417
5 0.587344 0.472917 0.015 0.066667
13 0.554609 0.479861 0.022813 0.0925
20 0.474961 0.462917 0.043828 0.075556
20 0.431406 0.488819 0.073438 0.112083
20 0.308594 0.520417 0.130312 0.181389
13 0.075234 0.492639 0.035625 0.137778
20 0.15543 0.445139 0.084453 0.054444
20 0.542734 0.454583 0.021094 0.038889
5 0.656367 0.484375 0.017578 0.113472
5 0.811406 0.516667 0.029375 0.184167
5 0.782148 0.520625 0.029297 0.197361
5 0.765625 0.524444 0.032969 0.193333
5 0.754297 0.499653 0.030781 0.161806
13 0.512539 0.451111 0.008359 0.031111
20 0.269336 0.441319 0.036484 0.045139
5 0.24082 0.439792 0.007422 0.042917
5 0.225039 0.440556 0.011016 0.043333
6 0.052539 0.463472 0.077109 0.082222