20 0.492227 0.490625 0.080234 0.112083
20 0.43332 0.453125 0.034922 0.051528
20 0.39957 0.445069 0.020703 0.033472
20 0.746211 0.487014 0.074922 0.094306
17 0.106875 0.443056 0.046406 0.058056
20 0.172383 0.45125 0.061328 0.059167
5 0.913516 0.514931 0.028125 0.136528
5 0.838828 0.503958 0.014844 0.112917
5 0.8575 0.491667 0.016406 0.075556
5 0.817812 0.47625 0.02 0.059167
5 0.709336 0.480278 0.015859 0.092778
0 0.783555 0.518542 0.054766 0.067361
10 0.879766 0.526736 0.058906 0.06375
10 0.812461 0.505347 0.026641 0.064583
5 0.014805 0.457847 0.013828 0.077083
5 0.541602 0.456597 0.008516 0.044306
5 0.528594 0.450764 0.008281 0.034583
20 0.288867 0.462847 0.044141 0.053194
20 0.263555 0.434375 0.034297 0.019861