20 0.328125 0.499583 0.093438 0.128333
5 0.600352 0.466111 0.008203 0.068611
5 0.583242 0.461319 0.007734 0.064306
5 0.560156 0.464375 0.008125 0.06625
5 0.570391 0.466389 0.005625 0.061111
5 0.577734 0.459514 0.007656 0.060139
5 0.545664 0.457569 0.007266 0.055972
5 0.53582 0.456806 0.005391 0.05
5 0.526758 0.457431 0.007734 0.05375
5 0.678672 0.476111 0.01625 0.091389
5 0.609766 0.460347 0.006563 0.048472
13 0.032539 0.462431 0.013672 0.067083
5 0.143828 0.42 0.007656 0.038889
5 0.155938 0.421111 0.00625 0.032222
13 0.036055 0.498472 0.045703 0.052222
20 0.029453 0.455833 0.058906 0.069167
20 0.243594 0.441319 0.040313 0.039583
20 0.444141 0.453333 0.035625 0.056944
20 0.41875 0.443958 0.020313 0.033194
21 0.917812 0.550486 0.164375 0.346806
5 0.565703 0.458611 0.008125 0.069722
5 0.520195 0.454931 0.007734 0.05375