20 0.465078 0.495833 0.083438 0.125
5 0.874375 0.546597 0.045625 0.265417
20 0.714336 0.471389 0.054141 0.0775
10 0.975977 0.526667 0.047422 0.127222
11 0.035508 0.443403 0.071016 0.11375
20 0.341445 0.434653 0.025703 0.020694
20 0.363398 0.434236 0.025703 0.021528
5 0.281328 0.446806 0.008594 0.0325
5 0.605 0.462292 0.01125 0.064306
5 0.637422 0.461806 0.010156 0.052778
5 0.653242 0.45625 0.007891 0.040278
5 0.533164 0.451389 0.004922 0.0375
5 0.555156 0.451736 0.007656 0.038194
5 0.545742 0.449861 0.005078 0.036389
5 0.539648 0.454444 0.008516 0.048056
13 0.518711 0.457222 0.011953 0.051667