20 0.457305 0.492847 0.080547 0.122083
5 0.698672 0.497639 0.020156 0.152778
5 0.78582 0.517778 0.021641 0.140556
20 0.660273 0.462292 0.041016 0.061528
10 0.854453 0.512569 0.078281 0.101528
11 0.025938 0.452292 0.051875 0.114028
13 0.512227 0.454028 0.012266 0.049722
11 0.126289 0.429931 0.057734 0.077361
5 0.578281 0.455694 0.009844 0.055278
5 0.613125 0.454792 0.008281 0.047361
5 0.622148 0.455139 0.006328 0.041667
5 0.628242 0.453889 0.006328 0.041111
5 0.525039 0.450625 0.007266 0.040139
5 0.540195 0.449097 0.006641 0.034306
20 0.361992 0.431875 0.025703 0.019583