21 0.94 0.504792 0.12 0.158472
20 0.482305 0.496181 0.093359 0.14125
5 0.693203 0.478056 0.025781 0.108889
5 0.716328 0.470417 0.016094 0.070556
5 0.702891 0.465694 0.012812 0.0725
5 0.647031 0.458056 0.008594 0.045833
5 0.639531 0.456111 0.008594 0.041944
5 0.562266 0.456111 0.010781 0.061111
5 0.572461 0.450417 0.009609 0.045833
13 0.582656 0.454236 0.010781 0.049583
5 0.586953 0.451319 0.008594 0.047639
13 0.556367 0.453264 0.009609 0.047639
4 0.544023 0.443681 0.006484 0.03625
13 0.531133 0.458056 0.015078 0.057222
14 0.418438 0.43125 0.032188 0.061111
20 0.35668 0.430347 0.028984 0.024861
20 0.327695 0.429375 0.026797 0.022917
5 0.230586 0.453264 0.012891 0.055417
20 0.240234 0.422708 0.034375 0.032361