20 0.157031 0.421806 0.044062 0.030556
20 0.273477 0.435139 0.036484 0.026667
20 0.305703 0.434167 0.034375 0.028611
14 0.353477 0.426528 0.052578 0.089722
20 0.462969 0.498056 0.099844 0.145
4 0.524141 0.451389 0.0075 0.043889
5 0.546133 0.46375 0.012891 0.065
5 0.556367 0.460903 0.009609 0.055417
5 0.562266 0.471389 0.019375 0.091667
5 0.572461 0.461875 0.013984 0.06875
5 0.582109 0.46375 0.013906 0.068611
5 0.590195 0.464653 0.012891 0.066806
5 0.65457 0.468472 0.015078 0.059167
5 0.666367 0.468542 0.012891 0.062917
0 0.783945 0.513403 0.037578 0.064861
5 0.789844 0.492361 0.023594 0.118333
5 0.814531 0.498056 0.023594 0.114444
5 0.96 0.551528 0.056875 0.267222