20 0.439883 0.501944 0.100859 0.145
13 0.065234 0.485694 0.032187 0.1125
20 0.125352 0.424653 0.047266 0.03625
20 0.25418 0.437917 0.040859 0.028611
14 0.314297 0.430347 0.072969 0.112639
20 0.456523 0.457986 0.054766 0.06875
13 0.502656 0.4675 0.016094 0.0725
4 0.523594 0.453264 0.008594 0.047639
5 0.559609 0.469514 0.016094 0.080139
5 0.567109 0.467569 0.009687 0.06875
5 0.571406 0.472292 0.009687 0.082083
5 0.582656 0.482778 0.023594 0.118333
5 0.590703 0.470417 0.011875 0.081944
5 0.598789 0.474236 0.012891 0.089583
5 0.608945 0.472292 0.011797 0.082083
5 0.687305 0.478056 0.011797 0.066667
5 0.698594 0.477083 0.012812 0.0725
4 0.890742 0.514306 0.032266 0.150833
5 0.912734 0.521944 0.031094 0.169722
5 0.950859 0.526667 0.03 0.160278