20 0.484453 0.493333 0.099844 0.143056
5 0.7775 0.495208 0.033281 0.154583
5 0.73832 0.472292 0.019297 0.093472
4 0.747422 0.474236 0.018281 0.085972
5 0.760313 0.476111 0.016094 0.085833
20 0.205313 0.416944 0.039687 0.0325
20 0.309492 0.424583 0.037578 0.028611
20 0.338984 0.425556 0.03 0.026667
20 0.450625 0.438958 0.019375 0.034306
4 0.541875 0.439931 0.008594 0.03625
13 0.557422 0.452292 0.009688 0.057361
5 0.566563 0.457083 0.015 0.074444
5 0.577305 0.451319 0.012891 0.055417
13 0.586406 0.452292 0.013906 0.060972
5 0.593945 0.453194 0.011797 0.059167
5 0.65082 0.456111 0.013984 0.049722
5 0.661016 0.457986 0.010781 0.053472
5 0.724336 0.473264 0.012891 0.060972
14 0.396445 0.4275 0.037578 0.0725
0 0.747969 0.489514 0.019375 0.051528