13 0.09707 0.479583 0.032578 0.100556
13 0.686406 0.533264 0.049844 0.200972
4 0.588633 0.44375 0.015391 0.08
4 0.585273 0.476944 0.018203 0.115833
4 0.550781 0.4625 0.0125 0.066389
4 0.532578 0.4625 0.0125 0.066389
5 0.787969 0.44375 0.009531 0.035833
5 0.030937 0.476944 0.017188 0.102222
5 0.010195 0.476111 0.020391 0.103889
20 0.031289 0.436111 0.062578 0.078333
21 0.263789 0.435278 0.030703 0.049444
21 0.307852 0.442083 0.030703 0.049444
20 0.385039 0.438611 0.018203 0.025556
20 0.476523 0.451458 0.032578 0.047639
20 0.539766 0.442917 0.019219 0.027222
20 0.562773 0.449722 0.026797 0.0375
20 0.42957 0.450556 0.036484 0.052778
20 0.450156 0.477014 0.066094 0.109028
20 0.330391 0.495694 0.096719 0.129444
20 0.034141 0.791319 0.068281 0.383194
20 0.812852 0.448056 0.024922 0.034167
20 0.870859 0.448889 0.071875 0.052778