14 0.09918 0.425625 0.198359 0.419861
20 0.237031 0.437917 0.049375 0.028611
20 0.240742 0.432222 0.035391 0.028611
20 0.281016 0.441736 0.038594 0.03625
20 0.289062 0.437014 0.035469 0.030417
20 0.415742 0.502847 0.095547 0.139306
20 0.46082 0.473264 0.052578 0.091528
20 0.474258 0.460903 0.036484 0.055417
13 0.547773 0.477083 0.020391 0.083889
4 0.525234 0.450347 0.0075 0.034306
4 0.519336 0.449375 0.006484 0.03625
4 0.55582 0.457083 0.012891 0.047778
5 0.657266 0.502847 0.0225 0.139306
5 0.677109 0.504792 0.025781 0.143194
5 0.700742 0.498125 0.023672 0.14125
5 0.710938 0.501875 0.024687 0.156528
5 0.768906 0.556319 0.050469 0.284306
5 0.83168 0.505694 0.019297 0.103056
5 0.849414 0.505764 0.018203 0.110694
4 0.508594 0.452292 0.006406 0.034306
4 0.496797 0.451319 0.006406 0.032361
20 0.577266 0.442778 0.017188 0.026667