20 0.406055 0.501875 0.093359 0.137361
20 0.466172 0.474236 0.056875 0.089583
20 0.479609 0.459931 0.03 0.053472
20 0.021875 0.428403 0.04375 0.055417
20 0.217695 0.437014 0.053672 0.030417
20 0.265977 0.441806 0.047266 0.04
20 0.225195 0.433194 0.034297 0.030556
20 0.279961 0.439931 0.038672 0.03625
13 0.576211 0.481875 0.021484 0.089583
4 0.53918 0.451319 0.007578 0.03625
4 0.531133 0.450347 0.008516 0.038194
4 0.517734 0.453264 0.0075 0.032361
4 0.508047 0.452292 0.005313 0.034306
14 0.442031 0.454167 0.027969 0.045833
20 0.59125 0.442778 0.021406 0.026667
5 0.723828 0.515278 0.031094 0.152778
5 0.755508 0.518125 0.030078 0.150694
5 0.786094 0.544861 0.039687 0.230833
5 0.821523 0.549583 0.043984 0.232778
5 0.855859 0.541042 0.041875 0.230972
5 0.889688 0.544792 0.049375 0.257639
5 0.935273 0.547708 0.061172 0.236528
5 0.987773 0.532431 0.024453 0.145139