20 0.073594 0.437847 0.087188 0.068194
20 0.273359 0.439514 0.030625 0.047639
20 0.306445 0.446319 0.031641 0.047639
20 0.318398 0.496597 0.099609 0.127639
20 0.461211 0.456528 0.032578 0.051111
20 0.431484 0.477847 0.065156 0.104028
20 0.537344 0.450625 0.022031 0.032361
20 0.517734 0.444653 0.015313 0.02375
20 0.76207 0.450625 0.024922 0.035694
5 0.742422 0.446389 0.008594 0.0375
13 0.665781 0.521319 0.04125 0.170417
4 0.556523 0.443819 0.012422 0.05625
4 0.566602 0.474444 0.015391 0.103889
4 0.524414 0.463403 0.009609 0.047639
4 0.508594 0.459931 0.006719 0.057917
13 0.5 0.452361 0.010469 0.039167
13 0.214922 0.465903 0.017188 0.073194
20 0.036055 0.765694 0.072109 0.359444
13 0.106641 0.464236 0.013437 0.083472
4 0.121953 0.467639 0.013437 0.076667