20 0.097461 0.433194 0.060078 0.045833
14 0.252031 0.420764 0.126719 0.165972
20 0.427539 0.507639 0.097734 0.141111
20 0.456523 0.477083 0.054766 0.091667
20 0.473164 0.462778 0.034297 0.055278
13 0.524141 0.478056 0.018281 0.078333
4 0.541328 0.462847 0.011875 0.051528
4 0.496797 0.453264 0.006406 0.032361
4 0.508047 0.453264 0.0075 0.03625
4 0.512891 0.453264 0.006406 0.03625
20 0.560117 0.445625 0.017109 0.024861
5 0.662617 0.489514 0.022578 0.104861
5 0.639531 0.510486 0.032188 0.165972
5 0.613242 0.487639 0.020391 0.105
5 0.599297 0.487639 0.013906 0.101111
5 0.597656 0.479028 0.017188 0.091667
5 0.622383 0.486597 0.012891 0.080139
5 0.745313 0.495208 0.016094 0.082083
5 0.760313 0.494306 0.016094 0.087778