21 0.217773 0.430139 0.047891 0.059722
20 0.399375 0.433542 0.020156 0.029028
20 0.371094 0.442917 0.034531 0.047778
20 0.443437 0.439514 0.035469 0.054583
20 0.487539 0.442083 0.027734 0.052778
20 0.536406 0.431875 0.023906 0.035694
20 0.598711 0.447153 0.046953 0.05625
20 0.561328 0.438611 0.027812 0.039167
20 0.462148 0.472778 0.070859 0.114167
20 0.335664 0.486389 0.097734 0.124444
20 0.079687 0.713819 0.159375 0.531528
4 0.649023 0.445486 0.023047 0.13125
4 0.610703 0.475278 0.02875 0.156667
5 0.586211 0.461667 0.018203 0.088611
4 0.5575 0.461667 0.01625 0.088611
13 0.690664 0.552847 0.068047 0.274306
13 0.52875 0.442083 0.0125 0.046111
5 0.26332 0.444653 0.010547 0.047639
13 0.0525 0.479583 0.04125 0.093611