13 0.542148 0.448056 0.012422 0.047778
4 0.596758 0.476181 0.018203 0.110694
4 0.626953 0.495764 0.030625 0.177083
5 0.708906 0.456528 0.029687 0.153333
21 0.19 0.436111 0.051719 0.068056
21 0.273867 0.438681 0.039297 0.049306
5 0.24082 0.457431 0.011484 0.05625
20 0.555586 0.439514 0.023984 0.034028
20 0.579531 0.447153 0.029687 0.042639
20 0.628867 0.448056 0.061328 0.068056
13 0.52875 0.428472 0.0125 0.022222
20 0.496641 0.448889 0.034531 0.052778
20 0.454961 0.448889 0.029766 0.052778
20 0.401758 0.440347 0.019141 0.029028
20 0.476992 0.475347 0.069922 0.109028
20 0.330859 0.454028 0.045937 0.063056
20 0.355313 0.495764 0.094844 0.125972
20 0.111289 0.704444 0.222578 0.550278