5 0.838867 0.564514 0.038047 0.211806
5 0.906328 0.523264 0.026562 0.158472
20 0.057656 0.494375 0.088125 0.11625
6 0.181094 0.475417 0.037344 0.089722
20 0.085508 0.467431 0.086172 0.076806
20 0.357695 0.489722 0.067109 0.094444
20 0.471992 0.476736 0.053047 0.085972
20 0.421211 0.466875 0.038203 0.057917
13 0.551133 0.475069 0.014297 0.074583
20 0.135937 0.470556 0.05375 0.056944
5 0.933242 0.527014 0.020547 0.151806
13 0.948984 0.519653 0.021875 0.154306
20 0.58625 0.47125 0.03625 0.057222
20 0.618047 0.473403 0.054219 0.045694
5 0.242188 0.465139 0.010625 0.051667