20 0.677617 0.507222 0.071641 0.103056
20 0.72043 0.496042 0.097734 0.059861
13 0.564844 0.493056 0.023438 0.109444
20 0.449336 0.485764 0.059141 0.094028
20 0.490117 0.473958 0.036797 0.062917
20 0.400312 0.476111 0.044844 0.068333
20 0.333359 0.495764 0.079219 0.104583
5 0.046797 0.483542 0.017812 0.080139
5 0.063867 0.486597 0.017734 0.095972
11 0.240391 0.464931 0.045469 0.050972
6 0.636133 0.484097 0.048516 0.079028
5 0.640898 0.498125 0.021172 0.102083
5 0.579844 0.485764 0.011875 0.063194
20 0.551953 0.469097 0.031719 0.047639
13 0.517734 0.470069 0.014531 0.048194