13 0.12957 0.475625 0.027422 0.082361
13 0.492734 0.48625 0.03 0.118889
13 0.714375 0.633403 0.13375 0.461806
21 0.220469 0.479375 0.090937 0.13875
20 0.075547 0.5175 0.128594 0.163056
20 0.075938 0.670764 0.151875 0.457361
20 0.310508 0.448958 0.023984 0.029028
20 0.349961 0.496181 0.092578 0.132639
20 0.406523 0.556458 0.188672 0.314028
20 0.822852 0.471806 0.055703 0.096111
20 0.881172 0.503056 0.095156 0.125
20 0.944219 0.546528 0.111562 0.184444
20 0.988359 0.665417 0.023281 0.1875
20 0.803945 0.519097 0.131172 0.141806
20 0.633789 0.505347 0.245234 0.169306
13 0.503867 0.448889 0.011172 0.047222
5 0.527422 0.455 0.010313 0.047222
5 0.537305 0.455764 0.007734 0.04875
5 0.54418 0.458056 0.004297 0.044167
5 0.551445 0.456528 0.008516 0.056389
5 0.571172 0.453472 0.008594 0.056389