13 0.533008 0.455 0.014609 0.053333
5 0.548008 0.456528 0.013672 0.059444
5 0.566445 0.461111 0.014609 0.053333
13 0.704102 0.622708 0.114922 0.452639
5 0.009922 0.503056 0.019844 0.125
6 0.256445 0.463403 0.034297 0.057917
20 0.025781 0.8125 0.051562 0.338333
20 0.328906 0.502292 0.100312 0.13875
20 0.60375 0.487014 0.16125 0.126528
20 0.777383 0.46875 0.045391 0.086944
20 0.760234 0.499236 0.081406 0.11125
20 0.688203 0.527431 0.162031 0.225694
20 0.44125 0.550347 0.180938 0.292639
21 0.891484 0.535764 0.203281 0.245417