13 0.220039 0.479444 0.023203 0.093056
13 0.539883 0.449653 0.011172 0.04875
5 0.551875 0.452708 0.011094 0.042639
5 0.561289 0.451181 0.011172 0.039583
13 0.664648 0.619653 0.111484 0.449583
20 0.015039 0.533542 0.030078 0.204306
20 0.087109 0.495417 0.096875 0.131111
20 0.382539 0.464931 0.044609 0.064028
20 0.332773 0.499236 0.097734 0.135694
20 0.448125 0.537361 0.167187 0.272778
20 0.60332 0.480139 0.155234 0.109722
20 0.700625 0.528958 0.150937 0.231806
21 0.840391 0.520556 0.150937 0.208889
6 0.26418 0.461111 0.029141 0.056389
5 0.029258 0.495417 0.018828 0.115833