13 0.662734 0.637917 0.115156 0.463889
13 0.350195 0.447917 0.006641 0.039167
15 0.055937 0.389375 0.111875 0.347917
20 0.157187 0.482292 0.055937 0.069861
20 0.209766 0.464514 0.027969 0.04625
20 0.274688 0.540278 0.148438 0.209444
20 0.371875 0.463958 0.032656 0.056806
20 0.406133 0.460347 0.018672 0.033194
20 0.441758 0.48875 0.073828 0.125556
20 0.681719 0.474028 0.097187 0.081667
20 0.738984 0.480486 0.103906 0.094583
20 0.777891 0.483472 0.107187 0.100556
20 0.829531 0.509444 0.14375 0.136111
20 0.898086 0.516528 0.162422 0.150278
21 0.753281 0.452708 0.076563 0.069861
17 0.621172 0.462153 0.107813 0.124306
5 0.546914 0.468056 0.013984 0.072222
5 0.557266 0.479861 0.013281 0.100556
5 0.600508 0.491736 0.014609 0.107639
5 0.616797 0.495903 0.020625 0.11125
5 0.648789 0.481042 0.016641 0.102917