20 0.964023 0.540278 0.071953 0.2
13 0.647109 0.629583 0.105156 0.414167
5 0.512969 0.475139 0.01 0.050833
5 0.522305 0.473333 0.011328 0.063889
5 0.530977 0.480486 0.013984 0.085139
5 0.558906 0.48875 0.015313 0.09
5 0.585547 0.497639 0.015312 0.095833
5 0.592891 0.478125 0.01 0.061528
5 0.97332 0.633125 0.053359 0.319583
15 0.123906 0.407708 0.227656 0.35375
20 0.399492 0.463889 0.022578 0.037778
20 0.3675 0.471597 0.035937 0.057917
20 0.264688 0.559167 0.163125 0.233056
20 0.442422 0.493542 0.075156 0.125417
20 0.63543 0.480486 0.080547 0.075694
20 0.707031 0.489306 0.089219 0.091111
20 0.732656 0.504097 0.104531 0.106528
20 0.78293 0.51 0.126484 0.118333
21 0.871797 0.516597 0.157813 0.152639
17 0.581563 0.466875 0.0925 0.102917