13 0.526992 0.621597 0.110234 0.424306
6 0.211523 0.472986 0.049453 0.067639
13 0.1925 0.479722 0.0175 0.075556
5 0.565352 0.460833 0.007578 0.043333
13 0.586641 0.468264 0.010625 0.055417
5 0.593086 0.470278 0.008359 0.059444
5 0.602617 0.473681 0.012109 0.055417
5 0.693086 0.492569 0.019766 0.082361
20 0.127617 0.708819 0.255234 0.544583
14 0.318359 0.441875 0.072969 0.11625
20 0.360117 0.470972 0.047109 0.068889
20 0.441094 0.527708 0.152812 0.217639
20 0.647461 0.459444 0.041016 0.0325
20 0.686992 0.474306 0.076016 0.062222
20 0.700664 0.477708 0.068359 0.055417
21 0.722344 0.477708 0.06 0.071528
20 0.748164 0.487222 0.069141 0.079722
20 0.800938 0.581736 0.398125 0.312083
17 0.608828 0.453819 0.057969 0.065139