5 0.818125 0.510139 0.023594 0.120278
14 0.104062 0.437847 0.208125 0.305417
15 0.468086 0.410139 0.044141 0.106667
20 0.266992 0.644583 0.362578 0.440556
20 0.512539 0.439861 0.017422 0.031111
20 0.557031 0.452708 0.028906 0.04875
20 0.532305 0.462847 0.044922 0.069028
20 0.620078 0.497292 0.101875 0.172917
20 0.723867 0.456806 0.064609 0.059444
20 0.78125 0.470278 0.088125 0.075556
20 0.794961 0.472292 0.082109 0.077083
21 0.833711 0.471667 0.088203 0.089167
21 0.886523 0.508125 0.111797 0.145972
20 0.986016 0.860833 0.027969 0.226944
17 0.687383 0.451458 0.060547 0.084028