5 0.483359 0.476944 0.010625 0.078056
5 0.505312 0.483403 0.013281 0.074583
5 0.531289 0.487569 0.013359 0.082917
5 0.773281 0.573958 0.040625 0.208194
13 0.615195 0.612986 0.095859 0.383472
21 0.750625 0.502361 0.121875 0.121944
21 0.858828 0.521319 0.155781 0.152639
20 0.926719 0.601736 0.146562 0.301806
20 0.570586 0.475139 0.065234 0.0675
21 0.621172 0.476944 0.091875 0.082778
20 0.644102 0.495208 0.085859 0.08875
20 0.689063 0.498819 0.105156 0.095972
20 0.11457 0.481667 0.059922 0.073333
20 0.316289 0.447986 0.016016 0.020139
20 0.366523 0.461528 0.024609 0.035556
20 0.337539 0.4675 0.034609 0.054444
20 0.230078 0.566875 0.184375 0.255694
20 0.425078 0.492917 0.079219 0.131389
15 0.201445 0.400556 0.115234 0.195278
17 0.526953 0.455069 0.079219 0.079306