20 0.731328 0.431319 0.0925 0.08875
13 0.904062 0.510069 0.099844 0.272083
13 0.045977 0.494653 0.039922 0.089861
4 0.475039 0.445556 0.009922 0.055556
5 0.981641 0.494653 0.036719 0.24375
5 0.634141 0.4675 0.03125 0.123056
5 0.527617 0.447917 0.008672 0.053333
5 0.193789 0.466875 0.010703 0.062639
10 0.851484 0.437917 0.022656 0.059167
20 0.76957 0.436042 0.123828 0.074583
20 0.580898 0.442569 0.067266 0.052083
20 0.311289 0.439028 0.013984 0.021389
20 0.293281 0.441389 0.023281 0.030833
20 0.226055 0.465139 0.055234 0.063889
20 0.123906 0.500625 0.1025 0.130139
20 0.37418 0.423681 0.038672 0.078194
20 0.368203 0.46625 0.047969 0.078056
20 0.426133 0.485764 0.085234 0.147917
17 0.360898 0.434931 0.031953 0.065139
17 0.460039 0.430833 0.026641 0.054444