13 0.288672 0.478125 0.040625 0.139583
13 0.174492 0.459167 0.014609 0.051944
5 0.605508 0.456806 0.011328 0.061667
5 0.618164 0.450903 0.009922 0.061528
5 0.62418 0.472153 0.019297 0.097083
5 0.544609 0.449097 0.007969 0.039028
5 0.013711 0.491181 0.015391 0.06625
5 0.016406 0.481042 0.015313 0.084028
21 0.871445 0.459167 0.150391 0.165556
21 0.944063 0.460347 0.111875 0.170417
20 0.777578 0.462708 0.139844 0.092361
20 0.072656 0.481667 0.086563 0.080556
20 0.264023 0.455625 0.036641 0.064028
17 0.31625 0.426597 0.069219 0.124306
14 0.376836 0.418333 0.077266 0.126667
20 0.409805 0.612986 0.281641 0.456806
17 0.514336 0.430764 0.039297 0.089861
13 0.570898 0.451528 0.013984 0.036667