5 0.540938 0.433681 0.007344 0.039028
13 0.588906 0.450278 0.015313 0.069722
5 0.154844 0.456181 0.01125 0.057917
5 0.170469 0.455556 0.013281 0.059167
5 0.895391 0.517708 0.063906 0.301806
13 0.820547 0.620139 0.1325 0.435556
13 0.346562 0.450903 0.024687 0.092361
10 0.099922 0.465139 0.030625 0.059167
10 0.042344 0.479306 0.03 0.054444
21 0.707031 0.437847 0.10125 0.094583
20 0.755273 0.454444 0.129766 0.137222
21 0.830156 0.468056 0.245 0.183333
20 0.946367 0.436111 0.107266 0.145556
20 0.192148 0.46625 0.047266 0.078056
20 0.308281 0.437292 0.027969 0.041528
14 0.393164 0.410625 0.049922 0.097083
17 0.370547 0.424861 0.043281 0.080556
20 0.403477 0.475139 0.075859 0.114722
17 0.498672 0.424236 0.037344 0.065139
20 0.446719 0.496389 0.119844 0.195278
20 0.65543 0.439028 0.071172 0.059167
20 0.968359 0.445556 0.063281 0.119444
0 0.654453 0.466319 0.018594 0.042639