14 0.142031 0.444375 0.189375 0.231528
20 0.407734 0.486806 0.078906 0.130833
13 0.531875 0.502431 0.028594 0.140417
13 0.617969 0.474167 0.019688 0.096111
20 0.544063 0.450972 0.085625 0.056389
20 0.352187 0.467986 0.039688 0.067917
20 0.982695 0.471528 0.034609 0.171389
20 0.911953 0.455625 0.14375 0.174583
21 0.83793 0.448472 0.142578 0.179444
5 0.643359 0.470972 0.017969 0.131389
20 0.615195 0.440625 0.055234 0.054861
5 0.663867 0.471806 0.026797 0.135556
20 0.629727 0.438403 0.090547 0.05875
5 0.550859 0.460139 0.013594 0.08
20 0.542891 0.445 0.08875 0.067778