13 0.850469 0.624236 0.127187 0.424861
4 0.519609 0.451458 0.015313 0.057917
5 0.587187 0.452639 0.013281 0.060278
5 0.600195 0.449097 0.013984 0.055694
13 0.620469 0.468056 0.02 0.093611
5 0.535937 0.450903 0.007969 0.033194
5 0.547617 0.449097 0.008672 0.041528
5 0.039688 0.482222 0.01125 0.058056
5 0.043672 0.471597 0.01125 0.055694
20 0.093633 0.475139 0.077891 0.069722
17 0.329922 0.436667 0.064531 0.127778
14 0.376211 0.418958 0.067891 0.115972
17 0.505977 0.429583 0.034609 0.082778
20 0.420781 0.562708 0.214375 0.344306
20 0.744961 0.457986 0.119766 0.082917
21 0.829492 0.453819 0.146484 0.147917
21 0.917422 0.455625 0.165156 0.15375
0 0.759961 0.497639 0.033984 0.069722