20 0.971992 0.459167 0.056016 0.186944
20 0.055664 0.478125 0.088516 0.087639
20 0.191094 0.452083 0.058594 0.078056
17 0.305312 0.410694 0.068594 0.113611
14 0.37918 0.404167 0.075234 0.119444
17 0.519336 0.434306 0.059922 0.118333
20 0.394805 0.665069 0.384766 0.603472
20 0.803555 0.457986 0.141172 0.099306
0 0.844805 0.510069 0.051953 0.089861
13 0.663086 0.515347 0.058516 0.211806
13 0.629805 0.442014 0.013359 0.055694
5 0.642461 0.439653 0.014609 0.069861
5 0.634453 0.4675 0.015937 0.099444
5 0.017383 0.475139 0.013359 0.065
4 0.541641 0.447986 0.015313 0.084028