20 0.399492 0.478403 0.050859 0.075139
20 0.481133 0.480347 0.061172 0.097917
20 0.43418 0.461806 0.029766 0.043333
20 0.738398 0.483125 0.056172 0.063472
20 0.887187 0.497639 0.093281 0.093333
20 0.018125 0.519583 0.03625 0.133333
20 0.452852 0.449514 0.011953 0.022361
13 0.574687 0.470833 0.018281 0.067222
5 0.563477 0.446597 0.006953 0.034306
5 0.108711 0.479167 0.010859 0.069444
5 0.099141 0.474375 0.008281 0.065972
4 0.524961 0.458681 0.009453 0.045694
20 0.022891 0.503889 0.045781 0.130833