20 0.470586 0.465833 0.055391 0.091944
20 0.399531 0.463403 0.045781 0.06875
20 0.430938 0.448403 0.022813 0.037639
20 0.985 0.522986 0.03 0.090694
13 0.566719 0.465278 0.022031 0.085278
5 0.641953 0.445 0.016094 0.074722
5 0.584727 0.439583 0.008203 0.045278
4 0.534609 0.454097 0.012344 0.063194
10 0.624141 0.450139 0.012344 0.0375
10 0.031836 0.487014 0.026797 0.07125
10 0.105937 0.475972 0.011094 0.037778
10 0.093945 0.476944 0.013672 0.033333
13 0.009609 0.520069 0.019219 0.065694
10 0.693359 0.464792 0.020156 0.03625