20 0.416445 0.459028 0.039453 0.055833
20 0.44332 0.445486 0.019609 0.029583
20 0.478594 0.460278 0.04375 0.071389
21 0.52793 0.439861 0.016641 0.034722
20 0.460273 0.437569 0.007891 0.014861
13 0.566602 0.481319 0.032422 0.117361
5 0.660039 0.456458 0.015391 0.078194
5 0.672383 0.458056 0.016484 0.071111
10 0.616719 0.442986 0.022344 0.038472
10 0.638672 0.455347 0.029375 0.045417
10 0.831875 0.471875 0.035313 0.104861
6 0.509141 0.444097 0.015937 0.042361
10 0.99168 0.516944 0.016641 0.081944
10 0.807227 0.475764 0.039453 0.057917