13 0.188828 0.471111 0.016719 0.06
20 0.288984 0.507917 0.158125 0.224444
20 0.450898 0.454861 0.034922 0.058333
20 0.442891 0.45375 0.028125 0.045
20 0.489258 0.453333 0.029609 0.044167
13 0.520352 0.449514 0.005391 0.028194
13 0.510195 0.445139 0.004609 0.025556
6 0.532891 0.447292 0.018438 0.05375
21 0.575117 0.447361 0.026797 0.058056
20 0.596367 0.457569 0.037266 0.048472
13 0.555977 0.486597 0.034141 0.128472
4 0.701406 0.515903 0.046094 0.229583
10 0.642539 0.482847 0.057891 0.065139
10 0.649883 0.478611 0.055859 0.061111
10 0.747852 0.459931 0.023203 0.051528
10 0.713789 0.465139 0.025078 0.0475
10 0.812578 0.465625 0.058906 0.070694
10 0.986563 0.536944 0.026875 0.090833
5 0.074922 0.489653 0.017344 0.087083