10 0.82375 0.487639 0.023281 0.084167
5 0.770312 0.472153 0.020469 0.112083
5 0.755234 0.468403 0.020781 0.119583
10 0.711602 0.466597 0.048047 0.055972
10 0.666016 0.447917 0.033437 0.040833
4 0.599727 0.479306 0.020391 0.120278
13 0.539492 0.484236 0.032422 0.123194
20 0.485781 0.455 0.039844 0.066667
20 0.429883 0.454236 0.032266 0.051528
20 0.459453 0.441736 0.019688 0.029306
6 0.521484 0.4425 0.018594 0.047778
10 0.62125 0.445069 0.021094 0.037083
5 0.582656 0.441875 0.009844 0.044306
13 0.505937 0.440694 0.0075 0.030278
10 0.792812 0.486389 0.031719 0.0775