5 0.128438 0.467292 0.020156 0.066528
20 0.434258 0.458264 0.031328 0.04875
20 0.479141 0.458542 0.040313 0.063194
20 0.489336 0.456736 0.028672 0.043472
20 0.464219 0.447014 0.015781 0.028194
13 0.506758 0.446181 0.005703 0.028194
10 0.956914 0.517014 0.039453 0.112361
10 0.905742 0.512361 0.049297 0.104722
10 0.930234 0.509722 0.040469 0.101111
5 0.859453 0.491944 0.025469 0.15
5 0.84125 0.488889 0.025938 0.161111
10 0.868828 0.489444 0.035469 0.091389
5 0.820469 0.483194 0.010469 0.073611
10 0.770117 0.482917 0.056016 0.066667
10 0.701719 0.455556 0.041094 0.047778
10 0.642852 0.453889 0.028047 0.038889
4 0.623711 0.489722 0.029141 0.146389
10 0.588711 0.469792 0.037734 0.042083
20 0.568555 0.453264 0.027891 0.036806
13 0.544687 0.487569 0.033438 0.127083
6 0.526328 0.447917 0.024219 0.049722
10 0.671563 0.453611 0.015469 0.032778