20 0.326641 0.497153 0.125156 0.188194
20 0.431094 0.454236 0.032187 0.052639
20 0.448633 0.452153 0.024453 0.040139
20 0.462617 0.445694 0.013672 0.023333
20 0.47375 0.440972 0.01125 0.016389
20 0.494648 0.455347 0.030078 0.044306
13 0.512109 0.450903 0.006875 0.032639
6 0.533281 0.4525 0.021875 0.063611
13 0.558516 0.489722 0.037031 0.136944
20 0.591758 0.441944 0.035234 0.04
21 0.613789 0.456528 0.046641 0.093611
20 0.661133 0.476042 0.071797 0.089028
10 0.749023 0.468819 0.036953 0.055694
5 0.770977 0.475764 0.024453 0.122083
5 0.804023 0.480208 0.024766 0.113194
5 0.889805 0.475694 0.025703 0.186667
5 0.958711 0.464861 0.036328 0.182778
10 0.916719 0.4825 0.067031 0.093056
10 0.89668 0.555417 0.127266 0.161111
10 0.968555 0.627569 0.062891 0.207361