20 0.325625 0.500625 0.130781 0.199306
20 0.440234 0.457153 0.032188 0.052917
20 0.454648 0.456736 0.023672 0.042083
20 0.472969 0.447153 0.01125 0.019861
20 0.482734 0.443056 0.01 0.014167
20 0.499531 0.456597 0.031094 0.044583
13 0.518125 0.453264 0.007031 0.030694
6 0.538633 0.451597 0.022734 0.060972
13 0.559102 0.489653 0.036484 0.136528
21 0.601484 0.454653 0.035469 0.076806
20 0.635195 0.470486 0.053359 0.070694
5 0.71332 0.469306 0.014922 0.083333
5 0.75457 0.462361 0.019453 0.111389
10 0.787305 0.530347 0.102578 0.124861
10 0.74793 0.509167 0.080859 0.105
5 0.830859 0.449792 0.025313 0.11125
4 0.921133 0.619028 0.110703 0.493056
10 0.855469 0.474306 0.061094 0.1075