20 0.425469 0.45625 0.034844 0.051667
20 0.485234 0.456667 0.042031 0.066944
20 0.453359 0.443264 0.020156 0.030694
20 0.538477 0.439653 0.019922 0.039583
20 0.507422 0.436042 0.01375 0.022917
13 0.55207 0.482431 0.034141 0.122361
4 0.580352 0.471458 0.021797 0.108194
13 0.068789 0.486528 0.031328 0.095
5 0.700273 0.461806 0.018516 0.096667
5 0.714687 0.464653 0.016719 0.090972
10 0.641172 0.442847 0.027344 0.042361
10 0.673672 0.456389 0.039062 0.053056
10 0.747344 0.469653 0.021719 0.074583
10 0.72957 0.470278 0.022422 0.066944
10 0.924023 0.497847 0.056484 0.063472
6 0.516836 0.441597 0.016797 0.050694
10 0.982891 0.475556 0.033437 0.161944
10 0.891289 0.479931 0.035703 0.067083
5 0.612969 0.439375 0.00625 0.029028