5 0.222227 0.466042 0.008516 0.047917
20 0.332422 0.494514 0.112031 0.171528
20 0.42832 0.456181 0.028984 0.045694
20 0.441367 0.454236 0.019609 0.03625
20 0.45375 0.449514 0.012656 0.017917
20 0.483242 0.460347 0.030703 0.045139
20 0.496836 0.443403 0.008516 0.015972
6 0.524844 0.460069 0.029531 0.082361
20 0.510781 0.448611 0.018281 0.034722
20 0.541328 0.45625 0.022344 0.040833
13 0.571406 0.513264 0.048594 0.177083
20 0.634297 0.451111 0.06375 0.047222
5 0.664805 0.462917 0.018203 0.068333
10 0.721719 0.495903 0.063437 0.095694
10 0.696016 0.482917 0.03 0.06
21 0.821875 0.500556 0.177188 0.2625