10 0.848984 0.544028 0.088125 0.078889
10 0.817461 0.507708 0.050547 0.072361
10 0.791367 0.504306 0.059297 0.079167
5 0.727148 0.471042 0.022578 0.084306
20 0.671914 0.457431 0.071328 0.060139
20 0.554648 0.461875 0.026016 0.040972
20 0.519258 0.451111 0.018359 0.033056
6 0.53582 0.464097 0.031484 0.088472
13 0.586016 0.533542 0.044375 0.192639
20 0.49125 0.461389 0.031406 0.045
20 0.446328 0.453264 0.022187 0.035694
20 0.436055 0.456944 0.026016 0.043333
20 0.34125 0.496875 0.10625 0.164861
13 0.046641 0.505625 0.037187 0.106528
20 0.664375 0.451806 0.064062 0.055556