20 0.531328 0.464306 0.036406 0.047222
20 0.594766 0.458958 0.031562 0.055139
5 0.666758 0.448542 0.009922 0.050694
6 0.632227 0.481944 0.054297 0.152222
21 0.708359 0.489375 0.076875 0.103472
20 0.827344 0.463333 0.138281 0.105833
20 0.829023 0.464097 0.132422 0.099306
20 0.878438 0.468472 0.102344 0.083056
20 0.891758 0.484444 0.104609 0.0925
20 0.961172 0.455972 0.077344 0.085278
20 0.971836 0.464375 0.056328 0.126806
20 0.985859 0.514583 0.028281 0.084444
13 0.909648 0.695 0.180703 0.574722
21 0.427617 0.490417 0.087891 0.144722
20 0.177422 0.504861 0.105625 0.098333
6 0.815 0.476389 0.058906 0.166667