17 0.507852 0.436667 0.023203 0.064722
13 0.038008 0.541042 0.076016 0.199306
13 0.523164 0.466319 0.020859 0.087917
13 0.466406 0.444931 0.007969 0.034306
13 0.460156 0.441111 0.006719 0.028889
20 0.41832 0.45375 0.039141 0.052778
20 0.438281 0.442083 0.018125 0.033056
20 0.689688 0.534722 0.205781 0.333889
20 0.12793 0.486597 0.131797 0.170417
21 0.597773 0.501111 0.156484 0.203333
20 0.23875 0.468819 0.065312 0.087083
20 0.277969 0.455694 0.031094 0.060833
20 0.316133 0.454306 0.041016 0.06
20 0.557188 0.452014 0.049219 0.074583
21 0.487266 0.44 0.019062 0.035833