13 0.484141 0.470764 0.009844 0.044583
20 0.243555 0.473542 0.071953 0.087917
20 0.417656 0.474444 0.033437 0.048611
20 0.612695 0.496944 0.087578 0.128056
21 0.555625 0.474861 0.052969 0.074722
21 0.500313 0.461806 0.02375 0.042222
20 0.453398 0.4625 0.019766 0.026944
13 0.462656 0.458542 0.008438 0.017639
20 0.477891 0.457847 0.010312 0.019583
10 0.691953 0.525069 0.057031 0.099028
17 0.525508 0.459444 0.032266 0.073889
20 0.469648 0.453472 0.005391 0.011944
16 0.494688 0.442708 0.029062 0.044861