10 0.094336 0.505972 0.050234 0.069444
10 0.054023 0.510972 0.043984 0.063889
10 0.776055 0.50875 0.063203 0.085278
10 0.858281 0.485625 0.060156 0.055972
13 0.49082 0.533125 0.058516 0.242361
13 0.524727 0.452917 0.011641 0.048333
13 0.511211 0.473819 0.021016 0.084306
20 0.238398 0.472708 0.043359 0.061806
6 0.169766 0.475139 0.061875 0.074167
17 0.279258 0.461389 0.039766 0.053056
20 0.404766 0.435208 0.01625 0.01875
21 0.42207 0.434167 0.013984 0.021111
20 0.476836 0.444514 0.014922 0.024306
20 0.499336 0.443264 0.015391 0.01625
20 0.51625 0.438542 0.009844 0.013472
20 0.365781 0.446944 0.031094 0.038889
6 0.914219 0.509861 0.171562 0.305
20 0.40582 0.423194 0.013672 0.016944
16 0.597539 0.425625 0.091797 0.239028