13 0.776406 0.523819 0.077812 0.101528
13 0.87707 0.550278 0.118359 0.137222
13 0.960742 0.591042 0.078516 0.170139
6 0.970977 0.613542 0.058047 0.416528
13 0.083125 0.495625 0.056875 0.095972
13 0.518242 0.517917 0.045078 0.188056
13 0.493438 0.462778 0.024219 0.0825
6 0.67957 0.469931 0.097422 0.12375
21 0.589687 0.464583 0.054219 0.111944
10 0.640391 0.478264 0.037969 0.05375
16 0.560898 0.429028 0.078359 0.128889
20 0.47543 0.446736 0.013047 0.020972
20 0.503633 0.440069 0.013047 0.020417
20 0.300312 0.458056 0.025313 0.035556
5 0.280156 0.466667 0.014688 0.063056