13 0.480937 0.454861 0.024531 0.093889
10 0.949727 0.581528 0.093828 0.191667
10 0.865586 0.530972 0.078047 0.152778
10 0.825742 0.527847 0.090391 0.111806
20 0.263086 0.459236 0.036641 0.052639
13 0.152031 0.478542 0.049531 0.094583
10 0.675 0.478611 0.048906 0.064444
6 0.749961 0.471597 0.130859 0.174306
21 0.618203 0.463194 0.068125 0.155556
16 0.560156 0.421944 0.069844 0.166389
20 0.467539 0.434792 0.014922 0.024306
20 0.493437 0.435069 0.012969 0.027361
20 0.400195 0.429097 0.011641 0.018472
20 0.396484 0.418056 0.012031 0.018611
13 0.474883 0.439722 0.006797 0.027778
5 0.971797 0.446875 0.018281 0.131806
5 0.950859 0.448333 0.017344 0.128333
5 0.93125 0.442708 0.018281 0.133194
5 0.943086 0.441667 0.014141 0.127778
5 0.901992 0.446736 0.021016 0.125139
5 0.90918 0.446736 0.021016 0.125139
20 0.385625 0.441528 0.022188 0.0425