13 0.285312 0.480903 0.019844 0.064306
21 0.568555 0.461319 0.038047 0.07125
20 0.501523 0.457708 0.022266 0.034028
20 0.973281 0.6425 0.053438 0.3125
10 0.899336 0.557917 0.119453 0.163611
10 0.869844 0.529931 0.106719 0.183472
10 0.769297 0.522014 0.046875 0.088194
17 0.69332 0.458264 0.152109 0.185694
6 0.617695 0.462083 0.056797 0.075833
20 0.353516 0.463333 0.020313 0.034167
10 0.075664 0.524444 0.050391 0.071667
13 0.508516 0.461111 0.01 0.040556
5 0.834297 0.460833 0.012969 0.0875
20 0.493359 0.451667 0.012656 0.018611