13 0.640781 0.490486 0.040625 0.124306
13 0.595859 0.594653 0.089219 0.365694
10 0.752266 0.491667 0.025312 0.076944
10 0.831836 0.497639 0.061953 0.093611
10 0.813867 0.499375 0.060547 0.085139
10 0.898438 0.502986 0.084531 0.134861
10 0.95668 0.501181 0.086641 0.209583
20 0.045977 0.515347 0.091953 0.119583
21 0.43707 0.439583 0.013984 0.027222
20 0.540937 0.450278 0.022031 0.036667
20 0.550234 0.453264 0.025937 0.042639
20 0.503984 0.455 0.02125 0.031944
1 0.694063 0.466806 0.053906 0.091111
5 0.672422 0.446111 0.015937 0.045
5 0.176133 0.495278 0.036641 0.065
17 0.195117 0.484028 0.061172 0.0875