13 0.600859 0.457361 0.012656 0.062778
13 0.679375 0.495278 0.043281 0.145556
13 0.728984 0.635486 0.118438 0.473472
10 0.869102 0.514167 0.029922 0.100556
10 0.963672 0.515972 0.072656 0.144444
10 0.97832 0.522431 0.043359 0.152639
17 0.128906 0.490556 0.073906 0.100556
20 0.549258 0.446736 0.025234 0.041528
20 0.556602 0.454444 0.029297 0.0425
20 0.50832 0.451528 0.020703 0.036667
1 0.763594 0.473958 0.074531 0.119583
20 0.415781 0.439583 0.028594 0.031944
5 0.639453 0.449653 0.01 0.042639
5 0.028711 0.522431 0.020391 0.102917