13 0.226719 0.465069 0.03125 0.092361
13 0.385508 0.438403 0.010703 0.034306
13 0.400469 0.431944 0.007344 0.028333
13 0.552578 0.430764 0.012031 0.037917
10 0.583203 0.447917 0.025313 0.031944
10 0.941328 0.443819 0.06125 0.115972
20 0.312266 0.433125 0.066562 0.056806
1 0.354531 0.435486 0.025937 0.037917
20 0.393477 0.424861 0.031953 0.033056
21 0.411797 0.421944 0.017969 0.017778
20 0.518281 0.411806 0.012656 0.018889
21 0.538945 0.416528 0.012578 0.023611
20 0.580586 0.432569 0.031953 0.055694
20 0.635156 0.427847 0.04125 0.048472
20 0.468359 0.533125 0.137813 0.22375
20 0.734336 0.534306 0.207734 0.280556
20 0.905781 0.700556 0.188438 0.553889
5 0.15918 0.472778 0.016016 0.091111