5 0.220234 0.476042 0.022656 0.095417
13 0.238555 0.464653 0.009453 0.072639
13 0.308086 0.47125 0.016641 0.0675
13 0.333984 0.450903 0.011875 0.057917
20 0.295156 0.437431 0.064531 0.046806
1 0.345469 0.441319 0.036875 0.040417
20 0.448125 0.664236 0.298594 0.467917
20 0.587813 0.438819 0.037188 0.054028
13 0.595742 0.451389 0.010391 0.044167
20 0.648203 0.435486 0.062188 0.057917
10 0.667148 0.450903 0.017891 0.046806
10 0.668242 0.447778 0.033984 0.03
6 0.712656 0.463264 0.035781 0.073472
10 0.758828 0.436736 0.038125 0.048472
20 0.883711 0.679097 0.232578 0.612361