13 0.598906 0.452639 0.010937 0.039167
20 0.653281 0.430208 0.060312 0.047083
10 0.666328 0.452847 0.016875 0.043472
10 0.667266 0.448403 0.035 0.031528
6 0.714141 0.461944 0.034844 0.075
10 0.760313 0.440972 0.034687 0.036667
20 0.293516 0.437708 0.064219 0.045972
13 0.322344 0.462431 0.015938 0.068194
13 0.35 0.449931 0.012344 0.045972
1 0.342617 0.443472 0.021016 0.038889
13 0.223984 0.478681 0.027656 0.090417
13 0.17543 0.482292 0.020078 0.089861
20 0.448672 0.660903 0.302969 0.474306
20 0.884141 0.684167 0.231719 0.594167