13 0.598086 0.452986 0.013672 0.040694
10 0.578672 0.447431 0.018281 0.042639
13 0.661523 0.470069 0.021016 0.088194
20 0.658906 0.437708 0.067656 0.043472
6 0.713633 0.462778 0.036484 0.074722
10 0.760742 0.438194 0.039766 0.044722
1 0.341758 0.44375 0.023203 0.046389
20 0.296992 0.439236 0.063203 0.050417
13 0.275469 0.466736 0.014688 0.061528
5 0.258242 0.462222 0.010391 0.065
13 0.231562 0.485417 0.027812 0.103056
13 0.202656 0.482917 0.022812 0.099722
13 0.149023 0.486597 0.036016 0.082083
20 0.4475 0.665208 0.298594 0.465139
20 0.881055 0.673403 0.237891 0.61125