13 0.21875 0.479444 0.022344 0.083889
13 0.53 0.459583 0.015469 0.053333
13 0.701523 0.490833 0.027422 0.121944
13 0.847695 0.5175 0.062578 0.190556
20 0.241055 0.458819 0.080547 0.064028
1 0.298477 0.459583 0.030859 0.053333
20 0.350391 0.450486 0.017969 0.029028
20 0.554453 0.442847 0.035156 0.032083
20 0.451562 0.521319 0.100313 0.170694
20 0.615352 0.511389 0.132891 0.1875
6 0.770117 0.471806 0.056641 0.1325
20 0.924922 0.749236 0.150156 0.452639
10 0.714336 0.456528 0.037734 0.047222
6 0.956602 0.455 0.067734 0.086944
10 0.916719 0.445903 0.068594 0.086806
10 0.260352 0.474861 0.016328 0.041111
5 0.679648 0.449722 0.019766 0.088333
5 0.126562 0.471042 0.014531 0.079306