13 0.59793 0.454236 0.010703 0.044306
13 0.581367 0.453125 0.014141 0.039583
13 0.620625 0.463333 0.020156 0.073889
20 0.662383 0.437639 0.058984 0.044444
10 0.667539 0.455903 0.018672 0.044583
6 0.713945 0.465625 0.035234 0.07125
5 0.767656 0.4225 0.012344 0.073056
10 0.761758 0.445625 0.039609 0.032639
1 0.343555 0.446944 0.025703 0.044167
20 0.297187 0.446042 0.065312 0.044583
13 0.250898 0.473681 0.020234 0.070139
5 0.26332 0.465625 0.009922 0.06125
5 0.211875 0.454722 0.008281 0.064444
20 0.146875 0.510764 0.042031 0.11875
13 0.151289 0.484653 0.044297 0.08875
13 0.114297 0.488264 0.029375 0.089861
20 0.452773 0.646528 0.276172 0.432778
20 0.868477 0.667847 0.263047 0.560139