13 0.301914 0.469514 0.015391 0.057917
13 0.328086 0.462639 0.016328 0.053333
13 0.548008 0.461111 0.017109 0.047222
13 0.819414 0.503056 0.041953 0.140278
13 0.970352 0.532778 0.059297 0.230278
10 0.593477 0.466458 0.017109 0.045694
10 0.919727 0.442083 0.060859 0.073056
10 0.888437 0.445069 0.061719 0.070139
10 0.863125 0.446597 0.0575 0.07625
20 0.277891 0.453472 0.080625 0.059444
20 0.373945 0.446667 0.020547 0.024444
21 0.39582 0.438264 0.014609 0.019861
21 0.531719 0.434444 0.015469 0.021389
20 0.585742 0.446597 0.036016 0.051806
20 0.665039 0.455764 0.078047 0.085417
20 0.710078 0.541111 0.190313 0.265278
20 0.463555 0.547986 0.141484 0.227083
5 0.184883 0.459583 0.011172 0.065556
5 0.256914 0.465694 0.012891 0.071667