20 0.345703 0.472361 0.040156 0.063889
6 0.385 0.447292 0.009063 0.037639
13 0.402305 0.453056 0.007578 0.026111
13 0.425781 0.466944 0.012031 0.054167
20 0.460938 0.463333 0.032656 0.057778
13 0.465938 0.482847 0.021719 0.079861
21 0.510664 0.455833 0.060234 0.058056
20 0.515 0.459028 0.067344 0.059722
11 0.548008 0.455069 0.083984 0.075417
13 0.525312 0.523333 0.04125 0.176389
20 0.627891 0.472292 0.146563 0.09875
20 0.794531 0.463472 0.167187 0.110278
20 0.817187 0.511042 0.192188 0.168472
20 0.918789 0.523472 0.162422 0.182222
14 0.282227 0.451181 0.034766 0.088194
21 0.073086 0.465069 0.077578 0.060417
20 0.221836 0.604514 0.247578 0.324028