13 0.045469 0.496528 0.057813 0.119722
13 0.118008 0.490625 0.027734 0.079861
12 0.095078 0.484097 0.014375 0.062639
17 0.164883 0.463542 0.056016 0.106528
20 0.210938 0.468889 0.06 0.057778
20 0.243281 0.4575 0.054688 0.069167
20 0.303359 0.454931 0.061406 0.09625
21 0.32707 0.438889 0.037578 0.031667
20 0.366953 0.444653 0.028437 0.047917
20 0.44 0.576667 0.219219 0.320833
20 0.501328 0.442986 0.035781 0.054861
5 0.53125 0.438819 0.007188 0.036528
13 0.548477 0.447083 0.008984 0.045
20 0.555117 0.438889 0.019766 0.041667
13 0.592109 0.466736 0.020156 0.08625
20 0.638047 0.439167 0.0675 0.060278
10 0.659727 0.484722 0.026484 0.073333
5 0.676602 0.453403 0.008672 0.07125
5 0.692539 0.470972 0.014609 0.1
20 0.735586 0.448403 0.082109 0.066806
20 0.715117 0.445972 0.074609 0.066667
13 0.759883 0.523611 0.051797 0.226111
20 0.908359 0.463889 0.183281 0.184722