13 0.72168 0.528194 0.066016 0.236389
10 0.948867 0.484722 0.069453 0.125
10 0.896992 0.480139 0.042891 0.118889
10 0.844258 0.564792 0.055703 0.181528
20 0.017188 0.479375 0.034375 0.114306
20 0.056719 0.461875 0.070312 0.097639
20 0.136875 0.523681 0.186094 0.239306
20 0.284766 0.451944 0.024062 0.038056
20 0.443398 0.470278 0.061797 0.086944
20 0.632891 0.443542 0.053125 0.054861
20 0.657344 0.445833 0.067812 0.065556
20 0.707109 0.447431 0.10375 0.099028
20 0.79668 0.493125 0.156016 0.20875
20 0.517578 0.579236 0.225469 0.317083
21 0.3225 0.439792 0.044531 0.047361
21 0.349961 0.441319 0.030859 0.038194
20 0.981523 0.487778 0.036953 0.161667
10 0.993086 0.618889 0.013828 0.125