20 0.401289 0.4725 0.033516 0.060278
13 0.474531 0.466528 0.015 0.048056
21 0.500508 0.460972 0.029453 0.053333
20 0.555195 0.45375 0.048672 0.050278
11 0.576328 0.457639 0.070625 0.076944
13 0.526094 0.482222 0.016094 0.079444
20 0.646367 0.46625 0.104609 0.085278
13 0.597187 0.521597 0.039844 0.182361
20 0.771094 0.456111 0.115312 0.086111
20 0.770234 0.491806 0.155469 0.116667
5 0.802344 0.505208 0.024219 0.139861
5 0.835352 0.494375 0.026953 0.134306
20 0.863125 0.489653 0.187344 0.125139
5 0.927422 0.555903 0.044531 0.262083
10 0.851758 0.606528 0.108516 0.210833
10 0.961758 0.479861 0.042422 0.099722
10 0.978633 0.569514 0.042734 0.14625
21 0.225078 0.462292 0.049687 0.039306
21 0.156484 0.470972 0.070312 0.063333
20 0.080039 0.472361 0.072891 0.06
20 0.047578 0.490417 0.077187 0.0975
20 0.019805 0.52 0.039609 0.211667
20 0.334297 0.581319 0.20125 0.289028