14 0.23125 0.442708 0.049844 0.086528
20 0.315781 0.465694 0.036563 0.057778
20 0.335781 0.452361 0.020938 0.040556
6 0.367188 0.450417 0.007969 0.035833
13 0.383281 0.445972 0.006563 0.027222
13 0.399648 0.461736 0.011484 0.059861
5 0.413984 0.454236 0.008281 0.051528
13 0.42918 0.474722 0.014609 0.087222
20 0.446172 0.456042 0.031406 0.063472
21 0.499648 0.445625 0.057578 0.056806
20 0.511055 0.454514 0.063828 0.063472
11 0.547148 0.455625 0.103203 0.107917
20 0.651602 0.473056 0.180703 0.127778
13 0.476211 0.520069 0.036016 0.17375
20 0.120703 0.6525 0.241406 0.433889
20 0.891602 0.476111 0.216797 0.166944
20 0.920234 0.545764 0.159531 0.26875