4 1696.95 614.4 27.5 38.0
20 1518.0 657.35 146.8 107.5
14 1341.1 570.55 23.8 26.3
20 1233.75 611.5 29.1 28.2
20 1282.15 618.05 41.1 36.1
20 1337.4 633.95 65.2 53.1
20 1153.4 608.6 25.2 19.6
20 1115.4 603.95 22.0 17.1
20 1117.35 640.95 81.9 73.1
16 1007.2 594.6 58.8 41.6
14 976.55 571.85 28.3 26.9
20 982.35 611.6 53.9 34.0
20 927.05 611.95 34.9 28.7
20 880.55 618.5 34.3 23.4
20 842.45 617.05 23.7 21.7
20 785.95 619.1 35.9 23.0
20 635.25 614.35 46.1 27.5
20 577.65 624.5 52.9 33
20 541.3 653.25 178.6 70.1
20 434.4 630.15 50.4 33.1
20 245.0 638.4 38 32.0
20 19.65 646.35 39.3 68.7