4 2018.6 669.65 48.0 100.5
20 1623.65 678.15 187.7 138.7
14 1394.7 603.45 33.4 31.3
20 1417.85 663.35 81.7 64.7
20 1297.9 653.7 55.4 38.6
20 1152.25 669.35 96.9 82.3
5 1124.25 637.75 8.1 17.5
16 1002.65 619.75 79.7 55.9
14 955.35 601.65 51.1 46.9
20 965.65 645.25 72.9 44.5
17 879.6 640.15 14.0 33.1
20 920.8 644.2 52.0 34.0
20 811.3 654.3 49.8 30.6
20 713.1 653.9 49.8 30.6
20 611.4 653.8 56.4 35.6
20 517.5 632.55 38.2 20.3
20 463.05 665.5 53.7 28.2
20 285.6 666.85 57.2 36.9
20 133.8 659.7 120.0 71.8
20 47.3 723.55 94.6 151.1