4 1823.3 614.85 33.8 76.9
14 1374.6 557.0 32.4 25.2
20 1570.65 634.9 162.5 119.0
20 1390.3 621.3 73.4 60.2
20 1308.6 606.9 46.8 37.4
20 1258.65 598.0 28.1 27.2
20 1183.0 588.8 15.6 14.0
20 1145.05 628.5 89.7 77
20 1139.65 592.4 20.5 18.0
14 984.0 559.4 38.8 30.4
16 1020.8 581.2 68.0 45.6
20 993.15 603.2 63.5 38.0
20 947.25 602.4 43.7 33.2
20 888.1 603.95 24.2 20.7
20 869.5 612.5 42.2 27.8
20 820.65 620.75 46.5 21.5
20 806.8 612.55 34.0 20.7
20 737.15 616.8 44.7 30.0
20 583.25 595.85 27.3 15.3
20 601.45 625.65 38.1 23.3
20 492.35 612.25 45.5 38.5
20 507.05 607.35 58.9 30.3
20 281.95 658.7 241.1 100.2
20 218.0 635.65 70.8 49.3
20 113.35 626.75 44.7 30.7