20 339.95 663.7 31.5 21.8
20 402.4 672.55 43.6 29.9
20 463.15 666.25 36.3 22.5
20 650.2 687.7 183.2 128.2
5 987.25 650.2 28.1 30.4
5 1042.35 645.65 10.7 21.3
20 1090.55 661.55 55.5 62.3
20 1184.5 653.15 112.6 109.5
20 1326.7 657.4 35.0 44.8
14 1375.5 615.45 38.2 48.9
20 1394.35 652.3 58.3 42.6
20 1515.3 646.5 77.0 68.2
5 1642.45 621.65 8.1 21.3
5 1719.25 625.45 11.3 31.3
5 1744.0 621.75 15.6 46.3
5 1787.8 624.45 15.6 54.5
5 1964.25 631.3 23.3 69.0
5 2250.2 646.9 28.0 102.2
14 945.45 634.8 18.5 20.4