5 93.0 675.4 26.8 56.0
5 235.55 694.1 25.5 38.6
5 284.4 680.15 46.0 112.7
20 335.85 675.7 46.5 30.6
0 411.85 735.6 34.5 80.4
14 446.8 632.05 89.2 50.9
5 439.45 667.35 28.5 75.5
5 578.45 675.9 24.1 61.8
14 869.85 625.75 42.9 33.1
0 882.35 680.45 15.1 31.7
14 819.95 638.4 28.7 27.2
20 626.45 661.65 41.3 21.7
20 977.3 656.3 62.2 61.0
20 1035.95 668.95 33.9 36.7
20 1076.95 659.75 25.9 21.1
20 1106.65 653.65 14.9 16.9
20 1141.5 653.6 13.8 15.6
20 1154.0 657.05 18.4 16.9
20 1166.25 661.15 27.3 23.9
20 1222.65 657.25 53.3 50.5
20 1392.75 654.9 61.1 54.6
14 1481.5 601.55 61.4 66.3
4 1543.7 657.4 22.6 39.6
5 1720.65 650.4 16.1 39.6