20 26.75 688.2 53.5 39.6
20 514.8 712.25 236.8 153.3
13 179.4 673.5 37.6 88.2
5 938.1 653.55 29.8 41.1
5 1019.8 654.95 8.0 23.1
20 1049.05 664.85 66.5 58.1
20 1158.3 645.5 102.6 101.4
20 1299.2 657.15 42.8 48.7
20 1383.15 654.7 48.3 40.6
14 1393.9 613.9 49.4 45.4
5 1475.15 635.1 9.9 27.8
20 1504.65 659.9 77.7 58.6
5 2160.9 627.25 26.6 82.1
5 1880.2 621.15 20.0 61.1
5 1821.65 617.65 16.1 49.3
5 1792.85 618.4 16.1 44.4
5 1702.85 627.6 11.7 36.8
5 1675.85 631.6 8.1 25.6
10 377.95 739.0 56.7 85.6
14 913.1 634.25 21.8 22.5
14 818.1 638.75 41.8 27.5
5 840.35 647.85 8.7 24.1