20 1918.1 623.1 143.0 64.6
5 1867.35 610.6 20.7 56.8
5 1762.7 615.4 14.6 56.0
20 1800.6 619.65 118.0 40.5
21 1658.9 601.95 131.0 43.1
13 1675.35 642.5 49.9 58.6
13 1701.2 621.45 22.4 40.5
20 1525.4 642.05 112.0 57.7
20 1385.55 644.2 55.9 44.8
5 1306.25 635.95 18.1 49.1
20 1079.8 643.35 68.0 49.9
20 974.7 635.2 47.4 33.6
20 817.15 627.8 38.7 32.8
20 775.7 636.5 35.4 25.8
20 676.7 634.3 30.2 25.0
0 609.05 676.55 29.3 43.9
0 541.5 692.8 31.8 56.0
20 235.75 649.85 26.7 18.1
5 87.25 644.7 18.9 59.4
5 125.45 644.2 23.3 62.0