20 2403.55 755.25 104.3 260.1
20 2196.3 627.4 210.2 83.6
20 2205.85 605.8 118.9 33.6
5 2095.55 618.45 32.7 68.9
20 1968.95 628.7 117.1 48.2
5 1968.2 636.45 22.4 63.7
5 1881.15 645.0 20.7 67.2
5 1849.3 637.35 25.8 65.5
20 1665.35 660.15 161.1 76.7
20 1469.45 661.9 79.3 59.4
4 1365.25 653.25 18.9 62.9
20 1095.35 648.1 43.9 42.2
20 1050.85 663.15 68.9 55.1
20 912.7 644.65 47.4 35.3
20 793.45 642.45 36.1 34.5
20 716.8 641.7 34.4 25.8
20 699.55 650.75 37.9 26.7
20 599.7 643.3 31.0 19.0
0 364.15 711.75 21.5 76.7
0 188.4 773.0 38.8 78.4
10 60.5 760.4 58.6 112.0
20 120.75 674.4 37.9 22.4