20 2371.3 630.4 125.8 62.0
20 2344.15 623.2 143.9 50.8
20 2276.95 611.5 188.7 48.2
5 2413.0 653.7 33.6 98.2
5 2136.1 626.55 13.8 43.9
20 2173.15 615.3 173.9 25.0
20 2051.65 617.5 141.3 53.4
5 2063.75 622.7 27.5 81.0
5 2001.75 628.65 27.5 79.3
13 1957.3 627.0 25.0 79.2
5 1924.7 649.35 31.8 65.5
20 2033.2 677.35 269.6 121.5
20 1698.65 682.5 130.9 87.0
4 1573.3 664.5 31.8 81.8
20 1076.35 660.55 71.5 60.3
20 1121.6 646.75 44.8 32.7
20 904.5 647.7 41.4 31.0
20 817.15 642.85 38.7 35.3
20 707.7 642.95 30.2 21.5
20 683.2 652.4 39.6 23.2
20 600.1 649.4 25.0 17.2
20 71.3 661.0 25.0 16.4
20 8.25 665.8 16.5 22.4