20 432.7 669.4 241.0 167.6
20 876.95 647.95 99.5 89.5
20 1017.35 644.45 53.1 43.7
20 1072.85 631.65 28.1 21.7
20 1128.25 633.25 32.9 26.1
14 1226.4 590.85 47.6 48.9
20 1201.25 633.2 34.5 34.0
20 1251.5 689.8 167.8 147.2
20 1437.0 650.2 54.8 50.0
20 1498.7 628.45 35.4 37.3
14 1432.9 593.2 49.0 30.0
14 1537.15 600.15 33.1 35.9
5 1625.65 636.45 15.3 52.5
5 1588.95 636.25 11.1 42.9
20 1665.6 641.1 60.0 38.6
5 1785.6 642.5 16.4 49.8
5 1818.0 633.2 15.6 52.0
5 1877.4 627.85 15.2 50.9
5 1827.35 604.4 11.5 22.8
5 1874.15 603.85 9.9 22.1
5 1800.1 609.6 10.6 21.2
7 2005.75 653.15 50.3 48.7