20 361.05 663.3 88.1 49.0
20 480.9 671.7 226.2 163.0
20 919.6 653.25 97.2 93.3
20 1026.85 650.55 69.3 46.7
20 1113.8 639.95 36.0 29.1
14 1193.5 593.55 43.4 41.5
20 1259.7 699.2 175.8 152.0
5 1553.15 640.8 14.7 44.0
5 1529.5 640.7 10.6 39.0
5 1508.2 637.7 9.6 39.4
20 1596.6 645.1 54.4 35.4
14 1481.05 607.95 42.5 35.9
14 1375.9 599.75 40.2 33.5
5 1667.45 643.55 15.3 44.7
5 1703.15 636.2 13.1 41.2
5 1739.65 636.9 11.3 41.0
5 1779.0 630.4 14.4 46.0
13 2456.25 618.8 18.1 50.8
5 2418.45 611.8 20.5 53.6
5 2368.6 618.35 20.8 54.3
5 2311.1 612.15 23.0 48.7
5 2236.3 608.9 11.0 20.2
5 2121.2 606.65 13.2 25.7