20 53.55 664.65 107.1 49.3
20 188.7 652.35 115.4 43.1
13 438.15 676.75 32.7 71.9
5 384.35 657.0 17.1 43.2
13 444.9 648.95 13.8 49.5
20 393.4 632.75 76.8 32.7
20 511.1 626.4 49.4 37.2
20 562.95 635.0 52.3 44.8
5 787.85 635.4 9.7 23.6
20 949.05 614.7 18.1 13.8
21 1012.35 606.3 19.1 18.6
20 1079.55 583.6 17.1 11.2
14 1180.25 545.35 99.7 120.3
13 1341.3 620.95 14.6 31.9
13 1402.45 632.85 11.3 26.5
20 1379.25 611.0 24.1 19.2
13 1495.2 635.05 18.8 54.9
21 1798.15 608.75 23.5 21.5
5 2099.9 694.05 54.6 161.7