5 141.2 678.6 16.4 60.0
5 227.3 664.05 17.4 62.1
5 293.95 664.6 17.1 54.8
20 243.0 643.35 88.8 39.1
21 419.0 645.1 58.8 56.6
20 380.3 633.3 49.0 33.0
20 453.85 628.2 80.9 35.2
5 711.6 649.0 10.0 26
20 932.9 619.1 21.0 16.2
21 987.05 612.9 21.7 22.2
5 1031.0 603.6 5.2 10.8
20 1093.55 592.5 17.9 11.0
20 1072.65 580.6 22.9 9.2
14 1186.7 546.0 103.8 126.4
13 1358.5 624.75 14.2 35.9
20 1399.25 618.25 28.1 20.5
13 1430.95 638.75 11.1 27.1
13 1529.85 641.45 24.1 62.9
20 1940.7 624.4 47.4 26.8
20 2468.8 675.6 60.8 70.8