21 167.65 648.95 81.3 75.9
21 166.35 638.05 100.3 56.9
21 181.85 609.0 112.5 62
20 299.7 623.9 98.6 41.4
5 590.55 647.4 13.1 32.8
16 631.75 591.95 41.1 19.5
20 740.85 587.05 20.1 21.3
20 898.35 614.55 21.1 18.3
21 939.7 609.1 27.4 27.4
5 1010.85 596.95 6.9 11.9
5 1048.55 594.15 4.3 9.5
20 1096.0 589.1 16.4 12.6
14 1189.6 529.95 108.0 131.5
20 1424.2 612.5 32.4 24.2
13 1375.2 618.9 14.8 37.8
13 1454.95 624.25 12.7 36.1
13 1573.65 634.15 25.7 71.9
20 1645.75 619.5 79.5 28.2
16 1636.05 583.9 114.5 45.4
20 2190.5 624.45 53 26.5