13 1480.05 639.4 28.9 68.4
6 1342.0 636.5 36 53.4
20 1440.55 607.5 61.5 41.8
5 1383.2 615.05 11.6 33.7
13 1164.7 629.0 29.0 24.4
5 1262.05 618.0 19.7 34.8
13 1236.55 619.05 15.1 32.5
20 1339.8 609.3 45.2 40.6
15 1299.2 558.2 103.2 45.2
16 1259.2 564.0 125.2 33.6
16 1219.8 568.05 125.2 32.5
16 1184.9 576.8 143.8 45.2
16 1088.75 582.05 150.7 41.7
16 1064.95 591.35 172.7 37.1
20 932.2 624.9 46.4 16.2
14 693.3 595.35 88.2 49.9
20 677.65 655.15 42.9 25.5
5 811.65 641.8 9.3 22.0
5 777.45 649.3 19.7 18.6
20 579.75 650.95 46.3 26.7
13 1734.55 630.1 37.1 63.8
13 1482.3 636.45 29.0 67.3
20 1440.55 609.85 61.5 41.7
6 1340.85 633.65 33.7 52.1
21 1351.85 601.15 32.5 38.3
13 441.7 677.15 30.2 69.5
5 545.55 668.4 15.1 47.6
5 517.7 679.5 15.0 51
16 73.6 668.4 147.2 56.8
13 1158.85 622.1 31.3 29.0
14 2027.8 433.1 354.8 337.4
14 2426.05 306.65 89.3 613.3
16 847.3 602.9 56.2 36.6