14 1711.25 407.0 296.9 331.6
13 1504.4 624.95 22.0 57.9
6 1449.8 610.45 24.4 52.1
20 1481.8 588.95 32.4 27.9
21 1414.4 584.3 23.2 27.8
5 1382.05 590.2 9.3 20.8
5 1353.6 590.2 12.8 20.8
13 982.6 630.65 12.8 32.5
5 913.65 629.55 9.3 25.5
5 894.55 627.25 12.7 30.1
5 852.45 625.4 10.5 29.2
5 822.3 627.2 11.0 30.8
14 892.7 568.75 71.4 38.3
20 1086.25 596.75 32.1 15.5
20 54.9 739.05 109.8 216.1
16 1414.95 552.25 127.5 42.5
16 1368.2 554.4 122.4 40.0
16 1334.65 559.05 123.3 35.7
16 1295.6 555.75 123.2 39.1
16 1233.55 560.0 162.3 47.6
5 723.25 626.6 12.9 40.4
16 639.65 621.4 52.5 33.6