13 1464.4 639.95 34.8 83.5
20 1570.45 613.9 98.5 63.8
21 1414.5 605.85 51.0 52.1
6 1212.7 644.05 51.0 54.5
5 1316.0 625.55 11.6 35.9
21 1978.55 623.8 140.3 46.4
16 1346.6 559.95 138.0 62.7
16 1312.4 565.85 194.8 64.9
16 1242.9 562.95 190.2 59.1
16 1194.15 566.9 199.5 53.4
16 1094.55 579.75 231.9 46.3
16 1027.3 586.1 199.4 49.8
20 857.35 634.25 59.1 20.9
5 778.5 633.0 17.4 46.4
5 729.35 635.95 25.5 47.5
14 598.3 590.75 97.4 59.1
20 434.15 682.85 84.7 53.3
5 351.55 673.5 20.7 48.2
20 255.6 673.95 56.0 55.9
5 238.25 682.05 18.1 51.7
5 200.45 687.75 18.1 55.9
5 72.1 692.4 37.0 79.2
5 15.15 695.05 30.3 81.7