16 2403.25 590.6 104.5 168.4
16 2284.75 595.7 183.5 152.6
16 2065.35 648.3 115.1 74.2
15 2098.15 562.85 117.1 78.5
16 1920.3 653.75 210.6 86.7
16 1830.2 651.45 157.6 70.9
21 1757.75 647.4 133.9 68.4
16 1684.05 645.65 113.7 59.3
21 1648.3 621.8 111.8 63.6
5 1885.45 670.8 50.1 134.4
5 1804.9 680.35 43.4 128.7
5 1678.2 666.7 23.2 74.2
5 1608.15 653.65 25.5 73.3
6 1530.85 661.3 92.5 121.4
16 1747.9 562.7 48.6 53.0
15 1653.45 556.1 106.5 76.6
16 1586.45 560.15 101.7 86.7
15 1544.3 570.55 111.8 86.3
16 1372.7 599.3 57.8 62.6
20 1317.05 621.65 21.7 14.9
20 1250.4 616.85 21.2 16.9
5 1327.0 636.6 14.4 44.8
13 1099.4 627.15 10.4 16.3
13 1073.95 617.35 10.7 25.9
13 977.8 607.55 7.2 11.5
14 931.8 592.4 19.6 22.8
16 846.2 589.15 20.0 25.5
11 823.85 598.45 20.9 24.5
13 620.85 610.85 13.7 22.1
5 448.45 609.2 16.5 31.2
5 86.75 606.95 23.5 65.9
8 29.8 538.35 59.6 102.7
15 204.45 517.85 168.9 114.9