20 2476.75 621.0 26.7 22.4
13 2474.65 669.65 56.9 92.1
5 2341.95 666.15 32.7 116.3
13 2143.4 673.45 180.0 141.3
13 2088.35 650.7 128.3 126.6
15 2171.8 489.65 219.6 169.7
15 2011.7 500.45 233.4 153.3
14 1858.35 500.4 223.1 146.4
15 1727.4 502.55 202.4 133.5
5 1866.9 614.9 30.2 86.2
5 1749.0 631.3 28.4 74.2
13 1521.15 644.65 72.3 152.5
16 1463.85 564.1 130.1 81.0
16 1386.7 535.35 137.8 88.7
6 1371.25 631.75 68.9 78.3
20 1189.65 611.85 91.3 45.7
13 1104.7 611.55 69.8 37.9
5 1116.3 620.9 31.0 98.2
5 1085.0 662.7 23.2 64.6
14 801.7 521.45 138.2 97.7
16 645.2 601.65 81.2 35.3
16 604.35 606.4 67.1 28.8
20 554.9 597.85 69.0 32.5
5 581.15 609.6 9.9 30.4
5 557.45 608.5 10.1 24.6
15 519.95 563.25 68.7 45.7
15 496.7 565.8 65.8 40.8
15 476.1 570.6 58.6 39.2
16 380.2 576.75 36.8 30.7
16 338.5 578.5 22.6 25.8
20 351.65 604.85 10.1 9.3
20 315.15 595.0 11.9 12.4
4 243.8 624.1 76.0 124.6
13 176.3 635.7 69.0 90.6
20 117.35 608.25 45.1 40.5
13 59.1 621.05 27.4 73.7
13 35.95 606.35 11.9 24.3