13 2220.05 720.05 192.1 282.5
16 2138.05 615.7 179.3 110.6
5 2122.35 673.0 31.5 89.6
14 1563.15 436.4 340.7 259.2
6 1351.6 664.9 82.4 109.0
16 1284.8 662.95 128.0 51.9
20 1227.4 659.65 124.4 45.3
21 1167.15 645.0 104.3 48.8
16 1253.4 593.15 34.4 35.5
15 1172.5 600.65 80.2 58.5
15 1132.9 599.55 87.4 60.7
15 1096.4 602.65 86.4 54.5
5 1189.65 665.3 22.1 58.6
5 1147.1 668.2 19.0 56.0
13 1126.2 670.0 16.4 43.2
5 1085.05 666.35 16.5 46.3
5 1057.65 665.85 14.9 45.3
4 1025.45 666.1 16.5 47.8
16 965.85 627.6 45.3 48.8
13 920.8 657.15 10.8 31.9
13 867.45 639.35 14.9 19.1
20 919.15 641.75 21.5 17.5
13 702.0 641.95 10.8 15.9
13 663.25 640.2 11.3 16.4
14 576.3 617.3 22.6 24.2
11 493.8 625.1 16.0 19.0
20 454.95 627.9 12.7 12.6
13 367.95 637.25 6.7 14.9
5 162.25 638.25 15.3 42.5
14 139.9 571.15 83.8 80.7
21 226.95 635.2 65.9 64.4
8 12.85 586.3 25.7 75.0