15 2264.05 472.45 197.3 193.7
15 2109.0 484.4 242 173.2
5 2325.5 632.65 41.4 114.5
5 2173.6 632.2 40.4 113.6
16 1757.6 559.0 169.6 101.6
16 1655.85 528.35 186.9 116.3
13 1804.45 654.9 84.5 176.6
5 1447.9 653.4 63.8 152.8
20 1411.7 627.5 115.4 59.4
5 1431.2 646.4 33.6 135.2
5 1409.15 704.1 37.9 99.0
20 1363.9 590.2 73.4 69.2
16 1279.1 580.2 109.0 72.0
14 958.0 518.55 154.4 115.1
16 804.1 621.75 97.8 35.1
16 759.65 622.75 72.5 33.5
16 737.7 619.4 70.2 33.2
20 698.0 621.05 57.6 31.7
15 680.6 579.2 80.0 51.6
15 655.55 581.35 79.1 45.5
5 731.35 626.35 10.7 36.7
5 699.9 625.8 13.4 35.6
5 661.45 626.85 10.9 23.7
5 634.25 626.1 9.7 23.4
5 599.0 622.2 10 26.0
16 530.25 596.8 37.7 36.8
20 497.85 622.5 15.3 13.4
20 498.65 591.65 18.1 26.5
20 458.55 614.5 20.3 13.4
14 201.3 591.35 33.0 36.7
20 154.65 634.6 60.1 56.4
20 95.1 604.35 24.6 25.9
13 110.1 619.3 14.6 31.0
15 8.35 565.8 16.7 66.0
4 36.3 601.25 72.6 294.5