16 2251.0 656.45 206 104.1
16 2145.55 656.05 208.3 96.9
20 2040.3 656.8 155.8 85.6
21 1982.15 628.25 162.3 96.1
21 1933.3 627.85 148.6 98.5
15 1947.45 553.95 183.3 125.1
15 2452.0 556.35 72 123.5
15 1832.3 555.55 156.6 121.9
15 1775.0 562.85 135.6 107.3
5 2159.8 688.75 42.8 120.3
5 2022.4 678.75 42.8 119.5
5 1958.35 681.1 37.1 114.6
5 1876.75 675.0 35.5 122
7 1679.7 673.85 109.8 142.1
5 1518.7 654.45 20.2 58.1
16 1557.75 599.95 69.5 78.3
20 1474.7 636.7 25.8 19.4
20 1409.0 630.45 18.8 14.9
13 1235.05 629.7 15.7 32.6
13 1109.9 629.35 6.6 11.1
14 1045.8 611.45 18.8 24.1
16 953.85 607.05 22.9 23.7
11 909.1 617.5 26.6 29.8
13 637.35 631.55 14.3 31.9
5 471.8 632.4 16.8 38.4
15 108.5 519.55 217 152.3