11 2429.2 592.0 87.2 93.2
11 2372.65 582.5 124.9 74.6
11 2298.45 580.85 134.5 76.5
11 2232.9 583.55 128.2 81.5
11 2151.15 583.1 101.9 72.6
19 2131.05 537.05 66.9 114.1
16 1807.3 604.4 83.8 58.8
19 1998.9 596.4 41.8 46.8
13 1545.55 651.05 15.9 38.5
13 1515.4 644.0 18.0 50.8
5 1350.4 631.4 9.2 19.6
13 1312.8 621.75 7.2 11.9
20 1344.15 624.65 10.7 8.9
13 1295.15 631.0 8.7 13.6
16 1269.1 604.7 14.2 15.0
14 1233.45 601.05 19.3 24.1
20 1208.6 620.5 10.4 7.4
20 1189.45 620.7 7.3 6.2
13 1181.15 618.2 5.5 10.0
15 1122.9 594.9 25.0 27.0
16 1026.6 607.25 37.2 43.7
13 909.95 633.65 12.7 23.3
16 646.15 575.2 81.5 48.0
16 701.9 582.7 71.4 52.2
15 765.25 587.2 52.9 36.4
16 804.25 583.9 54.9 19.8
16 828.5 582.55 43.0 18.3
20 648.85 652.0 74.1 26.4
13 635.3 659.95 22.2 38.3
6 505.9 663.6 49.4 54.0