21 280.0 657.95 84.4 48.3
20 471.7 676.5 81.8 37
20 437.2 661.4 50.8 27.6
20 575.05 665.75 40.5 32.7
5 693.55 663.55 15.5 31.9
5 733.5 654.95 13.0 31.9
8 289.1 577.5 205.8 69.8
20 1004.4 654.95 27.6 21.5
20 967.4 652.4 22.4 16.4
16 1919.05 566.65 427.3 168.9
13 1709.35 674.75 49.1 99.1
13 2282.9 713.95 114.6 229.1
13 1362.65 647.3 6.9 19.8
13 1346.4 649.9 3.6 11.8
16 1293.1 628.4 14.2 20.8
20 1332.55 641.1 8.7 6.6
13 1418.4 644.55 6.4 13.5
13 1393.1 645.1 3.4 7.8
20 1268.8 640.45 8.0 8.1
20 1045.9 650.85 18.2 13.7