11 323.55 624.45 88.7 74.1
20 469.15 660.95 49.1 37.1
21 524.55 643.75 52.3 37.1
13 564.85 656.65 15.7 40.5
13 660.75 658.35 23.1 43.9
13 813.7 649.75 18.6 33.1
6 888.5 623.8 17.4 26.4
15 993.9 590.05 39.4 48.9
14 1086.45 603.85 26.5 33.7
16 1206.05 603.85 15.7 22.5
14 1656.95 491.2 242.7 240.4
16 1394.0 579.15 50.8 52.3
13 1300.5 634.8 13.4 34.0
13 1325.5 631.4 13.0 30.4
13 1291.85 624.7 5.7 15.4
13 1279.65 628.05 5.7 9.3
20 1247.45 621.85 9.3 8.1
20 1176.25 620.05 9.7 7.7
20 1061.7 628.85 9.4 9.3
20 938.5 629.1 19.0 13.0
20 596.7 645.2 39.8 34.4
20 650.45 644.55 26.9 35.5
20 691.35 645.5 24.7 30.6