16 104.8 641.25 95.6 86.9
13 174.95 701.5 43.1 76.6
21 300.75 679.05 105.1 62.9
20 247.85 689.4 47.3 45.6
11 490.25 645.15 63.7 60.3
20 595.35 679.05 32.7 28.5
21 631.9 663.2 30.2 34.4
20 691.3 664.45 59.4 30.1
13 707.65 673.0 12.9 33.6
13 811.9 669.6 14.6 33.6
13 889.4 674.7 11.2 19.8
15 1016.0 620.1 33.6 41.4
14 1093.55 629.6 26.7 29.2
16 1196.1 630.0 14.6 23.2
13 1242.6 662.8 11.2 33.6
13 1295.45 652.9 17.3 31.0
20 1171.45 647.25 8.9 7.7
20 1064.2 652.55 6.8 8.7
13 1278.95 650.95 4.3 13.9
13 1265.8 652.55 4.0 11.1
20 1227.8 648.6 8.4 8.0
15 1366.4 609.6 34.0 47.2
14 1517.4 522.95 199.6 226.3