20 268.9 683.35 75.8 43.9
13 290.0 694.1 38.8 75.8
21 375.75 665.7 55.1 53.4
20 467.85 665.3 56.9 42.2
20 542.75 661.8 37.9 38.8
20 586.25 659.65 35.3 34.5
13 632.35 677.4 20.7 45.6
13 715.5 665.25 14.6 35.3
6 867.95 640.85 16.3 24.1
15 951.8 590.8 50.0 62.0
14 1820.45 473.7 322.9 279.0
15 1426.65 584.45 56.9 60.1
13 1366.05 644.9 13.7 37.4
13 1337.75 643.75 14.3 31.1
14 1062.55 611.7 39.5 40.6
20 1180.9 633.15 10.6 7.9
16 1219.05 618.0 15.3 21.6
20 1265.25 629.75 10.5 9.5
13 1291.7 636.4 4.2 10.0
13 1308.8 632.65 6.8 15.3