13 162.45 670.05 50.5 82.1
13 900.2 620.55 14.0 31.9
13 1054.15 610.05 6.3 13.3
15 1089.9 583.0 24.2 26.4
15 1123.25 563.1 37.7 49.0
13 1187.9 612.75 31.4 32.7
20 1222.3 621.8 50.2 41.2
20 1297.8 602.85 16.4 14.9
13 1325.0 601.3 5.6 14.2
13 1348.35 602.4 7.1 13.2
13 1367.9 614.25 8.2 18.5
16 1424.65 541.95 78.9 110.7
4 1596.6 612.75 13.2 33.9
20 1558.95 601.0 29.1 27.2
13 1651.75 615.1 27.1 26.2
5 1719.15 608.4 8.7 27.6
20 1682.95 603.25 42.3 24.1
13 1808.25 626.4 33.3 65.2
13 2242.9 643.2 58.6 123.2