20 2324.8 644.9 125.2 72.2
20 2186.65 639.5 71.3 48.2
20 1856.5 650.75 61.4 30.7
5 1883.85 658.7 13.3 39.8
4 1781.45 657.4 27.3 67.2
13 1593.05 640.0 35.7 68.8
21 1476.65 633.4 38.1 45.6
5 1548.4 645.25 12.4 36.5
13 1487.4 657.75 23.2 41.5
16 1332.2 564.4 88.0 123.6
13 1270.95 639.05 8.3 14.1
13 1253.5 640.3 6.6 16.6
15 776.9 526.3 138.6 150.2
21 642.15 632.0 64.7 66.4
13 492.85 674.75 14.9 42.3
13 413.1 676.1 28.2 51.4
13 246.9 691.35 27.4 52.3
5 171.35 690.95 19.1 54.7
16 134.05 621.7 116.9 85.4
16 472.95 603.45 77.9 68.9
20 1039.9 695.55 173.4 143.5