5 422.1 675.7 16.6 47.8
5 459.85 672.2 15.3 53.6
21 503.2 660.3 67.2 44.2
21 580.85 656.25 54.9 38.5
21 636.85 654.25 64.5 34.5
6 659.45 662.5 40.9 52.2
5 737.55 669.2 11.9 32.8
11 742.95 650.8 22.7 30.0
21 774.85 653.65 30.9 28.5
20 811.4 657.75 22.4 22.7
16 17.55 650.55 35.1 58.7
20 1155.9 672.25 79.4 66.1
16 1385.2 567.85 96.0 130.5
13 1570.9 659.3 24.6 50.2
13 1976.55 713.6 95.1 174.8
16 2251.2 581.3 103.6 78.2
16 2096.3 591.9 149.4 71.8
16 2034.55 565.0 137.1 55.2
15 1584.55 619.1 83.9 45.0
16 1796.25 577.5 77.3 37.0