5 38.55 679.5 23.5 71.8
16 23.55 640.9 47.1 64.2
6 234.25 670.45 88.1 94.5
21 221.15 648.3 109.5 54.2
21 262.15 650.6 105.1 51.6
21 309.3 653.85 92.2 40.1
20 390.7 652.2 119.4 45.6
21 454.5 647.5 95.8 43.8
5 594.9 666.35 13.4 41.9
21 489.2 648.15 87.6 39.1
21 520.1 644.65 79.4 34.5
5 679.75 654.15 12.7 31.9
20 638.2 643.85 56.8 36.5
21 642.3 645.9 69.0 32.2
21 644.2 645.8 76.4 30.0
21 659.65 646.8 69.3 29.6
21 672.3 643.25 67.8 28.5
21 691.95 646.45 60.7 26.9
21 711.45 648.7 58.1 23.8
20 1157.7 663.85 79.0 66.5
4 874.25 651.85 8.9 22.5
16 1404.6 550.3 101.6 139.8
5 1297.6 646.05 4.4 12.9
13 1312.1 643.9 3.8 10.6
13 1566.9 648.6 17.0 35.6
13 1630.45 652.25 22.9 54.5
13 2262.4 732.75 155.6 239.1