21 33.8 681.5 67.6 60.6
21 46.95 678.9 93.9 60.6
4 458.65 680.55 19.3 47.5
13 991.2 664.05 8.4 18.1
20 1209.2 675.8 86.4 73.2
13 1381.05 654.45 7.7 21.3
20 1353.9 648.9 8.2 17.4
13 1327.9 653.35 9.0 16.3
16 1540.45 500.7 184.9 234.6
13 1900.85 684.35 35.7 83.9
13 2043.8 679.55 66.8 124.3
16 2432.2 585.0 85.2 117.6
16 2322.4 558.85 147.6 123.3
16 2255.7 563.3 148.6 113.4
16 2232.6 577.0 146.0 116.0
16 2195.85 573.4 176.1 96.4
16 2163.75 593.1 169.9 92.2
16 2103.55 593.05 182.3 100.5
16 2046.4 586.4 163.2 80.8
20 1992.75 594.7 147.1 87.0