21 30.1 672.05 60.2 66.5
21 42.15 665.05 84.3 62.9
20 120.6 661.15 154.0 60.7
5 303.55 689.75 21.9 60.7
21 217.6 655.15 134.8 59.1
21 251.95 628.55 116.7 66.3
21 318.1 650.9 95.4 42.6
21 350.4 651.35 88.4 44.3
5 518.25 667.05 15.3 44.1
20 486.8 652.55 78.0 43.9
21 518.05 653.15 81.3 40.7
21 547.5 654.05 79 35.7
21 592.85 655.05 57.3 33.3
21 574.55 653.0 81.1 32.4
21 608.55 650.15 68.3 33.9
21 617.85 652.85 72.9 32.1
4 826.4 658.65 9.6 23.7
20 1166.45 665.6 81.7 68.8
13 1289.45 652.0 5.7 11.6
5 1302.85 653.8 4.1 11.2
5 1320.0 651.95 6.0 13.1
13 1336.3 652.15 6.6 13.9
13 1362.75 650.0 5.5 15.6
16 1438.8 546.4 112.0 157.6
13 1609.6 652.9 16.8 41.4
13 1704.8 657.2 25.6 62.8
15 1779.0 576.55 177.2 85.9