21 291.25 658.8 62.1 67.2
13 383.8 673.9 33.6 59.4
16 559.5 576.6 154.2 123.2
13 907.55 647.25 16.3 23.3
16 1053.05 611.85 35.3 45.7
20 1176.65 660.15 103.3 83.5
16 1132.3 618.8 25.0 38.8
13 1352.85 638.2 18.1 39.6
13 1416.1 630.45 13.8 24.1
13 1389.4 631.3 12.0 19.0
20 1479.3 646.45 64.6 35.3
13 1542.25 639.05 18.1 51.7
13 1510.85 642.05 13.7 40.5
13 1596.95 646.8 27.5 74.0
20 1650.7 646.8 52.6 39.6
4 1674.85 644.2 18.1 44.8
13 1783.4 664.9 45.6 103.4
5 2367.7 670.1 46.6 120.6
5 2256.6 656.75 44.8 100.7