20 2456.5 707.5 69 54.2
20 2279.0 689.0 134.4 89.6
20 2056.9 676.45 137.8 85.3
2 1814.45 652.9 148.9 93.0
20 1708.1 654.6 70.6 51.6
13 1584.45 669.1 74.9 98.2
15 1211.45 471.5 169.7 188.6
20 1031.9 653.3 41.4 31.8
15 901.0 620.1 62 48.2
13 864.45 649.0 12.9 33.6
13 776.2 646.75 12.0 25.9
6 752.9 641.65 13.8 18.9
21 707.35 635.2 15.5 16.4
8 634.5 599.05 31.8 47.3
15 548.8 615.4 12.0 18.0
16 503.1 620.05 13.8 17.3
17 493.2 632.55 11.2 14.7
20 445.1 635.15 14.6 9.5
13 447.6 642.5 6.0 13.8
15 93.9 440.5 187.8 278.2
20 103.4 764.4 206.8 298.8