5 1922.0 619.6 23.2 68.0
13 1680.25 625.0 27.3 68.8
13 1557.0 630.75 33.2 63.9
5 1622.6 633.65 11.6 36.5
8 114.3 525.45 228.6 138.5
15 1523.0 601.9 46.8 47.4
13 1376.95 642.25 8.3 20.5
20 1328.9 639.4 19.8 14.8
15 980.65 439.2 128.1 188.4
13 801.25 637.1 7.7 15.4
20 736.2 641.0 21.2 12.8
13 691.6 639.75 6.4 17.9
13 670.2 639.05 9.6 19.3
20 597.85 640.3 36.5 21.8
21 557.75 634.95 35.9 26.3
21 504.85 630.45 42.9 42.9
20 368.75 641.0 119.1 82
13 306.2 639.7 27.6 59.0
15 1621.3 526.3 118.6 107.0
2 1161.85 611.8 115.3 125.2