13 2272.45 666.55 47.3 111.9
13 1770.6 685.2 65.6 146.0
13 1625.55 639.2 20.7 57.2
13 1527.2 644.95 23.2 55.5
5 1386.15 649.5 6.7 18.2
20 1321.1 634.2 19.0 24.0
15 1006.2 471.9 122.8 174.2
20 750.0 642.8 58.0 44.8
20 715.1 638.65 15.0 13.3
21 670.4 645.3 34.8 26.6
13 630.5 643.2 15.0 32.4
8 390.75 557.45 152.7 106.1
20 476.25 653.6 114.5 76.4
15 141.45 545.35 171.7 118.7
13 227.75 656.15 29.1 41.5
4 12.25 657.3 24.5 50.6
15 1578.15 550.7 87.5 90.2
13 882.45 641.95 10.9 10.3
13 855.45 646.75 8.9 14.3
2 1189.65 625.1 104.5 118.6