13 2136.05 693.45 69.7 149.3
15 1776.4 596.0 166.8 113.6
13 1764.05 680.15 48.9 99.5
14 1457.85 636.65 24.1 15.7
13 1431.8 669.35 11.6 28.3
20 1369.15 659.45 19.1 14.9
13 1360.0 670.2 10.8 23.2
20 1269.3 659.9 28.2 29.0
15 921.7 491.1 129.4 185.8
13 829.95 669.75 9.1 19.1
20 563.8 677.2 90.4 44.0
20 422.3 681.5 39.8 29.0
13 390.3 678.95 15.8 30.7
13 339.75 685.6 20.7 34.0
4 262.55 685.1 19.1 39.8
20 224.05 695.15 71.3 29.9
20 86.0 691.35 80.4 42.3
21 24.7 683.45 49.4 56.5
10 58.55 711.75 32.3 33.1
2 1088.35 636.6 141.1 155.2