5 147.3 684.4 21.8 73.2
17 214.2 684.7 12.4 73.4
14 309.1 588.15 187.0 134.7
15 816.05 625.85 55.3 44.9
20 983.9 652.35 52.2 27.9
13 1105.25 648.15 4.9 18.3
20 1197.7 646.75 27.4 19.1
20 2437.15 976.4 81.9 236.4
10 2463.35 670.9 35.9 29.0
5 2263.05 648.85 20.5 62.9
13 2190.55 651.8 45.1 34.4
13 1965.1 658.0 33.0 75.6
5 1852.75 650.4 16.3 49.6
16 1732.05 613.6 64.1 34.8
2 1527.3 640.7 67.0 59.0
20 1462.45 635.15 34.9 21.5
16 1271.7 613.8 21.4 28.0
20 1291.1 677.9 125.4 107.0
16 1310.9 527.05 68.2 100.9
10 2142.85 652.2 24.1 31.2