16 2061.95 540.5 144.7 143.8
16 1906.1 606.3 81.0 86.2
11 1810.05 600.25 68.1 74.1
5 1772.6 646.3 17.2 42.2
5 1702.85 641.1 18.9 42.2
13 1513.35 655.85 25.9 57.7
13 1395.8 643.35 28.4 60.3
17 1361.35 627.8 31.9 50.0
13 132.35 700.15 37.1 60.3
13 324.4 688.6 28.4 50.8
5 709.4 665.6 15.6 28.4
8 868.2 627.85 28.4 26.1
15 957.55 500.15 120.3 160.3
2 1157.65 641.15 21.7 19.5
13 1321.85 644.8 7.3 20.0
5 1304.85 642.0 8.9 21.2
20 1269.8 639.2 21.2 20.0
20 1466.55 624.7 25.1 17.8
5 1644.9 633.1 27.8 27.8
16 1169.35 615.5 18.3 30.6
16 1206.3 620.3 19.0 22.2