16 2420.2 520.15 93.2 129.9
19 2316.65 565.35 92.1 89.9
19 2262.65 577.45 60.9 73.7
13 1678.35 657.4 24.7 42.8
13 1446.65 643.35 10.1 27.1
13 1396.3 642.05 9.8 23.7
5 1484.05 640.7 11.7 30.6
20 1212.1 674.35 103.4 86.7
20 1171.35 637.65 23.5 20.9
20 1089.0 639.5 26.8 12.2
20 1032.9 636.35 25.0 18.7
15 889.85 610.3 48.1 43.0
15 799.1 611.65 53.8 45.7
20 718.55 641.15 29.9 12.7
20 543.0 653.75 18 14.7
21 548.7 647.15 33.0 17.9
20 493.05 640.4 27.3 24.4
5 721.15 640.15 5.9 17.1
5 562.55 657.9 9.1 19.0
5 512.9 659.15 9.0 23.9
20 282.65 643.6 36.5 49.2
16 53.15 624.85 104.7 84.9
20 7.8 754.75 15.6 90.7
5 120.9 675.0 57.4 212.0
5 246.0 673.8 49.6 187.2
5 334.6 674.6 62.4 174.4
20 1933.2 614.35 68.4 43.1