20 2041.15 593.35 68.7 55.9
13 2119.3 657.2 55.4 90.8
13 1690.5 644.85 26.2 50.9
5 1781.15 616.35 15.9 49.5
20 1599.4 615.4 20.0 12.8
20 1575.7 616.3 21.4 14.6
19 1531.6 599.4 20.8 26.8
5 1471.9 627.95 5.4 12.3
13 1444.35 633.45 13.5 30.5
13 1410.45 635.1 11.7 26.6
13 1361.55 634.15 13.5 22.3
20 1177.05 662.55 99.3 82.3
20 1148.25 630.75 25.7 20.7
20 1127.2 624.7 16.0 7.8
20 1079.4 615.95 16.8 13.5
20 1054.9 630.45 10.6 6.9
15 831.7 598.5 46.2 39.0
15 726.95 601.2 63.1 43.6
20 651.2 636.85 27.6 16.9
5 450.45 660.15 8.9 27.9
13 390.55 659.9 11.9 31.0
5 530.3 667.25 8.6 25.3
20 292.35 645.85 47.5 24.5
20 368.2 639.75 31.6 25.5
21 143.1 636.85 45.0 37.7
20 66.25 654.35 55.3 28.3
20 15.05 650.1 30.1 33.8
20 1310.6 614.6 24.0 16.8