5 2335.15 640.1 33.9 87.0
15 1739.45 560.65 134.9 51.7
20 1151.2 661.35 142.4 123.5
21 487.05 629.4 78.5 63.2
16 668.55 613.25 39.9 38.5
20 16.65 651.1 33.3 64.2
15 949.75 597.1 50.7 31.8
20 958.4 626.45 33.2 25.3
13 1504.6 619.2 19.6 38.4
13 1577.15 611.6 25.1 40.8
13 1455.3 614.0 13.8 32
13 1409.9 618.35 9.4 27.1
13 1389.0 617.5 10.8 27
20 1818.2 590.15 90.0 29.5
5 1040.25 614.7 8.1 38.2
5 1052.5 617.25 6.2 36.9
13 638.2 636.6 18.0 34.4
20 334.65 637.65 37.3 21.7
20 271.7 645.4 43.8 24.4
20 168.6 627.65 53.2 32.9
20 104.5 649.8 43.8 25.6
21 388.3 626.05 36.6 28.5