13 2172.85 672.95 86.1 159.1
16 1789.5 560.5 154.2 58.2
16 596.1 617.85 46.2 43.3
20 885.55 636.55 48.3 30.3
21 37.7 645.3 75.4 110.2
13 376.95 653.75 23.5 46.3
13 1516.0 633.6 16 34.4
20 211.4 651.65 48.4 23.3
13 1627.6 619.85 26.8 49.3
13 1446.35 622.25 14.7 30.9
13 1404.7 624.25 11.0 28.9
13 1370.25 622.7 13.7 27.8
20 1874.05 601.4 86.5 32.4
5 995.0 623.95 10.8 41.5
5 1016.1 626.15 8.2 40.7
15 918.85 602.6 57.7 38.4
21 499.3 627.75 32.6 27.5
21 417.65 631.45 35.7 28.9
21 289.75 634.4 42.3 30.4
20 138.0 654.9 46.0 28.2