16 1851.55 570.1 168.7 63.8
20 1962.1 613.65 72.2 36.1
20 1134.65 681.75 127.7 112.7
20 778.4 651.6 56.4 36.0
16 515.2 630.55 57.6 45.9
21 410.45 638.4 41.7 27.2
21 323.25 643.75 36.9 27.9
21 163.55 643.65 49.5 32.9
20 82.55 666.05 51.9 26.1
13 1525.6 645.6 14.8 39.2
20 19.35 664.25 38.7 30.9
5 937.45 636.85 10.9 50.1
5 956.4 639.3 11.2 49.8
15 880.0 611.95 66.4 37.9
13 1691.95 646.55 22.3 47.9
5 1648.15 649.8 15.9 44.4
13 1440.15 640.8 13.1 29.2
13 1396.95 637.45 11.9 29.7
13 1360.85 635.75 11.3 27.9