19 2170.25 550.6 134.9 111.2
19 2029.1 570.8 91.4 76.8
20 1443.2 627.05 35.6 24.9
13 1472.05 635.65 20.9 26.1
13 1445.8 645.8 19.2 40.4
13 1432.15 641.3 12.3 29.4
13 1413.5 637.45 11.4 28.5
20 1332.35 630.7 39.5 16.6
20 1189.35 654.4 70.7 59.2
15 1190.8 596.95 31.2 27.5
13 1153.35 629.9 7.9 13.8
20 1124.0 633.0 10.0 6
20 1060.55 631.35 24.3 18.3
20 896.7 639.95 33.4 24.7
20 841.95 645.0 27.9 21.6
20 89.0 644.4 67.2 31.2
16 980.6 621.85 26.4 26.9
21 392.9 656.55 35.8 23.9
15 22.6 603.95 45.2 115.9