19 2244.85 570.75 96.1 84.7
19 2381.75 547.95 118.3 101.5
19 2004.0 561.9 127.6 76.2
16 1753.95 591.15 78.7 35.9
13 1661.8 653.4 56.0 49.6
13 1477.6 649.1 22.0 55.4
13 1437.55 647.05 18.3 42.5
13 1368.25 638.65 16.1 35.7
21 1485.8 624.2 53.6 25.6
20 1328.15 634.7 50.7 23.4
20 1237.55 632.4 14.3 11.2
20 1204.9 636.3 25.0 20.2
20 1127.95 654.05 64.7 53.3
20 1080.6 636.75 16.4 17.1
20 1101.7 641.85 17.4 11.7
13 1070.65 642.6 7.3 14.4
20 973.35 638.85 20.3 14.5
20 889.05 643.65 34.5 26.1
16 842.9 626.1 52.2 32.2
20 713.4 646.5 28.0 30.6
11 672.45 653.15 33.7 31.5
11 231.15 631.9 59.5 50.2
13 632.85 663.2 18.5 27.2