19 2236.05 527.9 144.1 89.4
16 1991.35 575.65 134.3 63.3
21 1590.7 617.15 71.8 34.7
16 792.7 616.7 49.0 42.2
20 1168.85 646.75 64.9 51.5
20 1252.2 627.45 22.8 22.1
20 1405.4 627.25 70.4 31.7
20 723.75 644.05 57.9 42.9
20 517.75 651.35 51.9 42.3
21 581.6 645.7 45.2 42.2
20 869.8 635.85 23.2 21.7
20 1072.0 628.25 20 20.9
20 984.75 627.3 26.7 18.6
13 2234.5 668.2 130.2 115.6
13 1579.65 645.4 34.1 67.2
13 1469.3 642.25 23.4 47.7
13 1419.5 634.3 16.6 39.8
5 79.6 652.95 16.4 48.3
13 1065.15 635.85 11.5 22.5