5 1655.9 639.65 23.4 57.7
5 1564.55 631.6 12.3 36.8
5 1541.9 616.4 11.0 35.6
5 1522.3 626.2 11.0 40.4
13 1497.75 637.2 15.9 38.0
5 1460.35 624.4 14.7 36.8
5 1439.5 623.75 12.2 35.5
5 1409.45 619.4 6.1 17.2
13 29.05 692.4 28.5 74.8
20 1857.15 623.65 87.1 40.5
20 2069.95 625.5 71.1 44.2
20 1764.5 632.95 103.0 49.1
20 1324.1 621.85 27.0 22.1
20 1155.55 624.9 33.1 28.2
20 1194.1 656.15 100.6 85.9
20 953.75 654.4 90.7 72.4
20 753.15 655.65 67.5 25.7
21 469.9 655.05 65.0 44.1
20 574.05 650.05 38.1 24.5
21 626.85 652.5 40.5 29.4
13 1379.4 634.2 19.6 56.4
13 1582.95 642.15 34.3 87.1
21 2390.05 596.3 113.3 95.0