13 1029.15 635.95 15.9 30.7
13 1440.7 642.8 29.4 73.6
13 1766.3 666.05 62.6 134.9
13 76.7 694.8 44.2 89.6
20 1348.05 624.25 20.9 22.1
20 1316.8 627.95 36.8 29.5
20 1093.55 658.7 66.3 66.2
20 1173.95 660.5 109.1 99.4
21 353.95 659.25 68.7 42.9
20 436.7 664.25 62.6 42.9
20 555.1 670.3 122.6 84.6
20 133.1 672.1 98.2 63.8
5 1511.25 621.25 8.5 20.9
5 1536.35 638.4 14.7 55.2
5 1565.8 631.65 19.6 56.5
5 1617.35 635.4 14.7 58.8
5 1638.8 639.05 18.4 61.3
5 1663.4 641.45 18.4 56.5
5 1698.25 618.8 19.7 55.2
5 1867.5 643.3 29.4 79.8
5 2047.8 675.85 56.4 149.7
5 2158.25 682.55 41.7 143.5
20 2191.3 637.2 137.4 72.4
20 2033.8 649.4 204.8 72.4