20 2333.2 670.35 151.2 104.3
20 1332.75 637.3 34.3 28.2
20 1261.65 640.85 44.1 40.5
20 1057.35 645.15 47.9 34.3
20 1152.45 672.15 115.3 103.1
20 513.35 675.25 103.1 40.5
21 281.5 676.4 81.0 52.8
21 195.7 675.8 85.8 56.4
20 6.9 687.5 13.8 65.0
13 1438.9 632.25 11.0 23.3
13 1479.95 656.9 34.3 82.2
13 1941.7 694.25 99.4 191.3
13 940.85 650.65 20.9 40.5
20 1931.85 627.35 133.7 67.5
5 2384.6 666.7 38.0 121.4
5 2222.0 676.4 36.8 126.4
5 2120.2 671.55 39.2 126.3
5 2062.55 679.55 31.9 127.5
5 1852.85 629.85 24.5 77.3
5 1805.65 663.05 23.3 79.7
5 1762.65 653.7 20.9 81.0
5 1669.45 646.4 20.9 76.0
5 1716.05 636.55 20.9 66.3
5 1623.45 653.8 22.1 76.0
5 1571.95 628.55 12.3 30.7
13 1555.9 635.45 9.8 24.5
5 1544.9 634.2 7.4 22.0
5 890.55 656.25 13.5 26.9
5 450.2 680.8 16.0 56.4
5 714.0 675.9 18.4 46.6