20 1179.45 659.9 62.1 59.8
20 1074.55 634.5 25.5 25.4
20 965.25 626.05 23.7 10.9
20 1020.4 625.95 22.4 12.7
20 883.6 637.1 27.6 23.0
20 845.35 628.2 17.9 19.2
21 393.0 613.95 187.6 89.5
5 1817.95 673.95 34.3 100.7
5 1922.2 684.25 31.6 94.9
5 1992.7 694.45 28.6 90.5
5 1740.25 673.8 19.3 58.0
5 1613.45 656.95 14.5 32.7
13 1586.05 653.3 12.1 33.4
5 2207.0 695.45 34 125.7
5 2306.95 705.25 29.5 124.5
5 2254.25 710.85 24.9 103.3
20 1153.05 641.5 36.1 38.2
6 744.1 613.95 21.4 25.1
13 735.6 645.1 15.2 35.0
10 13.55 682.8 27.1 43.6
10 88.35 660.0 30.3 54.0
10 139.55 656.45 23.1 52.1
10 189.8 663.6 35.6 42.0
10 256.85 660.25 31.7 36.9