20 1024.2 647.65 65.2 55.3
20 962.65 627.45 35.7 34.9
21 57.0 612.5 85.2 50.6
20 346.7 629.25 85.0 32.9
13 340.95 650.65 23.5 48.1
20 415.25 627.8 59.7 24.0
20 496.25 619.85 45.7 25.7
5 2417.7 699.45 33.0 118.1
13 1782.95 650.6 21.9 53.6
5 1729.25 656.8 19.3 44.0
5 1605.65 647.1 13.7 52.2
0 1581.65 667.7 26.1 33.0
20 603.3 608.0 20.6 28.8
14 674.0 592.9 41.2 42.6
5 2504.5 711.55 37 107.5
20 1479.7 633.05 49.0 35.7
20 1114.1 624.45 22.6 21.7
20 730.75 627.0 37.9 43.6
21 841.2 620.2 19.2 17.2
20 899.85 618.75 15.7 15.1
20 802.0 618.3 19.2 13.4
13 1169.2 632.05 9.2 18.9
20 924.45 622.6 17.7 18.0