20 1156.7 663.15 102.2 80.7
20 2212.35 687.65 173.5 116.1
20 188.25 623.9 99.7 50.6
20 1062.05 632.5 43.7 39.8
20 998.25 624.8 28.1 22.8
5 1614.7 642.55 14.6 47.9
5 1411.65 638.6 12.5 37.6
5 1377.1 643.95 9.0 39.5
5 1349.55 647.2 9.9 34.8
5 1329.3 637.0 9.4 40.4
5 1297.6 633.5 6.8 29.8
5 1277.65 635.05 8.1 19.3
5 2087.05 670.75 18.9 78.3
5 2123.1 675.75 15.4 79.5
5 2495.15 661.1 23.1 54.6
0 2494.15 797.65 43.9 76.5
20 371.8 661.9 111.2 81.0
17 32.15 616.5 61.5 51.8
5 419.6 593.65 8.0 21.3
5 444.45 595.3 7.7 19.0
20 591.8 620.15 50.0 21.5