20 1208.75 666.15 102.7 80.7
20 1086.95 633.95 44.7 37.1
20 1009.65 628.85 26.5 24.1
20 1862.35 667.35 95.9 67.9
17 243.9 617.1 59.4 41.8
20 402.05 628.5 78.5 42.6
5 2320.6 692.35 36.0 98.3
5 2137.9 685.05 19.0 81.3
5 2184.7 680.8 21.0 54.4
5 2080.8 664.5 25.6 42.6
5 1805.75 658.2 20.3 66.8
0 1970.85 722.45 70.1 48.5
10 2214.5 735.55 75.4 45.9
10 2062.85 704.45 34.1 46.5
5 29.05 631.55 17.7 55.5
5 1381.05 641.55 10.9 31.9
5 1347.9 636.65 10.6 24.9
20 711.25 647.35 56.5 38.3
20 652.75 618.35 43.9 14.3