21 2329.6 669.85 153.6 114.1
20 1174.95 663.65 119.5 101.7
5 1758.1 649.2 33.0 78.4
5 1823.5 652.0 20.6 50.8
5 1791.2 644.5 16.4 52.2
5 1650.9 643.1 11.0 33.0
5 1631.7 641.7 11.0 30.2
5 1432.5 634.8 13.8 44.0
5 1459.35 632.1 12.3 33.0
13 1484.7 636.25 13.8 35.7
5 1497.1 632.75 11.0 34.3
13 1418.15 635.55 12.3 34.3
4 1388.55 625.85 8.3 26.1
13 1350.05 639.0 19.3 41.2
14 1050.6 599.0 41.2 44.0
20 894.55 610.75 37.1 17.9
20 821.75 610.05 34.3 16.5
5 582.05 632.75 16.5 39.9
20 593.0 597.05 44.0 23.3