20 1061.55 670.6 129.1 104.4
13 146.4 658.9 41.2 81.0
20 290.65 598.45 60.5 26.1
20 624.55 620.3 52.3 20.6
14 757.9 579.15 93.4 81.1
20 1133.65 634.75 70.1 49.5
13 1276.5 647.1 20.6 52.2
4 1334.9 635.55 11.0 34.3
5 1422.3 647.25 20.6 57.7
5 1445.6 648.55 12.4 49.5
5 1456.6 650.55 12.4 59.1
5 1476.5 652.6 30.2 85.2
5 1504.6 647.9 15.2 59.0
5 1524.65 650.65 16.5 64.5
5 1551.35 650.55 15.1 59.1
5 1751.95 664.4 15.1 48.0
5 1780.2 660.9 16.4 52.2
4 2259.65 686.3 41.3 108.6
5 2316.7 690.5 39.8 122.2
5 2415.0 700.7 38.4 115.4