20 1212.0 623.15 18.4 14.7
20 1260.4 634.15 22.0 17.1
20 1291.1 637.25 29.4 23.3
20 1135.95 635.35 33.1 34.3
20 1024.95 637.8 31.9 34.4
20 1053.65 648.9 74.9 66.2
21 736.7 614.5 29.4 27.0
20 800.4 625.5 34.4 24.6
20 780.25 672.15 116.5 88.3
20 406.05 604.1 60.1 30.6
20 295.75 610.25 89.5 42.9
20 204.95 599.1 69.9 45.4
20 78.55 612.1 106.7 46.6
20 133.25 822.4 266.5 388.8
13 1552.35 672.15 36.7 88.3
4 1416.15 645.8 14.7 55.2
4 1278.1 640.3 8.6 29.4
4 1341.35 629.8 12.3 38.0
20 466.2 646.4 92.0 76.0