20 979.75 673.25 119.5 98.9
20 1157.0 650.65 72.8 64.5
20 1208.6 643.05 38.4 38.5
20 28.0 596.95 56 39.9
20 522.95 618.35 68.7 21.9
20 650.65 621.8 60.5 28.8
20 554.55 612.8 43.9 22.0
20 691.95 620.45 49.5 26.1
13 1461.35 661.65 27.5 64.5
4 1375.45 636.85 9.7 26.1
4 1354.25 634.75 10.9 27.5
4 1320.6 641.05 9.6 23.3
4 1297.2 638.95 6.8 24.7
14 1113.7 637.5 35.8 33.0
20 1499.9 628.0 27.4 19.2
5 1833.1 687.0 39.8 110
5 1914.85 691.85 38.5 108.5
5 1987.0 701.5 50.8 166.2
5 2074.95 707.6 56.3 167.6
5 2164.2 695.95 53.6 166.3
5 2246.0 691.75 63.2 185.5
5 2355.15 703.55 78.3 170.3
5 2513.05 714.45 31.3 104.5