14 126.95 461.75 253.9 302.3
20 575.2 620.3 63.2 20.6
20 593.65 612.1 45.3 20.6
20 694.7 623.05 49.4 26.1
20 717.3 618.35 45.4 21.9
20 1003.15 673.95 122.3 100.3
20 1146.05 648.55 67.3 65.9
20 1190.75 643.75 46.7 39.9
13 1389.25 656.8 26.1 60.4
4 1339.8 636.15 9.6 24.7
4 1325.35 634.05 8.3 26.1
4 1414.65 641.0 16.5 34.4
5 1668.2 673.95 28.8 100.3
5 1716.9 675.35 33.0 103.1
5 1778.75 666.45 30.3 101.7
5 1804.2 666.35 31.6 112.7
5 1936.1 698.75 64.6 204.7
5 2116.75 691.1 24.7 74.2
5 2162.85 688.45 23.3 79.7
4 1297.9 638.95 8.2 24.7
4 1267.7 638.25 8.2 23.3
20 1466.8 628.0 22.0 19.2