21 526.85 597.9 61.3 43.0
20 1009.5 613.85 25.8 20.9
20 927.9 620.6 44.2 34.4
20 1112.5 613.25 45.4 39.3
20 1230.35 617.6 35.5 38.0
20 1357.9 609.05 30.6 25.7
20 1502.65 623.65 60.1 40.5
20 1419.2 617.5 35.6 28.2
20 1137.75 639.7 90.7 82.2
20 796.75 655.6 125.1 89.6
20 102.0 836.55 204 382.7
4 1646.75 594.25 29.5 94.5
4 1545.0 628.0 36.8 112.8
5 1489.05 632.9 23.3 63.8
4 1416.8 632.9 20.8 63.8
13 1724.55 697.35 87.1 197.5
13 1345.6 620.0 16.0 33.2
5 667.35 623.15 13.5 34.3
13 108.0 656.9 52.8 67.4