13 314.15 655.25 35.1 59.3
13 1242.2 657.4 38.4 85.6
13 1743.2 745.85 171.2 332.5
21 506.2 640.35 116.4 99.9
20 111.1 686.5 164.6 117.4
20 97.2 801.25 194.4 329.3
20 779.55 636.05 30.7 20.9
20 836.65 666.75 118.5 95.5
20 919.95 688.25 241.5 226.1
20 2070.85 644.8 71.3 69.2
20 2194.9 679.4 121.8 90.0
20 2345.8 720.6 142.8 132.8
20 2515.3 890.7 29.8 135.0
20 1974.15 696.45 167.9 102.1
20 1465.55 666.75 313.9 121.9
13 1282.75 629.4 14.3 34.0
5 1343.6 638.2 13.2 34.0
5 1370.55 638.75 9.9 35.1
5 1390.35 643.7 5.5 31.8
5 1406.25 637.1 10.9 40.6
5 1456.7 632.7 11.0 40.6