13 1291.0 643.15 17.6 35.1
13 1827.15 750.25 154.7 332.5
5 1444.6 643.7 13.2 31.8
5 1416.7 654.7 9.8 31.8
5 1399.7 654.15 6.6 35.1
5 1373.3 650.85 11.0 28.5
5 1357.35 649.2 9.9 34.0
17 1234.5 632.15 45 52.7
21 741.6 644.25 64.8 59.3
20 533.1 671.7 113.0 74.6
20 764.1 682.15 114.2 99.9
20 935.35 703.45 254.7 234.9
20 1453.5 675.0 272.2 112.0
20 2031.3 648.65 62.6 59.3
20 2131.1 686.55 126.2 82.3
20 1942.95 707.95 206.3 151.5
21 2354.05 708.45 137.3 205.3
20 86.2 828.15 172.4 330.3
6 128.65 686.0 68.1 54.8