13 1622.9 751.6 147.4 334.0
13 892.25 630.9 8.5 28.2
15 71.6 435.45 143.2 250.5
20 366.6 669.35 71.6 50.3
20 519.1 652.25 35.8 33.3
20 608.2 702.6 190.0 150.8
20 931.1 647.65 41.8 40.9
20 1027.75 650.95 23.9 23.9
20 1083.65 658.6 94.5 90.4
20 1683.0 653.2 124.4 58.8
20 1825.3 657.85 133.0 68.1
20 1922.8 660.0 137.2 72.4
20 2031.6 684.6 184.0 98.0
20 2195.15 689.7 207.9 108.2
21 1879.4 626.75 98.0 50.3
17 1521.2 620.75 138.0 89.5
5 1391.15 648.0 17.9 52
5 1418.1 654.8 17.0 72.4
5 1527.95 669.35 18.7 77.5
5 1565.8 674.05 26.4 80.1
5 1650.25 655.65 21.3 74.1