5 1230.6 658.7 13.6 56.2
5 1285.1 669.25 17.0 53.7
5 1351.55 672.25 17.1 59.7
5 1953.6 751.55 52.0 149.9
13 1513.55 744.65 122.7 276.1
21 1843.6 679.5 156.0 87.8
21 2098.9 695.75 199.4 109.9
20 2278.6 757.85 187.6 217.3
20 1418.95 659.9 83.5 48.6
21 1531.4 657.0 117.6 59.6
20 1593.95 681.15 109.9 63.9
20 1696.7 683.75 134.6 69.1
20 254.95 667.2 76.7 52.8
20 799.45 637.85 20.5 14.5
20 922.55 651.8 31.5 25.6
20 841.95 653.6 44.3 39.2
20 471.0 724.25 236.0 184.1
20 1037.5 662.5 101.4 94.6
15 441.95 506.5 147.5 140.6
17 1298.3 626.75 101.4 57.1