13 472.7 656.8 21.4 43.2
20 638.6 650.6 202.4 161.6
20 1131.95 634.0 44.7 42.0
20 1115.8 637.2 36.0 32.4
20 1233.55 636.9 37.9 31.8
13 1328.65 637.15 6.9 20.3
13 1303.15 631.8 5.9 18.4
6 1352.4 624.75 23.6 38.7
21 1455.15 623.3 34.3 41.8
20 1502.85 641.45 47.7 34.9
13 1401.45 654.45 43.7 92.5
4 1766.1 660.25 59.0 165.3
10 1607.85 671.85 74.1 46.9
10 1627.95 667.2 71.5 44.0
10 1899.65 643.75 29.7 37.1
10 1811.25 652.7 32.1 34.2
10 2042.5 645.05 75.4 50.9
10 2508.4 740.5 34.4 65.4
5 180.7 673.75 22.2 62.7