5 315.9 648.95 25.8 47.9
20 1091.65 642.35 40.1 35.1
20 1200.8 637.55 51.6 45.5
20 1234.35 642.05 36.7 31.3
20 1178.3 633.55 20.2 20.3
13 1293.65 632.35 7.3 20.3
10 2424.45 704.05 50.5 80.9
10 2287.15 700.1 63.1 75.4
10 2355.5 697.6 51.8 72.8
5 2183.9 654.4 32.6 108.0
5 2137.0 646.0 33.2 116
10 2201.5 671.9 45.4 65.8
5 2093.7 669.3 13.4 53.0
10 1935.65 671.4 71.7 48.0
10 1770.1 638.8 52.6 34.4
10 1627.75 639.6 35.9 28.0
4 1578.05 652.5 37.3 105.4
10 1482.95 661.35 48.3 30.3
20 1437.65 639.45 35.7 26.5
13 1373.0 656.35 42.8 91.5
6 1331.9 627.1 31.0 35.8
10 1709.3 641.4 19.8 23.6