21 713.65 637.35 57.3 28.3
20 574.35 639.4 96.7 78.0
21 360.05 652.35 86.1 58.3
20 188.35 680.15 115.1 58.3
20 1200.0 633.85 37.6 34.5
5 1318.6 630.55 10.4 30.3
13 1346.8 641.05 9.6 34.9
20 1383.35 631.55 35.5 35.5
6 1532.1 621.85 90.6 46.5
13 1475.0 643.85 25.6 64.9
20 1623.75 621.9 103.1 55.8
13 1685.8 678.95 72.4 134.7
20 1881.15 641.45 161.9 73.7
5 1918.55 648.25 49.1 75.3
10 1913.95 728.9 69.9 89.8
5 2066.1 670.1 47.4 122.2
10 2234.75 699.25 66.3 83.3
10 2298.8 660.3 28.0 47.8
10 2415.15 663.6 77.1 70.4
20 933.85 721.75 253.7 202.3