20 1005.85 658.7 42.9 43.4
13 1205.2 654.5 19.2 34.6
21 1262.45 644.6 37.7 38.4
20 1390.15 635.3 62.3 36.2
11 1430.2 631.3 90.4 55.4
13 1336.5 665.8 20.6 57.2
20 1587.75 640.7 133.9 61.4
13 1503.3 685.45 51.0 131.3
20 1900.2 625.8 147.6 62.0
20 1872.3 666.2 199.0 84.0
5 2038.5 677.15 31.0 100.7
5 2121.25 663.55 34.5 96.7
20 2089.7 660.05 239.8 90.1
5 2345.7 706.15 57.0 188.7
10 2111.05 797.5 138.9 151.8
10 2434.95 655.1 54.3 71.8
10 2477.95 767.45 54.7 105.3
21 544.4 651.55 63.6 28.3
21 355.6 655.4 90.0 45.6
20 158.25 658.6 93.3 43.2
20 72.4 671.1 98.8 70.2
20 25.35 672.6 50.7 152.4
20 727.0 733.05 257.6 208.1