13 1522.5 657.15 26.2 61.9
5 1602.75 647.2 18.7 50.0
20 1455.05 623.3 49.7 28.2
20 1529.95 625.4 64.3 28.0
20 1627.85 632.2 100.1 38.8
20 1689.15 634.75 100.3 34.3
20 1852.9 622.2 166.6 66.8
5 2086.1 639.35 23.8 95.5
5 2179.35 656.4 18.3 83.2
20 2223.1 671.9 224.6 241.8
13 1837.65 706.6 82.5 166.0
21 763.85 633.95 69.3 31.1
20 730.65 644.4 47.3 41.6
20 662.6 654.55 57.2 31.9
13 664.4 662.95 21.2 39.9
13 444.25 661.7 30.9 57.4
5 339.9 657.15 19.8 53.9
1 34.6 684.55 69.2 94.3
20 1075.85 749.75 285.3 223.9
5 2118.1 648.15 28.2 88.7