5 2349.05 600.7 38.5 87.8
10 2192.4 638.85 51.2 62.1
10 2259.05 650.75 48.5 55.5
10 2018.5 692.8 54.2 58.8
13 1805.75 688.6 66.3 140.4
5 1879.8 665.05 28.8 87.7
20 1935.2 636.9 151.2 56.6
10 2125.7 626.9 24.2 54.2
20 1613.85 627.5 100.9 47.4
21 1477.9 619.4 69.0 31.2
13 1482.0 648.45 27.6 60.5
13 1372.3 642.55 14.2 30.3
21 1396.3 633.35 28.6 31.9
5 1340.8 631.3 8.8 29.0
20 1242.65 635.0 39.3 38
20 806.2 635.65 51.6 56.1
21 637.9 640.3 69.4 34.6
20 342.7 657.75 185.0 133.5
13 186.15 694.25 57.5 67.7
5 122.5 683.6 20.2 52.8
6 13.85 723.9 27.7 38.6
20 971.65 727.15 264.5 217.9