Car 1107.3 591.9 39.4 29.0
Car 1068.95 582.05 27.9 18.5
LargeBus 1252.7 546.65 52.2 77.7
Car 582.05 602.35 88.1 49.9
Car 845.2 592.55 34.8 25.5
Car 964.1 572.15 26.6 26.7
Car 1108.35 588.95 37.1 27.9
LargeBus 897.95 552.8 30.3 25.2
Car 841.85 595.65 42.9 26.9
Car 1036.85 564.95 18.5 12.7
van 964.75 560.4 22.7 16.8
Car 1238.35 640.05 185.5 157.7
Car 1107.3 591.9 39.4 29.0
Car 1068.95 582.05 27.9 18.5
LargeBus 1252.7 546.65 52.2 77.7
Car 582.05 602.35 88.1 49.9
Car 845.2 592.55 34.8 25.5
Car 964.1 572.15 26.6 26.7
Car 1108.35 588.95 37.1 27.9
LargeBus 897.95 552.8 30.3 25.2
Car 841.85 595.65 42.9 26.9
Car 1036.85 564.95 18.5 12.7
van 964.75 560.4 22.7 16.8