Car 76.35 635.9 62.3 35.4
Car 448.05 617.1 84.1 43.8
Car 859.5 585.1 47 29.8
Car 963.0 580.9 29.6 21.0
Car 946.4 574.1 22.8 19.8
Car 1029.55 564.5 17.5 18.6
Car 1114.8 596.4 44.4 36.0
Car 1086.4 586.55 33.2 27.9
Car 1086.45 559.05 14.5 12.9
Truck 1095.75 540.65 16.3 17.3
van 1176.3 558.3 18.6 21.0
Car 1234.05 643.1 167.3 146.6
LargeBus 1273.0 533.8 55.2 51.2
LargeBus 941.75 540.8 32.3 22.0
Car 383.65 642.45 122.9 68.1
Car 76.35 635.9 62.3 35.4
Car 448.05 617.1 84.1 43.8
Car 859.5 585.1 47 29.8
Car 963.0 580.9 29.6 21.0
Car 946.4 574.1 22.8 19.8
Car 1029.55 564.5 17.5 18.6
Car 1114.8 596.4 44.4 36.0
Car 1086.4 586.55 33.2 27.9
Car 1086.45 559.05 14.5 12.9
Truck 1095.75 540.65 16.3 17.3
van 1176.3 558.3 18.6 21.0
Car 1234.05 643.1 167.3 146.6
LargeBus 1273.0 533.8 55.2 51.2
LargeBus 941.75 540.8 32.3 22.0