LargeBus 1621.45 518.0 248.9 202.4
LargeBus 1458.65 570.95 68.1 122.3
TricycleClosed 272.6 639.55 46.8 33.1
Car 814.0 669.7 52.8 31.0
Car 959.85 654.4 46.1 31.6
Car 1047.45 657.95 28.5 22.3
Car 1092.15 650.7 20.7 18.2
Car 1212.85 654.3 32.1 25.4
Car 1284.6 657.15 38.8 31.1
van 1261.75 633.2 9.9 14.0
Car 509.15 707.1 184.3 132.6
LargeBus 1621.45 518.0 248.9 202.4
LargeBus 1458.65 570.95 68.1 122.3
TricycleClosed 272.6 639.55 46.8 33.1
Car 814.0 669.7 52.8 31.0
Car 959.85 654.4 46.1 31.6
Car 1047.45 657.95 28.5 22.3
Car 1092.15 650.7 20.7 18.2
Car 1212.85 654.3 32.1 25.4
Car 1284.6 657.15 38.8 31.1
van 1261.75 633.2 9.9 14.0