Car 82.3 704.0 164.6 123.2
Pedestrian 220.75 433.25 10.3 36.1
van 417.1 657.55 199.8 150.7
van 635.75 624.35 99.9 70.7
Car 1062.55 657.65 39.1 22.9
Car 1284.75 656.65 35.1 25.7
Car 1268.05 658.0 26.1 21.6
van 1331.5 640.95 7.8 12.3
LargeBus 1434.05 598.7 67.7 73.0
LargeBus 1397.75 619.25 35.9 46.9
Car 2008.3 777.35 367.8 279.9
Car 82.3 704.0 164.6 123.2
Pedestrian 220.75 433.25 10.3 36.1
van 417.1 657.55 199.8 150.7
van 635.75 624.35 99.9 70.7
Car 1062.55 657.65 39.1 22.9
Car 1284.75 656.65 35.1 25.7
Car 1268.05 658.0 26.1 21.6
van 1331.5 640.95 7.8 12.3
LargeBus 1434.05 598.7 67.7 73.0
LargeBus 1397.75 619.25 35.9 46.9