Car 212.85 717.4 277.3 174.0
Car 900.6 630.75 66.0 43.9
Car 876.05 632.95 32.5 27.1
Car 1010.7 626.95 37.8 23.5
van 1096.95 612.55 10.3 10.3
Car 1198.2 625.95 33.2 27.1
van 1251.7 606.05 9.8 11.7
Car 1250.7 611.45 13.4 6.9
Car 1287.45 623.9 26.5 19.8
Car 1323.85 627.4 40.1 31.2
LargeBus 2049.55 318.65 340.3 637.3
Car 212.85 717.4 277.3 174.0
Car 900.6 630.75 66.0 43.9
Car 876.05 632.95 32.5 27.1
Car 1010.7 626.95 37.8 23.5
van 1096.95 612.55 10.3 10.3
Car 1198.2 625.95 33.2 27.1
van 1251.7 606.05 9.8 11.7
Car 1250.7 611.45 13.4 6.9
Car 1287.45 623.9 26.5 19.8
Car 1323.85 627.4 40.1 31.2