Car 539.35 657.05 82.7 74.1
Car 800.45 652.25 75.7 50.5
Car 961.05 640.6 31.7 21.2
van 1049.0 625.75 12.8 11.5
Car 1191.15 614.35 15.5 11.9
Car 1213.6 619.25 10.8 9.7
Car 1173.4 633.7 34.0 27.4
Car 1238.05 617.0 10.5 11.2
Car 1271.75 628.85 26.7 20.9
Car 1314.9 630.1 40.6 31.4
Car 153.1 689.85 267.8 180.9
Car 539.35 657.05 82.7 74.1
Car 800.45 652.25 75.7 50.5
Car 961.05 640.6 31.7 21.2
van 1049.0 625.75 12.8 11.5
Car 1191.15 614.35 15.5 11.9
Car 1213.6 619.25 10.8 9.7
Car 1173.4 633.7 34.0 27.4
Car 1238.05 617.0 10.5 11.2
Car 1271.75 628.85 26.7 20.9
Car 1314.9 630.1 40.6 31.4