Car 401.05 650.25 68.1 46.5
Car 775.7 632.45 31.4 20.1
Car 929.9 635.75 47.4 37.5
van 1007.45 617.15 20.1 25.5
Car 1034.3 615.95 12.6 12.3
Car 1104.85 634.65 46.1 37.7
Car 1084.9 629.8 19.4 22.8
van 1078.95 609.65 11.5 13.7
Car 1065.8 618.6 6.8 7.2
Car 1056.75 611.15 11.5 8.7
Car 218.9 671.4 148.2 95.6
Car 401.05 650.25 68.1 46.5
Car 775.7 632.45 31.4 20.1
Car 929.9 635.75 47.4 37.5
van 1007.45 617.15 20.1 25.5
Car 1034.3 615.95 12.6 12.3
Car 1104.85 634.65 46.1 37.7
Car 1084.9 629.8 19.4 22.8
van 1078.95 609.65 11.5 13.7
Car 1065.8 618.6 6.8 7.2
Car 1056.75 611.15 11.5 8.7