Car 395.7 693.5 96.6 53.0
Car 708.15 673.2 67.5 57.6
Car 789.2 688.15 113.2 79.5
LightTruck 922.25 642.55 29.7 27.1
Truck 1009.8 636.05 26.4 23.3
Car 1035.65 666.75 49.7 38.3
van 1128.8 648.2 24.0 28.4
Car 1174.45 659.35 12.9 11.1
Car 1220.4 661.55 42.0 33.1
Car 171.85 683.55 176.1 109.9
Car 395.7 693.5 96.6 53.0
Car 708.15 673.2 67.5 57.6
Car 789.2 688.15 113.2 79.5
LightTruck 922.25 642.55 29.7 27.1
Truck 1009.8 636.05 26.4 23.3
Car 1035.65 666.75 49.7 38.3
van 1128.8 648.2 24.0 28.4
Car 1174.45 659.35 12.9 11.1
Car 1220.4 661.55 42.0 33.1