LightTruck 55.65 607.6 111.3 125.2
Car 397.1 659.2 82.2 64.0
Car 447.3 659.45 123.0 81.7
Car 741.25 670.05 132.1 91.3
Truck 804.7 606.2 51.4 46.4
Car 1098.4 648.75 40.8 31.5
Car 1173.9 646.85 16.6 11.3
van 1126.6 636.75 22.4 20.3
Car 1216.6 649.3 43.6 37.4
Car 22.6 712.5 45.2 131.0
LightTruck 55.65 607.6 111.3 125.2
Car 397.1 659.2 82.2 64.0
Car 447.3 659.45 123.0 81.7
Car 741.25 670.05 132.1 91.3
Truck 804.7 606.2 51.4 46.4
Car 1098.4 648.75 40.8 31.5
Car 1173.9 646.85 16.6 11.3
van 1126.6 636.75 22.4 20.3
Car 1216.6 649.3 43.6 37.4