Car 355.25 667.35 90.1 62.7
Car 661.7 659.25 59.0 41.3
Car 764.2 673.6 120.0 84.8
LightTruck 815.9 621.7 41.4 40.2
Truck 961.95 618.45 30.3 38.5
Car 1048.3 643.25 48.6 36.5
van 1124.15 630.85 23.1 28.9
Car 1168.9 640.4 15.4 10.8
Car 1214.75 642.5 41.5 35.0
Pickup 74.45 682.45 148.9 141.7
Car 355.25 667.35 90.1 62.7
Car 661.7 659.25 59.0 41.3
Car 764.2 673.6 120.0 84.8
LightTruck 815.9 621.7 41.4 40.2
Truck 961.95 618.45 30.3 38.5
Car 1048.3 643.25 48.6 36.5
van 1124.15 630.85 23.1 28.9
Car 1168.9 640.4 15.4 10.8
Car 1214.75 642.5 41.5 35.0