Car 360.6 647.65 73.2 41.3
Car 457.45 650.25 46.5 36.1
van 582.45 633.45 51.7 40.5
Car 756.85 642.0 131.7 78.4
LargeBus 773.15 599.05 61.1 40.5
LargeBus 972.15 597.25 49.1 68.1
LargeBus 1101.75 500.0 229.1 286.8
Car 1463.5 632.15 25.8 27.5
Car 230.15 658.05 60.3 41.3
Car 360.6 647.65 73.2 41.3
Car 457.45 650.25 46.5 36.1
van 582.45 633.45 51.7 40.5
Car 756.85 642.0 131.7 78.4
LargeBus 773.15 599.05 61.1 40.5
LargeBus 972.15 597.25 49.1 68.1
LargeBus 1101.75 500.0 229.1 286.8
Car 1463.5 632.15 25.8 27.5