van 375.2 627.4 61.2 28.4
LargeBus 994.55 608.95 38.7 60.3
LargeBus 1114.65 533.95 165.3 206.7
Car 1379.5 642.5 19.8 31.0
Car 824.55 642.5 65.9 41
Car 940.5 646.15 44.2 31.5
Motorcycle 697.65 646.85 24.9 18.9
Car 750.2 640.05 33.2 22.1
Car 546.5 639.8 35.0 20.4
Car 640.4 632.15 19.6 14.7
Car 118.05 683.35 236.1 126.7
van 375.2 627.4 61.2 28.4
LargeBus 994.55 608.95 38.7 60.3
LargeBus 1114.65 533.95 165.3 206.7
Car 1379.5 642.5 19.8 31.0
Car 824.55 642.5 65.9 41
Car 940.5 646.15 44.2 31.5
Motorcycle 697.65 646.85 24.9 18.9
Car 750.2 640.05 33.2 22.1
Car 546.5 639.8 35.0 20.4
Car 640.4 632.15 19.6 14.7