Motorcycle 117.75 628.7 27.5 15.8
Car 300.6 631.7 40.4 25.0
Car 393.7 632.95 22.6 17.9
Car 467.15 631.8 29.5 21.2
Car 427.1 632.55 17.0 11.5
Car 521.8 629.15 13.2 10.3
Car 660.3 635.15 19.0 16.7
Car 773.05 661.6 58.9 47.2
LargeBus 974.35 522.8 252.3 287.6
Car 26.75 633.25 38.7 32.5
Motorcycle 117.75 628.7 27.5 15.8
Car 300.6 631.7 40.4 25.0
Car 393.7 632.95 22.6 17.9
Car 467.15 631.8 29.5 21.2
Car 427.1 632.55 17.0 11.5
Car 521.8 629.15 13.2 10.3
Car 660.3 635.15 19.0 16.7
Car 773.05 661.6 58.9 47.2
LargeBus 974.35 522.8 252.3 287.6