LargeBus 214.85 535.15 140.9 112.7
Car 357.0 614.95 69.2 44.3
Car 447.0 620.25 46.8 32.9
Car 506.65 615.8 39.7 28.0
Car 533.0 610.6 29.6 26.0
Car 668.2 613.65 36.8 26.9
Car 754.3 604.6 26.6 19.6
Car 814.05 608.45 28.1 20.9
MotorCyclist 940.9 596.55 9.8 17.1
Car 1160.85 620.85 36.9 30.9
Car 1255.65 631.65 64.9 50.5
LargeBus 1395.3 463.6 242.2 299.2
Car 40.2 629.85 80.4 48.1
LargeBus 214.85 535.15 140.9 112.7
Car 357.0 614.95 69.2 44.3
Car 447.0 620.25 46.8 32.9
Car 506.65 615.8 39.7 28.0
Car 533.0 610.6 29.6 26.0
Car 668.2 613.65 36.8 26.9
Car 754.3 604.6 26.6 19.6
Car 814.05 608.45 28.1 20.9
MotorCyclist 940.9 596.55 9.8 17.1
Car 1160.85 620.85 36.9 30.9
Car 1255.65 631.65 64.9 50.5
LargeBus 1395.3 463.6 242.2 299.2