LargeBus 62.7 560.45 125.4 80.1
Car 359.75 628.45 98.7 56.1
Car 508.1 624.95 74.6 44.3
Car 618.7 626.6 61.4 34.4
Car 683.05 620.6 39.3 32.4
LargeBus 764.55 551.2 95.9 86.8
Car 906.4 617.5 36.4 27.4
Car 933.45 614.15 29.7 24.3
Car 955.95 609.95 27.1 22.7
Car 1022.9 619.0 40.2 30.4
Car 1101.2 607.7 27.6 21.8
LargeBus 1293.65 485.4 264.5 316.0
Car 1670.8 640.85 65.6 58.5
van 113.2 609.55 132.4 82.7
LargeBus 62.7 560.45 125.4 80.1
Car 359.75 628.45 98.7 56.1
Car 508.1 624.95 74.6 44.3
Car 618.7 626.6 61.4 34.4
Car 683.05 620.6 39.3 32.4
LargeBus 764.55 551.2 95.9 86.8
Car 906.4 617.5 36.4 27.4
Car 933.45 614.15 29.7 24.3
Car 955.95 609.95 27.1 22.7
Car 1022.9 619.0 40.2 30.4
Car 1101.2 607.7 27.6 21.8
LargeBus 1293.65 485.4 264.5 316.0
Car 1670.8 640.85 65.6 58.5