Car 71.7 652.85 70.6 41.3
Car 185.8 643.3 61.2 46.6
Car 323.55 632.95 99.1 77.5
Car 503.55 649.35 83.5 48.3
Car 620.7 649.75 59.4 49.1
Car 709.4 642.4 44.0 44.8
LargeBus 834.75 582.7 87.9 87.0
Car 976.05 628.7 29.3 31.0
LargeBus 285.65 587.8 112.9 56.0
LargeBus 1142.7 499.95 255.8 307.5
Car 1602.95 657.15 77.5 60.3
Car 1556.0 642.85 41.6 43.7
Car 1524.6 639.1 38.0 36.2
Car 21.6 666.65 43.2 58.5
Car 71.7 652.85 70.6 41.3
Car 185.8 643.3 61.2 46.6
Car 323.55 632.95 99.1 77.5
Car 503.55 649.35 83.5 48.3
Car 620.7 649.75 59.4 49.1
Car 709.4 642.4 44.0 44.8
LargeBus 834.75 582.7 87.9 87.0
Car 976.05 628.7 29.3 31.0
LargeBus 285.65 587.8 112.9 56.0
LargeBus 1142.7 499.95 255.8 307.5
Car 1602.95 657.15 77.5 60.3
Car 1556.0 642.85 41.6 43.7
Car 1524.6 639.1 38.0 36.2