Car 2430.1 589.2 86.6 48.4
Car 480.5 660.7 23.4 21.0
Car 303.05 658.4 16.5 12.8
Car 213.3 662.85 18.6 13.7
Car 161.15 659.55 14.7 13.1
LargeBus 52.3 638.35 27.8 27.5
Car 203.05 646.45 14.5 16.9
LargeBus 187.8 639.3 24.4 13.0
LargeBus 329.4 631.0 18.8 22.4
MotorCyclist 345.8 657.1 5.2 11.4
Car 370.9 651.45 11.8 9.3
Pedestrian 450.7 657.7 5.4 13.4
Pedestrian 645.95 661.25 7.1 17.7
LargeBus 1144.55 354.05 814.3 708.1
Car 2430.1 589.2 86.6 48.4
Car 480.5 660.7 23.4 21.0
Car 303.05 658.4 16.5 12.8
Car 213.3 662.85 18.6 13.7
Car 161.15 659.55 14.7 13.1
LargeBus 52.3 638.35 27.8 27.5
Car 203.05 646.45 14.5 16.9
LargeBus 187.8 639.3 24.4 13.0
LargeBus 329.4 631.0 18.8 22.4
MotorCyclist 345.8 657.1 5.2 11.4
Car 370.9 651.45 11.8 9.3
Pedestrian 450.7 657.7 5.4 13.4
Pedestrian 645.95 661.25 7.1 17.7