LargeBus 1972.85 539.55 124.9 59.5
Car 2204.6 584.3 95.6 35.4
Car 2401.35 577.45 72.3 35.3
Car 733.0 640.75 26.4 17.9
Car 551.6 642.05 16.8 12.5
Car 465.8 643.75 19.6 15.1
Car 415.4 642.45 17.2 10.9
LargeBus 480.2 625.25 19.6 16.5
LargeBus 448.1 626.25 15.4 16.1
LargeBus 362.95 622.45 23.9 22.9
TricycleClosed 607.7 633.15 12.6 14.3
LargeBus 578.95 607.55 19.5 24.7
LargeBus 1424.65 319.55 451.3 521.9
LargeBus 1972.85 539.55 124.9 59.5
Car 2204.6 584.3 95.6 35.4
Car 2401.35 577.45 72.3 35.3
Car 733.0 640.75 26.4 17.9
Car 551.6 642.05 16.8 12.5
Car 465.8 643.75 19.6 15.1
Car 415.4 642.45 17.2 10.9
LargeBus 480.2 625.25 19.6 16.5
LargeBus 448.1 626.25 15.4 16.1
LargeBus 362.95 622.45 23.9 22.9
TricycleClosed 607.7 633.15 12.6 14.3
LargeBus 578.95 607.55 19.5 24.7