LargeBus 918.1 595.2 17.4 22.8
Car 976.75 614.35 23.9 18.7
Car 1014.15 617.75 30.3 20.3
Car 318.8 616.6 34.8 22.4
LargeBus 1271.4 416.3 331.2 402.6
Car 1678.5 628.15 122.6 85.1
Car 1814.85 612.35 95.3 65.5
MotorCyclist 1963.45 604.0 16.9 35.6
Car 10.5 633.1 21 47.4
LargeBus 918.1 595.2 17.4 22.8
Car 976.75 614.35 23.9 18.7
Car 1014.15 617.75 30.3 20.3
Car 318.8 616.6 34.8 22.4
LargeBus 1271.4 416.3 331.2 402.6
Car 1678.5 628.15 122.6 85.1
Car 1814.85 612.35 95.3 65.5
MotorCyclist 1963.45 604.0 16.9 35.6