LargeBus 2072.4 520.3 142.4 67.0
van 2099.35 556.25 93.5 49.7
Car 730.35 613.5 17.9 15
Car 648.15 616.3 19.1 14.2
Car 591.15 614.5 18.7 12.2
MotorCyclist 559.35 590.55 18.3 17.9
Car 907.55 614.15 25.1 17.9
Car 781.65 605.55 12.9 11.5
Car 624.3 608.7 14.6 11.0
LargeBus 1498.7 367.9 375.8 447.8
LargeBus 2072.4 520.3 142.4 67.0
van 2099.35 556.25 93.5 49.7
Car 730.35 613.5 17.9 15
Car 648.15 616.3 19.1 14.2
Car 591.15 614.5 18.7 12.2
MotorCyclist 559.35 590.55 18.3 17.9
Car 907.55 614.15 25.1 17.9
Car 781.65 605.55 12.9 11.5
Car 624.3 608.7 14.6 11.0