Car 398.5 691.65 25 18.9
Pedestrian 690.95 671.3 10.3 37.0
LargeBus 1260.15 380.65 408.3 478.9
Car 1894.15 653.75 122.3 77.5
LargeBus 1785.05 583.05 80.1 63.7
Car 2032.7 635.6 58.6 27.6
Car 2045.65 642.1 74.1 19.8
Car 2179.15 633.85 89.5 41.3
Car 2341.9 636.5 98.2 43.0
Car 2394.4 623.1 89.6 37.0
Car 2509.45 621.9 33.7 31.0
LargeBus 99.25 639.9 63.7 63.8
Car 398.5 691.65 25 18.9
Pedestrian 690.95 671.3 10.3 37.0
LargeBus 1260.15 380.65 408.3 478.9
Car 1894.15 653.75 122.3 77.5
LargeBus 1785.05 583.05 80.1 63.7
Car 2032.7 635.6 58.6 27.6
Car 2045.65 642.1 74.1 19.8
Car 2179.15 633.85 89.5 41.3
Car 2341.9 636.5 98.2 43.0
Car 2394.4 623.1 89.6 37.0
Car 2509.45 621.9 33.7 31.0