Car 2432.85 590.9 69.3 37.4
LargeBus 36.55 575.1 73.1 101.0
Car 174.65 654.9 16.5 12.2
Car 220.35 658.8 14.7 12.8
Car 315.45 654.75 14.1 11.1
LargeBus 327.8 627.6 18.8 25.2
Car 479.8 658.2 24.0 21.2
Car 357.65 649.35 16.9 11.9
MotorCyclist 353.15 652.45 4.3 11.7
LargeBus 1171.85 345.9 773.3 691.8
Car 2432.85 590.9 69.3 37.4
LargeBus 36.55 575.1 73.1 101.0
Car 174.65 654.9 16.5 12.2
Car 220.35 658.8 14.7 12.8
Car 315.45 654.75 14.1 11.1
LargeBus 327.8 627.6 18.8 25.2
Car 479.8 658.2 24.0 21.2
Car 357.65 649.35 16.9 11.9
MotorCyclist 353.15 652.45 4.3 11.7