Pedestrian 367.5 687.2 14.6 44.8
Car 883.45 678.65 92.1 41.3
Car 903.25 681.75 86.9 43.9
Car 964.4 683.9 102.4 48.2
Pedestrian 1076.7 672.55 41.4 105.1
Pedestrian 1152.15 664.9 43.9 110.2
LargeBus 1389.8 426.7 354.0 419.4
Car 1920.75 667.05 48.3 35.3
Car 2043.0 655.35 89.6 43.1
Car 2220.95 669.25 111.1 63.7
Car 2283.75 648.05 71.5 35.3
Car 2404.4 648.55 50.8 32.7
Car 2468.2 659.65 61.2 34.5
Car 106.1 709.65 25.8 17.3
Pedestrian 367.5 687.2 14.6 44.8
Car 883.45 678.65 92.1 41.3
Car 903.25 681.75 86.9 43.9
Car 964.4 683.9 102.4 48.2
Pedestrian 1076.7 672.55 41.4 105.1
Pedestrian 1152.15 664.9 43.9 110.2
LargeBus 1389.8 426.7 354.0 419.4
Car 1920.75 667.05 48.3 35.3
Car 2043.0 655.35 89.6 43.1
Car 2220.95 669.25 111.1 63.7
Car 2283.75 648.05 71.5 35.3
Car 2404.4 648.55 50.8 32.7
Car 2468.2 659.65 61.2 34.5