Car 2487.55 644.2 48.3 34.4
LargeBus 26.3 663.2 52.6 62.0
Car 165.95 703.2 14.7 11.2
Pedestrian 575.5 687.7 13.8 42.2
Pedestrian 639.15 682.5 20.7 52.6
Car 1060.85 676.45 92.1 40.5
Car 1092.65 693.25 80.1 29.3
Car 1134.85 694.65 74.9 35.3
LargeBus 1329.9 410.8 379.0 449.6
Car 1938.4 663.5 83.6 42.2
Car 2070.25 669.15 119.7 70.7
Car 2180.45 653.25 74.9 35.3
Car 2344.05 647.7 92.1 37.8
Car 2486.2 645.5 49.2 30.2
Car 2546.95 670.1 8.7 37.8
Car 2487.55 644.2 48.3 34.4
LargeBus 26.3 663.2 52.6 62.0
Car 165.95 703.2 14.7 11.2
Pedestrian 575.5 687.7 13.8 42.2
Pedestrian 639.15 682.5 20.7 52.6
Car 1060.85 676.45 92.1 40.5
Car 1092.65 693.25 80.1 29.3
Car 1134.85 694.65 74.9 35.3
LargeBus 1329.9 410.8 379.0 449.6
Car 1938.4 663.5 83.6 42.2
Car 2070.25 669.15 119.7 70.7
Car 2180.45 653.25 74.9 35.3
Car 2344.05 647.7 92.1 37.8
Car 2486.2 645.5 49.2 30.2