Car 2332.85 663.1 97.3 58.6
Car 2255.35 648.45 66.3 29.3
Car 2116.7 649.0 92.2 40.4
Car 2071.05 641.25 62.9 35.3
Car 1919.1 652.45 75.8 40.5
van 1293.0 629.6 101.6 56.8
van 1331.3 632.6 109.4 56.0
LargeBus 1484.15 434.5 325.5 379.8
Car 638.85 661.05 102.5 47.3
Car 665.05 666.2 103.3 40.4
Car 737.8 669.2 118.0 39.6
Car 890.35 666.15 150.7 61.1
Pedestrian 854.1 661.4 47.4 134.4
Pedestrian 915.7 659.25 36.2 130.1
LightTruck 2460.4 632.1 66.4 48.2
Car 2332.85 663.1 97.3 58.6
Car 2255.35 648.45 66.3 29.3
Car 2116.7 649.0 92.2 40.4
Car 2071.05 641.25 62.9 35.3
Car 1919.1 652.45 75.8 40.5
van 1293.0 629.6 101.6 56.8
van 1331.3 632.6 109.4 56.0
LargeBus 1484.15 434.5 325.5 379.8
Car 638.85 661.05 102.5 47.3
Car 665.05 666.2 103.3 40.4
Car 737.8 669.2 118.0 39.6
Car 890.35 666.15 150.7 61.1
Pedestrian 854.1 661.4 47.4 134.4
Pedestrian 915.7 659.25 36.2 130.1