Car 450.6 676.0 22.4 22.4
Pedestrian 751.25 653.7 13.7 43.0
LargeBus 1236.0 327.25 466.8 540.9
Car 1994.4 626.1 68.0 36.2
Car 2098.15 626.55 117.1 61.1
Car 2226.5 617.1 81 31.8
Car 2409.1 604.1 70.6 30.2
Car 292.15 668.8 15.5 11.2
Car 7.35 673.45 14.7 17.3
LargeBus 117.8 623.9 80.0 69.8
Car 450.6 676.0 22.4 22.4
Pedestrian 751.25 653.7 13.7 43.0
LargeBus 1236.0 327.25 466.8 540.9
Car 1994.4 626.1 68.0 36.2
Car 2098.15 626.55 117.1 61.1
Car 2226.5 617.1 81 31.8
Car 2409.1 604.1 70.6 30.2
Car 292.15 668.8 15.5 11.2
Car 7.35 673.45 14.7 17.3