Car 2217.75 600.85 83.9 35.3
Car 2447.25 592.6 60.1 39.6
Car 479.5 664.85 21.4 18.1
LargeBus 70.45 592.05 100.1 82.5
Pedestrian 783.8 641.95 12.0 39.1
LargeBus 320.25 628.45 21.3 23.3
Car 315.85 659.3 13.3 8.2
Car 366.05 656.95 11.3 11.5
Car 410.55 650.9 19.9 10.6
MotorCyclist 359.65 659.05 3.7 10.5
LargeBus 1209.4 316.85 614.8 633.7
Car 2217.75 600.85 83.9 35.3
Car 2447.25 592.6 60.1 39.6
Car 479.5 664.85 21.4 18.1
LargeBus 70.45 592.05 100.1 82.5
Pedestrian 783.8 641.95 12.0 39.1
LargeBus 320.25 628.45 21.3 23.3
Car 315.85 659.3 13.3 8.2
Car 366.05 656.95 11.3 11.5
Car 410.55 650.9 19.9 10.6
MotorCyclist 359.65 659.05 3.7 10.5