LargeBus 47.0 583.55 94 140.3
Car 286.55 681.6 217.9 78.4
Car 704.75 664.1 161.9 70.6
Car 1006.95 655.9 122.3 54.2
Car 1071.1 653.65 119.8 63.7
Car 1246.05 652.8 69.7 44.8
Car 1342.0 669.2 96.4 50.0
LightTruck 1509.9 650.25 81.0 56.9
LargeBus 1666.35 517.2 235.1 269.6
Car 2126.6 655.05 50.0 35.3
Car 2325.55 657.55 37.9 26.7
LightTruck 20.3 631.3 40.6 105.0
LargeBus 47.0 583.55 94 140.3
Car 286.55 681.6 217.9 78.4
Car 704.75 664.1 161.9 70.6
Car 1006.95 655.9 122.3 54.2
Car 1071.1 653.65 119.8 63.7
Car 1246.05 652.8 69.7 44.8
Car 1342.0 669.2 96.4 50.0
LightTruck 1509.9 650.25 81.0 56.9
LargeBus 1666.35 517.2 235.1 269.6
Car 2126.6 655.05 50.0 35.3
Car 2325.55 657.55 37.9 26.7