Car 50.45 676.5 100.9 37
Car 191.0 676.45 202.4 85.3
Car 579.0 656.7 141.2 69.8
Car 656.45 655.45 148.1 80.9
Car 886.8 652.85 78.4 51.7
Car 990.25 668.35 109.3 55.1
LightTruck 1185.65 620.15 90.5 72.3
LargeBus 1386.35 657.6 71.5 40.4
van 1361.35 644.15 59.5 37.9
Car 1503.0 645.15 32.8 32.7
LargeBus 1643.0 517.55 212.8 256.7
Car 1951.35 646.0 26.7 34.4
Car 2073.15 647.6 25.9 27.6
Car 2155.9 664.35 10.6 10.3
Car 22.0 706.65 44 69.7
Car 50.45 676.5 100.9 37
Car 191.0 676.45 202.4 85.3
Car 579.0 656.7 141.2 69.8
Car 656.45 655.45 148.1 80.9
Car 886.8 652.85 78.4 51.7
Car 990.25 668.35 109.3 55.1
LightTruck 1185.65 620.15 90.5 72.3
LargeBus 1386.35 657.6 71.5 40.4
van 1361.35 644.15 59.5 37.9
Car 1503.0 645.15 32.8 32.7
LargeBus 1643.0 517.55 212.8 256.7
Car 1951.35 646.0 26.7 34.4
Car 2073.15 647.6 25.9 27.6
Car 2155.9 664.35 10.6 10.3