Car 132.9 699.75 93.0 66.3
Car 353.25 695.9 130.9 65.4
Car 574.2 676.15 83.6 60.3
Car 657.7 667.85 47.4 50.9
Car 724.1 674.75 42.2 43.9
Car 827.05 675.3 41.3 31.0
Car 893.8 676.05 23.2 29.3
Car 920.9 671.7 25.8 31.0
Car 277.95 703.3 66.3 42.2
van 448.5 668.3 69.8 48.2
LargeBus 1301.5 533.95 187.8 234.3
LightTruck 2358.4 569.7 134.4 171.4
LightTruck 38.8 633.85 77.6 141.3
Car 132.9 699.75 93.0 66.3
Car 353.25 695.9 130.9 65.4
Car 574.2 676.15 83.6 60.3
Car 657.7 667.85 47.4 50.9
Car 724.1 674.75 42.2 43.9
Car 827.05 675.3 41.3 31.0
Car 893.8 676.05 23.2 29.3
Car 920.9 671.7 25.8 31.0
Car 277.95 703.3 66.3 42.2
van 448.5 668.3 69.8 48.2
LargeBus 1301.5 533.95 187.8 234.3
LightTruck 2358.4 569.7 134.4 171.4