Car 28.05 695.4 56.1 78.4
EngineTruck 396.15 636.75 126.3 55.1
Car 378.15 694.85 67.9 35.7
Car 596.55 690.75 43.9 33.9
Car 700.6 680.95 49.6 36.7
MotorCyclist 1051.6 666.0 10.0 15.6
Car 831.9 672.4 20.6 17.2
Car 888.15 671.25 39.5 26.1
LargeBus 903.85 645.05 37.3 42.9
Car 1273.25 662.05 21.7 18.9
Car 1307.55 661.85 12.3 16.1
Car 1362.45 662.0 26.1 21.2
LargeBus 1687.85 478.9 316.1 351.4
Car 28.05 695.4 56.1 78.4
EngineTruck 396.15 636.75 126.3 55.1
Car 378.15 694.85 67.9 35.7
Car 596.55 690.75 43.9 33.9
Car 700.6 680.95 49.6 36.7
MotorCyclist 1051.6 666.0 10.0 15.6
Car 831.9 672.4 20.6 17.2
Car 888.15 671.25 39.5 26.1
LargeBus 903.85 645.05 37.3 42.9
Car 1273.25 662.05 21.7 18.9
Car 1307.55 661.85 12.3 16.1
Car 1362.45 662.0 26.1 21.2