Car 332.25 644.0 26.1 20.4
Car 681.4 637.95 17.2 15.5
Car 700.75 638.4 19.5 18.8
Car 733.4 638.65 38.4 27.3
Car 805.55 638.25 25.9 24.5
Car 868.65 642.4 30.1 22.4
Car 920.9 638.55 48.6 38.3
Car 1127.1 641.5 59.0 42.6
Pedestrian 1054.15 637.95 8.7 25.5
LargeBus 289.2 616.5 34.8 35.0
Car 332.25 644.0 26.1 20.4
Car 681.4 637.95 17.2 15.5
Car 700.75 638.4 19.5 18.8
Car 733.4 638.65 38.4 27.3
Car 805.55 638.25 25.9 24.5
Car 868.65 642.4 30.1 22.4
Car 920.9 638.55 48.6 38.3
Car 1127.1 641.5 59.0 42.6
Pedestrian 1054.15 637.95 8.7 25.5