Car 694.5 647.35 27.0 18.7
Car 754.0 643.15 24 19.9
LargeBus 801.25 617.6 23.3 32.4
Car 852.25 628.15 26.1 25.9
Car 816.65 659.55 50.1 37.9
Car 909.35 639.4 19.9 17.2
Car 930.75 644.0 21.5 18.4
Car 959.05 643.7 30.5 23.8
Car 980.0 656.05 40.4 31.7
Car 1002.65 658.95 64.5 52.3
Car 1095.2 651.6 40.4 31.2
Car 1138.5 655.1 51.0 38.2
Car 1308.8 652.95 98.4 68.3
Car 170.9 671.95 56.2 33.1
Car 694.5 647.35 27.0 18.7
Car 754.0 643.15 24 19.9
LargeBus 801.25 617.6 23.3 32.4
Car 852.25 628.15 26.1 25.9
Car 816.65 659.55 50.1 37.9
Car 909.35 639.4 19.9 17.2
Car 930.75 644.0 21.5 18.4
Car 959.05 643.7 30.5 23.8
Car 980.0 656.05 40.4 31.7
Car 1002.65 658.95 64.5 52.3
Car 1095.2 651.6 40.4 31.2
Car 1138.5 655.1 51.0 38.2
Car 1308.8 652.95 98.4 68.3