LargeBus 211.6 626.95 79.6 58.3
Car 680.45 642.55 19.7 17.5
Car 718.9 650.15 30.2 18.7
Car 720.15 639.95 21.9 22.7
Car 777.7 662.45 40.6 32.5
Car 859.1 653.6 26.6 21.2
Car 917.55 664.45 38.7 28.5
Car 973.0 656.65 56.8 45.7
Car 1058.0 664.0 36.8 31.2
Car 1232.05 661.5 76.9 54.6
Car 131.15 678.0 72.3 45.6
LargeBus 211.6 626.95 79.6 58.3
Car 680.45 642.55 19.7 17.5
Car 718.9 650.15 30.2 18.7
Car 720.15 639.95 21.9 22.7
Car 777.7 662.45 40.6 32.5
Car 859.1 653.6 26.6 21.2
Car 917.55 664.45 38.7 28.5
Car 973.0 656.65 56.8 45.7
Car 1058.0 664.0 36.8 31.2
Car 1232.05 661.5 76.9 54.6