LargeBus 250.1 617.1 33.8 37.8
Car 248.0 647.45 49.6 39.3
Car 429.95 634.9 17.1 13.8
Car 462.75 634.5 16.7 13.4
Car 714.15 640.0 40.3 27.6
Car 683.1 642.85 27.8 18.9
Car 891.1 642.8 45.8 36.8
Car 847.45 643.85 33.3 21.3
Car 809.35 646.15 26.7 19.1
Car 1080.35 645.9 53.9 39.0
Car 39.25 638.1 50.9 37.4
LargeBus 250.1 617.1 33.8 37.8
Car 248.0 647.45 49.6 39.3
Car 429.95 634.9 17.1 13.8
Car 462.75 634.5 16.7 13.4
Car 714.15 640.0 40.3 27.6
Car 683.1 642.85 27.8 18.9
Car 891.1 642.8 45.8 36.8
Car 847.45 643.85 33.3 21.3
Car 809.35 646.15 26.7 19.1
Car 1080.35 645.9 53.9 39.0