Car 2040.55 754.95 346.3 341.9
LargeBus 1366.55 583.95 38.7 37.9
Car 935.35 631.65 31.9 21.3
Car 960.85 645.4 37.7 32.0
Car 1013.5 691.6 199.4 172.4
Car 1338.85 683.0 143.3 107.2
TricycleClosed 497.8 572.05 147.6 114.9
Truck 483.35 593.35 254.7 154.7
Car 208.4 670.6 88.0 59.6
Car 295.2 676.0 176.8 144
Pedestrian 1975.5 633.0 19.8 56.8
Car 2040.55 754.95 346.3 341.9
LargeBus 1366.55 583.95 38.7 37.9
Car 935.35 631.65 31.9 21.3
Car 960.85 645.4 37.7 32.0
Car 1013.5 691.6 199.4 172.4
Car 1338.85 683.0 143.3 107.2
TricycleClosed 497.8 572.05 147.6 114.9
Truck 483.35 593.35 254.7 154.7
Car 208.4 670.6 88.0 59.6
Car 295.2 676.0 176.8 144