MotorCyclist 2321.65 610.1 14.5 43.8
Pedestrian 2336.95 613.45 12.7 43.3
Car 1708.45 704.25 238.9 165.3
LargeBus 1422.3 592.8 31.4 35.6
Car 1448.7 658.0 94.2 72
Car 1308.15 638.65 34.3 28.5
Car 1279.95 647.7 51.5 41.4
Car 1164.45 661.3 108.9 93.8
Car 1104.85 628.7 28.1 21.8
Truck 974.55 607.5 95.9 68.2
LargeBus 916.15 585.05 61.1 46.9
Car 843.85 637.45 47.3 37.7
Car 916.55 638.45 85.5 54.9
Car 750.75 639.75 43.5 33.9
Car 703.85 647.85 63.7 38.5
Car 494.5 618.85 40.2 20.5
Car 552.85 650.85 63.3 37.7
Car 388.85 651.3 82.1 48.6
Car 225.8 662.2 80.8 36.8
BiCyclist 2449.15 684.7 61.1 143.0
MotorCyclist 2321.65 610.1 14.5 43.8
Pedestrian 2336.95 613.45 12.7 43.3
Car 1708.45 704.25 238.9 165.3
LargeBus 1422.3 592.8 31.4 35.6
Car 1448.7 658.0 94.2 72
Car 1308.15 638.65 34.3 28.5
Car 1279.95 647.7 51.5 41.4
Car 1164.45 661.3 108.9 93.8
Car 1104.85 628.7 28.1 21.8
Truck 974.55 607.5 95.9 68.2
LargeBus 916.15 585.05 61.1 46.9
Car 843.85 637.45 47.3 37.7
Car 916.55 638.45 85.5 54.9
Car 750.75 639.75 43.5 33.9
Car 703.85 647.85 63.7 38.5
Car 494.5 618.85 40.2 20.5
Car 552.85 650.85 63.3 37.7
Car 388.85 651.3 82.1 48.6
Car 225.8 662.2 80.8 36.8