LargeBus 1423.9 549.9 33.4 36.6
Car 1457.05 626.0 112.5 84
Car 1068.8 596.05 35.2 29.3
Car 1156.25 623.35 130.5 111.1
LargeBus 826.7 540.05 74.6 65.3
Truck 905.7 561.4 118.2 86.8
Car 813.5 599.7 105.8 70.2
Car 725.4 597.35 49.6 47.1
Car 422.9 576.8 43.8 18.4
Car 382.75 616.5 53.1 31.8
Car 567.55 601.7 63.9 42.6
Car 487.25 612.75 90.1 52.7
Car 236.95 605.3 97.9 60.2
Car 29.05 619.45 58.1 73.7
Car 1861.8 674.35 326.4 218.7
LargeBus 1423.9 549.9 33.4 36.6
Car 1457.05 626.0 112.5 84
Car 1068.8 596.05 35.2 29.3
Car 1156.25 623.35 130.5 111.1
LargeBus 826.7 540.05 74.6 65.3
Truck 905.7 561.4 118.2 86.8
Car 813.5 599.7 105.8 70.2
Car 725.4 597.35 49.6 47.1
Car 422.9 576.8 43.8 18.4
Car 382.75 616.5 53.1 31.8
Car 567.55 601.7 63.9 42.6
Car 487.25 612.75 90.1 52.7
Car 236.95 605.3 97.9 60.2
Car 29.05 619.45 58.1 73.7