Car 139.35 704.5 150.7 93
Car 296.5 667.95 93 71.5
Car 479.95 680.45 122.3 68.9
Car 660.3 681.3 52.6 60.2
van 739.65 665.75 52.5 60.3
LargeBus 759.45 617.55 57.7 49.9
Car 1016.85 696.75 186.9 156.7
Car 1318.8 670.85 91.2 74.1
Car 903.15 664.45 66.3 74.9
LargeBus 1709.35 590.4 66.3 61.2
Car 23.75 734.55 47.5 122.3
Car 139.35 704.5 150.7 93
Car 296.5 667.95 93 71.5
Car 479.95 680.45 122.3 68.9
Car 660.3 681.3 52.6 60.2
van 739.65 665.75 52.5 60.3
LargeBus 759.45 617.55 57.7 49.9
Car 1016.85 696.75 186.9 156.7
Car 1318.8 670.85 91.2 74.1
Car 903.15 664.45 66.3 74.9
LargeBus 1709.35 590.4 66.3 61.2