Car 482.95 663.55 111.1 76.7
Car 619.05 656.7 80.1 69.8
Car 910.1 657.1 131.8 115.4
Car 791.2 643.75 66.4 43.9
Car 1612.5 731.6 458.2 281.6
Car 1376.45 651.15 96.5 89.5
Car 1325.2 628.65 56.0 51.7
Car 1200.75 620.55 37.9 31.9
Car 1162.45 611.45 23.3 24.1
LargeBus 115.0 449.6 230 275.6
Car 482.95 663.55 111.1 76.7
Car 619.05 656.7 80.1 69.8
Car 910.1 657.1 131.8 115.4
Car 791.2 643.75 66.4 43.9
Car 1612.5 731.6 458.2 281.6
Car 1376.45 651.15 96.5 89.5
Car 1325.2 628.65 56.0 51.7
Car 1200.75 620.55 37.9 31.9
Car 1162.45 611.45 23.3 24.1