LargeBus 1483.65 570.6 49.7 53.2
Car 1006.1 606.2 25.8 21.6
Car 1133.95 606.3 31.9 21.8
Car 1142.15 619.6 34.3 27.2
Car 1067.2 632.35 47.2 38.3
Car 1180.25 674.5 122.1 108.6
Car 816.6 618.45 24.8 20.1
van 785.55 614.6 14.7 12.4
Car 754.25 626.95 27.7 18.3
Car 681.8 620.8 36.0 22.4
Car 630.05 635.55 43.7 25.9
Car 679.75 638.2 53.1 38.4
Car 547.5 640.85 60.2 43.7
Car 472.85 637.0 80.9 57.2
LargeBus 661.05 603.65 56.1 44.9
LargeBus 125.25 502.0 250.5 197.6
Car 115.8 683.0 231.6 227.2
Car 858.55 702.3 220.7 189.8
Car 1931.95 791.55 418.7 432.3
LargeBus 1483.65 570.6 49.7 53.2
Car 1006.1 606.2 25.8 21.6
Car 1133.95 606.3 31.9 21.8
Car 1142.15 619.6 34.3 27.2
Car 1067.2 632.35 47.2 38.3
Car 1180.25 674.5 122.1 108.6
Car 816.6 618.45 24.8 20.1
van 785.55 614.6 14.7 12.4
Car 754.25 626.95 27.7 18.3
Car 681.8 620.8 36.0 22.4
Car 630.05 635.55 43.7 25.9
Car 679.75 638.2 53.1 38.4
Car 547.5 640.85 60.2 43.7
Car 472.85 637.0 80.9 57.2
LargeBus 661.05 603.65 56.1 44.9
LargeBus 125.25 502.0 250.5 197.6
Car 115.8 683.0 231.6 227.2
Car 858.55 702.3 220.7 189.8