LargeBus 504.8 574.05 196.4 142.1
Car 811.05 662.35 30.1 32.7
Car 876.1 651.6 25.8 28.4
LargeBus 964.35 621.9 43.9 48.2
Car 1040.15 661.45 43.9 34.5
Car 1172.8 763.5 309.2 255.8
LargeBus 1364.4 623.15 72.4 33.5
LargeBus 1263.2 620.95 28.4 25.9
LargeBus 1233.45 614.95 17.3 20.7
Car 68.1 705.3 136.2 125.8
LargeBus 504.8 574.05 196.4 142.1
Car 811.05 662.35 30.1 32.7
Car 876.1 651.6 25.8 28.4
LargeBus 964.35 621.9 43.9 48.2
Car 1040.15 661.45 43.9 34.5
Car 1172.8 763.5 309.2 255.8
LargeBus 1364.4 623.15 72.4 33.5
LargeBus 1263.2 620.95 28.4 25.9
LargeBus 1233.45 614.95 17.3 20.7