Car 203.45 691.15 158.5 100.7
Car 447.2 675.65 67.2 52.5
Car 561.25 660.6 102.5 67.2
Car 749.4 663.95 62.0 43.1
LargeBus 864.85 591.65 68.9 56.9
Car 1049.2 648.9 44.8 37.0
Car 1109.0 646.35 33.6 31.9
Car 1224.5 734.7 250.6 211.8
LargeBus 1348.45 607.2 68.1 39.6
Car 1277.4 605.0 22.4 21.6
LargeBus 1251.65 603.8 18.9 22.4
Truck 1225.75 617.1 15.5 14.6
Car 978.1 634.25 19.8 18.1
Car 1001.45 640.35 18.1 16.3
Car 40.1 691.1 80.2 87.0
Car 203.45 691.15 158.5 100.7
Car 447.2 675.65 67.2 52.5
Car 561.25 660.6 102.5 67.2
Car 749.4 663.95 62.0 43.1
LargeBus 864.85 591.65 68.9 56.9
Car 1049.2 648.9 44.8 37.0
Car 1109.0 646.35 33.6 31.9
Car 1224.5 734.7 250.6 211.8
LargeBus 1348.45 607.2 68.1 39.6
Car 1277.4 605.0 22.4 21.6
LargeBus 1251.65 603.8 18.9 22.4
Truck 1225.75 617.1 15.5 14.6
Car 978.1 634.25 19.8 18.1
Car 1001.45 640.35 18.1 16.3