Car 1155.6 746.25 316.0 259.3
Car 880.9 637.25 24.2 32.1
LargeBus 923.6 589.0 62.4 52.4
Car 1053.55 636.75 37.1 31.1
LargeBus 1280.1 607.0 43.0 29.2
LargeBus 1227.9 594.95 17.8 20.7
LargeBus 1031.3 600.9 28.2 32.6
LargeBus 676.35 558.5 139.5 114.6
LargeBus 102.95 529.25 205.9 176.5
Car 1155.6 746.25 316.0 259.3
Car 880.9 637.25 24.2 32.1
LargeBus 923.6 589.0 62.4 52.4
Car 1053.55 636.75 37.1 31.1
LargeBus 1280.1 607.0 43.0 29.2
LargeBus 1227.9 594.95 17.8 20.7
LargeBus 1031.3 600.9 28.2 32.6
LargeBus 676.35 558.5 139.5 114.6