Car 1032.8 642.1 50.0 47.4
Car 1139.65 623.95 36.1 31.9
Car 1229.65 629.1 57.7 42.2
Car 1399.3 631.7 42.2 37.0
Car 1472.1 634.35 36.2 21.5
Car 1720.1 725.1 239.4 199.8
LargeBus 1355.6 597.35 28.8 33.9
LargeBus 1264.2 599.5 26.4 24.2
Truck 1225.2 603.25 14.0 11.3
Car 957.0 650.7 67.2 54.2
Car 1032.8 642.1 50.0 47.4
Car 1139.65 623.95 36.1 31.9
Car 1229.65 629.1 57.7 42.2
Car 1399.3 631.7 42.2 37.0
Car 1472.1 634.35 36.2 21.5
Car 1720.1 725.1 239.4 199.8
LargeBus 1355.6 597.35 28.8 33.9
LargeBus 1264.2 599.5 26.4 24.2
Truck 1225.2 603.25 14.0 11.3