van 347.65 658.05 85.3 68.9
Car 517.8 674.8 101.6 68.0
LargeBus 747.7 585.2 103.4 95.6
Car 1260.65 718.65 226.5 186.9
Car 1212.35 652.8 37.1 44.8
LargeBus 1336.0 608.45 50.0 35.3
Car 1038.4 647.3 44.0 37.0
Car 1095.65 645.9 34.5 31.0
Car 1002.65 633.05 24.1 18.9
van 935.55 631.2 27.5 22.4
Car 71.95 680.4 143.9 141.2
van 347.65 658.05 85.3 68.9
Car 517.8 674.8 101.6 68.0
LargeBus 747.7 585.2 103.4 95.6
Car 1260.65 718.65 226.5 186.9
Car 1212.35 652.8 37.1 44.8
LargeBus 1336.0 608.45 50.0 35.3
Car 1038.4 647.3 44.0 37.0
Car 1095.65 645.9 34.5 31.0
Car 1002.65 633.05 24.1 18.9
van 935.55 631.2 27.5 22.4