van 25.9 683.45 51.8 102.5
Car 248.7 689.85 93.8 63.7
Car 385.1 686.0 53.4 45.6
LargeBus 514.4 577.0 174.0 141.2
Car 1334.3 739.45 211.8 176.5
Car 1569.0 645.5 40.4 19.8
Car 1451.0 643.7 28.4 19.8
LargeBus 1341.55 615.85 37.1 29.3
Car 1220.65 665.7 46.5 36.2
Car 1020.7 663.9 50.2 39.8
Car 1086.8 658.5 32.4 34.6
Car 1289.95 640.65 26.3 19.7
Car 1201.7 649.5 31.4 28.2
LargeBus 1270.8 617.65 21.6 22.5
Car 961.7 650.1 25.8 23.4
Car 801.85 652.45 22.9 22.5
Car 862.35 659.65 29.5 20.1
van 904.8 640.4 30.0 24.8
Motorcycle 62.5 732.95 125 129.1
van 25.9 683.45 51.8 102.5
Car 248.7 689.85 93.8 63.7
Car 385.1 686.0 53.4 45.6
LargeBus 514.4 577.0 174.0 141.2
Car 1334.3 739.45 211.8 176.5
Car 1569.0 645.5 40.4 19.8
Car 1451.0 643.7 28.4 19.8
LargeBus 1341.55 615.85 37.1 29.3
Car 1220.65 665.7 46.5 36.2
Car 1020.7 663.9 50.2 39.8
Car 1086.8 658.5 32.4 34.6
Car 1289.95 640.65 26.3 19.7
Car 1201.7 649.5 31.4 28.2
LargeBus 1270.8 617.65 21.6 22.5
Car 961.7 650.1 25.8 23.4
Car 801.85 652.45 22.9 22.5
Car 862.35 659.65 29.5 20.1
van 904.8 640.4 30.0 24.8