Car 474.4 636.1 50.8 31.4
Car 532.25 631.55 36.1 26.3
Car 764.25 656.35 132.9 93.9
Car 1113.7 623.3 29.0 29.0
Car 1165.95 638.0 135.5 134.0
LargeBus 1328.9 592.0 33.4 48.4
Car 1399.85 628.65 48.5 44.1
Car 1484.65 622.15 80.1 69.9
Pedestrian 1628.0 597.65 14.0 31.7
Pedestrian 1021.0 623.35 13.2 24.3
Pedestrian 1062.25 619.0 8.9 20.4
Car 52.6 669.65 105.2 47.3
Car 474.4 636.1 50.8 31.4
Car 532.25 631.55 36.1 26.3
Car 764.25 656.35 132.9 93.9
Car 1113.7 623.3 29.0 29.0
Car 1165.95 638.0 135.5 134.0
LargeBus 1328.9 592.0 33.4 48.4
Car 1399.85 628.65 48.5 44.1
Car 1484.65 622.15 80.1 69.9
Pedestrian 1628.0 597.65 14.0 31.7
Pedestrian 1021.0 623.35 13.2 24.3
Pedestrian 1062.25 619.0 8.9 20.4