LargeBus 366.05 572.15 110.5 93.1
Car 632.75 646.05 29.5 19.7
Car 714.7 679.25 157.0 109.7
Pedestrian 2019.4 619.95 24.0 67.1
Pedestrian 1831.05 618.05 16.9 36.1
Pedestrian 1707.0 610.15 12.4 45.1
Pedestrian 1669.75 611.75 14.7 39.5
Pedestrian 1646.6 616.35 13.6 32.7
Car 1502.45 634.85 77.3 67.7
Car 1401.55 640.9 55.9 43.4
LargeBus 1352.15 602.3 33.9 47.4
Car 1190.8 645.7 126.4 123.0
Car 1117.15 657.35 40.7 61.9
Car 1095.4 634.3 22.8 19.8
Pedestrian 1011.85 638.4 22.1 28.4
Pedestrian 1061.2 635.9 7.6 18.2
Car 166.5 662.6 96.2 56.0
LargeBus 366.05 572.15 110.5 93.1
Car 632.75 646.05 29.5 19.7
Car 714.7 679.25 157.0 109.7
Pedestrian 2019.4 619.95 24.0 67.1
Pedestrian 1831.05 618.05 16.9 36.1
Pedestrian 1707.0 610.15 12.4 45.1
Pedestrian 1669.75 611.75 14.7 39.5
Pedestrian 1646.6 616.35 13.6 32.7
Car 1502.45 634.85 77.3 67.7
Car 1401.55 640.9 55.9 43.4
LargeBus 1352.15 602.3 33.9 47.4
Car 1190.8 645.7 126.4 123.0
Car 1117.15 657.35 40.7 61.9
Car 1095.4 634.3 22.8 19.8
Pedestrian 1011.85 638.4 22.1 28.4
Pedestrian 1061.2 635.9 7.6 18.2