Car 1477.3 630.45 87.8 58.5
Car 906.7 604.55 76.6 65.5
Car 1264.0 612.4 50.8 39.6
Car 1399.35 611.1 49.1 37.0
Car 1150.8 596.35 34.4 31.9
Car 1212.0 587.85 22.4 18.1
LargeBus 1249.8 555.9 39.6 37.0
Car 1125.45 584.4 24.9 18.0
LargeBus 1161.95 565.4 25.9 21.6
Car 1184.4 640.3 84.4 64.6
Car 1477.3 630.45 87.8 58.5
Car 906.7 604.55 76.6 65.5
Car 1264.0 612.4 50.8 39.6
Car 1399.35 611.1 49.1 37.0
Car 1150.8 596.35 34.4 31.9
Car 1212.0 587.85 22.4 18.1
LargeBus 1249.8 555.9 39.6 37.0
Car 1125.45 584.4 24.9 18.0
LargeBus 1161.95 565.4 25.9 21.6