Car 116.5 664.85 87.8 51.7
Car 350.7 712.65 301.4 192.1
Pedestrian 2021.15 595.95 21.5 72.3
Pedestrian 1940.2 599.9 18.0 59.4
Pedestrian 1904.05 605.4 18.1 50.0
Pedestrian 1814.0 614.9 17.2 58.6
Pedestrian 880.3 635.0 38.6 45.6
LargeBus 778.1 617.55 34.2 31.1
LargeBus 836.65 625.85 22.1 22.1
Car 1035.1 644.85 72.2 52.5
Car 1148.0 630.0 90.8 88.4
Car 1284.85 629.35 50.1 53.5
Car 1366.7 636.5 47.0 41.4
Pedestrian 1771.95 609.85 14.3 39.7
Pedestrian 1700.6 624.35 10.4 35.5
Car 1491.1 629.0 75.8 64.0
LargeBus 1424.05 593.25 47.3 52.5
Car 2253.7 640.7 204.2 289.4
Car 116.5 664.85 87.8 51.7
Car 350.7 712.65 301.4 192.1
Pedestrian 2021.15 595.95 21.5 72.3
Pedestrian 1940.2 599.9 18.0 59.4
Pedestrian 1904.05 605.4 18.1 50.0
Pedestrian 1814.0 614.9 17.2 58.6
Pedestrian 880.3 635.0 38.6 45.6
LargeBus 778.1 617.55 34.2 31.1
LargeBus 836.65 625.85 22.1 22.1
Car 1035.1 644.85 72.2 52.5
Car 1148.0 630.0 90.8 88.4
Car 1284.85 629.35 50.1 53.5
Car 1366.7 636.5 47.0 41.4
Pedestrian 1771.95 609.85 14.3 39.7
Pedestrian 1700.6 624.35 10.4 35.5
Car 1491.1 629.0 75.8 64.0
LargeBus 1424.05 593.25 47.3 52.5