BiCyclist 2310.45 656.3 107.7 199.8
Pedestrian 2121.4 600.35 22.4 77.5
Pedestrian 2063.25 604.1 23.3 64.6
Pedestrian 1953.05 596.35 30.1 66.3
Pedestrian 1899.65 606.7 23.3 52.6
van 1464.25 645.1 310.1 256.6
Car 1245.5 628.7 58.6 48.2
Car 1296.4 620.05 29.2 24.1
Car 1191.3 610.15 19.0 21.5
Car 1162.0 614.9 22.4 24.2
Car 1126.25 623.1 23.3 30.2
Car 1068.2 616.7 44.8 37.8
Car 622.05 630.45 24.1 24.1
LargeBus 412.35 580.5 117.9 82.6
LargeBus 2271.7 425.85 192.2 293.7
BiCyclist 2310.45 656.3 107.7 199.8
Pedestrian 2121.4 600.35 22.4 77.5
Pedestrian 2063.25 604.1 23.3 64.6
Pedestrian 1953.05 596.35 30.1 66.3
Pedestrian 1899.65 606.7 23.3 52.6
van 1464.25 645.1 310.1 256.6
Car 1245.5 628.7 58.6 48.2
Car 1296.4 620.05 29.2 24.1
Car 1191.3 610.15 19.0 21.5
Car 1162.0 614.9 22.4 24.2
Car 1126.25 623.1 23.3 30.2
Car 1068.2 616.7 44.8 37.8
Car 622.05 630.45 24.1 24.1
LargeBus 412.35 580.5 117.9 82.6