Pedestrian 800.9 658.0 56.2 61.6
Car 2130.7 691.9 286.2 325.0
Pedestrian 1985.6 629.95 21.6 77.9
Pedestrian 1899.5 638.3 17.8 63.8
Pedestrian 1776.65 643.05 12.1 37.7
Pedestrian 1839.9 639.55 13.4 45.9
Car 1031.95 661.8 58.3 47.6
Car 1130.4 647.55 80.8 77.9
Car 1270.9 659.1 56.2 47.8
Car 1346.55 657.15 37.9 37.9
Car 1463.75 656.5 71.5 54.2
LargeBus 1451.05 609.5 45.7 54.6
Pedestrian 1779.1 638.9 9.0 33.4
Pedestrian 1642.8 646.8 11.2 30.0
Pedestrian 1575.25 646.45 26.9 28.5
Pedestrian 1620.75 642.55 9.5 26.7
Car 170.55 758.8 341.1 253.2
Pedestrian 800.9 658.0 56.2 61.6
Car 2130.7 691.9 286.2 325.0
Pedestrian 1985.6 629.95 21.6 77.9
Pedestrian 1899.5 638.3 17.8 63.8
Pedestrian 1776.65 643.05 12.1 37.7
Pedestrian 1839.9 639.55 13.4 45.9
Car 1031.95 661.8 58.3 47.6
Car 1130.4 647.55 80.8 77.9
Car 1270.9 659.1 56.2 47.8
Car 1346.55 657.15 37.9 37.9
Car 1463.75 656.5 71.5 54.2
LargeBus 1451.05 609.5 45.7 54.6
Pedestrian 1779.1 638.9 9.0 33.4
Pedestrian 1642.8 646.8 11.2 30.0
Pedestrian 1575.25 646.45 26.9 28.5
Pedestrian 1620.75 642.55 9.5 26.7