Pedestrian 2472.0 658.0 27.6 72.4
Pedestrian 2427.55 611.1 31.9 99.0
Pedestrian 2258.4 599.9 34.4 87.0
Pedestrian 2149.45 595.5 23.3 75
Pedestrian 2043.5 615.35 25.0 66.3
Pedestrian 1998.75 611.45 21.5 68.9
van 1494.0 648.15 259.2 235.1
Car 1324.5 619.7 31.0 31.8
Car 1252.85 628.1 54.5 30.2
Car 1260.45 644.35 54.5 44.7
Car 1171.2 623.6 21.2 27.2
Car 1120.4 632.3 28.8 23.4
Car 1089.85 625.05 40.1 39.3
Car 1015.55 621.7 37.1 17.4
LargeBus 105.4 565.3 118.0 95.4
Pedestrian 2515.9 607.6 29.4 106.0
Pedestrian 2472.0 658.0 27.6 72.4
Pedestrian 2427.55 611.1 31.9 99.0
Pedestrian 2258.4 599.9 34.4 87.0
Pedestrian 2149.45 595.5 23.3 75
Pedestrian 2043.5 615.35 25.0 66.3
Pedestrian 1998.75 611.45 21.5 68.9
van 1494.0 648.15 259.2 235.1
Car 1324.5 619.7 31.0 31.8
Car 1252.85 628.1 54.5 30.2
Car 1260.45 644.35 54.5 44.7
Car 1171.2 623.6 21.2 27.2
Car 1120.4 632.3 28.8 23.4
Car 1089.85 625.05 40.1 39.3
Car 1015.55 621.7 37.1 17.4
LargeBus 105.4 565.3 118.0 95.4