Car 1918.1 623.1 143.0 64.6
Pedestrian 1867.35 610.6 20.7 56.8
Pedestrian 1762.7 615.4 14.6 56.0
Car 1800.6 619.65 118.0 40.5
van 1658.9 601.95 131.0 43.1
MotorCyclist 1675.35 642.5 49.9 58.6
MotorCyclist 1701.2 621.45 22.4 40.5
Car 1525.4 642.05 112.0 57.7
Car 1385.55 644.2 55.9 44.8
Pedestrian 1306.25 635.95 18.1 49.1
Car 1079.8 643.35 68.0 49.9
Car 974.7 635.2 47.4 33.6
Car 817.15 627.8 38.7 32.8
Car 775.7 636.5 35.4 25.8
Car 676.7 634.3 30.2 25.0
Bike 609.05 676.55 29.3 43.9
Bike 541.5 692.8 31.8 56.0
Car 235.75 649.85 26.7 18.1
Pedestrian 87.25 644.7 18.9 59.4
Pedestrian 125.45 644.2 23.3 62.0
Car 2061.25 656.35 332.5 268.7
Car 1918.1 623.1 143.0 64.6
Pedestrian 1867.35 610.6 20.7 56.8
Pedestrian 1762.7 615.4 14.6 56.0
Car 1800.6 619.65 118.0 40.5
van 1658.9 601.95 131.0 43.1
MotorCyclist 1675.35 642.5 49.9 58.6
MotorCyclist 1701.2 621.45 22.4 40.5
Car 1525.4 642.05 112.0 57.7
Car 1385.55 644.2 55.9 44.8
Pedestrian 1306.25 635.95 18.1 49.1
Car 1079.8 643.35 68.0 49.9
Car 974.7 635.2 47.4 33.6
Car 817.15 627.8 38.7 32.8
Car 775.7 636.5 35.4 25.8
Car 676.7 634.3 30.2 25.0
Bike 609.05 676.55 29.3 43.9
Bike 541.5 692.8 31.8 56.0
Car 235.75 649.85 26.7 18.1
Pedestrian 87.25 644.7 18.9 59.4
Pedestrian 125.45 644.2 23.3 62.0