Car 2371.3 630.4 125.8 62.0
Car 2344.15 623.2 143.9 50.8
Car 2276.95 611.5 188.7 48.2
Pedestrian 2413.0 653.7 33.6 98.2
Pedestrian 2136.1 626.55 13.8 43.9
Car 2173.15 615.3 173.9 25.0
Car 2051.65 617.5 141.3 53.4
Pedestrian 2063.75 622.7 27.5 81.0
Pedestrian 2001.75 628.65 27.5 79.3
MotorCyclist 1957.3 627.0 25.0 79.2
Pedestrian 1924.7 649.35 31.8 65.5
Car 2033.2 677.35 269.6 121.5
Car 1698.65 682.5 130.9 87.0
BiCyclist 1573.3 664.5 31.8 81.8
Car 1076.35 660.55 71.5 60.3
Car 1121.6 646.75 44.8 32.7
Car 904.5 647.7 41.4 31.0
Car 817.15 642.85 38.7 35.3
Car 707.7 642.95 30.2 21.5
Car 683.2 652.4 39.6 23.2
Car 600.1 649.4 25.0 17.2
Car 71.3 661.0 25.0 16.4
Car 8.25 665.8 16.5 22.4
Car 2515.9 618.75 29.4 76.7
Car 2371.3 630.4 125.8 62.0
Car 2344.15 623.2 143.9 50.8
Car 2276.95 611.5 188.7 48.2
Pedestrian 2413.0 653.7 33.6 98.2
Pedestrian 2136.1 626.55 13.8 43.9
Car 2173.15 615.3 173.9 25.0
Car 2051.65 617.5 141.3 53.4
Pedestrian 2063.75 622.7 27.5 81.0
Pedestrian 2001.75 628.65 27.5 79.3
MotorCyclist 1957.3 627.0 25.0 79.2
Pedestrian 1924.7 649.35 31.8 65.5
Car 2033.2 677.35 269.6 121.5
Car 1698.65 682.5 130.9 87.0
BiCyclist 1573.3 664.5 31.8 81.8
Car 1076.35 660.55 71.5 60.3
Car 1121.6 646.75 44.8 32.7
Car 904.5 647.7 41.4 31.0
Car 817.15 642.85 38.7 35.3
Car 707.7 642.95 30.2 21.5
Car 683.2 652.4 39.6 23.2
Car 600.1 649.4 25.0 17.2
Car 71.3 661.0 25.0 16.4
Car 8.25 665.8 16.5 22.4