Pedestrian 2276.5 620.6 36.2 73.2
Pedestrian 2212.3 608.9 25.0 81.0
Car 1828.25 651.55 266.1 200.7
Car 1686.15 615.75 105.9 43.1
Pedestrian 1719.6 623.5 21.6 58.6
Pedestrian 1614.1 618.45 13.8 41.3
Pedestrian 1586.6 627.9 17.2 43.0
Pedestrian 1570.7 625.2 19.8 44.8
Car 1439.4 639.9 84.4 43.0
MotorCyclist 1366.55 639.5 31.9 42.2
Car 1332.55 640.8 43.1 34.4
MotorCyclist 1276.95 636.4 21.5 39.6
Car 1111.15 650.25 65.5 46.5
Car 1027.3 635.55 42.2 31.1
Car 846.75 629.55 43.1 32.7
Car 755.1 631.65 25.0 23.3
LargeBus 258.95 633.4 49.1 44.0
Car 139.25 677.75 50.9 32.7
Car 21.15 658.9 42.3 60.2
Car 292.6 648.9 23.2 19.8
Pedestrian 402.75 647.7 26.7 58.6
Pedestrian 2536.6 627.35 15.6 93.9
Pedestrian 2276.5 620.6 36.2 73.2
Pedestrian 2212.3 608.9 25.0 81.0
Car 1828.25 651.55 266.1 200.7
Car 1686.15 615.75 105.9 43.1
Pedestrian 1719.6 623.5 21.6 58.6
Pedestrian 1614.1 618.45 13.8 41.3
Pedestrian 1586.6 627.9 17.2 43.0
Pedestrian 1570.7 625.2 19.8 44.8
Car 1439.4 639.9 84.4 43.0
MotorCyclist 1366.55 639.5 31.9 42.2
Car 1332.55 640.8 43.1 34.4
MotorCyclist 1276.95 636.4 21.5 39.6
Car 1111.15 650.25 65.5 46.5
Car 1027.3 635.55 42.2 31.1
Car 846.75 629.55 43.1 32.7
Car 755.1 631.65 25.0 23.3
LargeBus 258.95 633.4 49.1 44.0
Car 139.25 677.75 50.9 32.7
Car 21.15 658.9 42.3 60.2
Car 292.6 648.9 23.2 19.8
Pedestrian 402.75 647.7 26.7 58.6