Car 991.1 650.25 49.0 29.3
Car 915.25 649.4 62.9 51.6
Car 777.2 649.1 42.8 31.4
Car 651.9 650.25 41.4 30.1
Car 744.05 657.1 23.7 18.2
LargeBus 650.3 624.15 54.6 28.7
van 560.6 640.05 33.6 20.5
Car 534.8 654.6 33.2 16.8
LargeBus 536.4 626.15 32.8 25.5
Car 233.85 650.0 59.7 29.6
EngineTruck 204.9 621.55 34.6 38.3
Car 114.1 645.5 31.4 31.4
Car 10.95 662.85 21.9 27.7
Car 1289.5 656.75 87.8 66.3
Car 991.1 650.25 49.0 29.3
Car 915.25 649.4 62.9 51.6
Car 777.2 649.1 42.8 31.4
Car 651.9 650.25 41.4 30.1
Car 744.05 657.1 23.7 18.2
LargeBus 650.3 624.15 54.6 28.7
van 560.6 640.05 33.6 20.5
Car 534.8 654.6 33.2 16.8
LargeBus 536.4 626.15 32.8 25.5
Car 233.85 650.0 59.7 29.6
EngineTruck 204.9 621.55 34.6 38.3
Car 114.1 645.5 31.4 31.4
Car 10.95 662.85 21.9 27.7