Car 983.8 660.95 44.0 29.5
Car 892.55 660.7 59.5 43.0
Car 855.8 659.7 42.0 35.0
Car 819.8 659.2 34.0 28.0
Car 735.55 659.2 41.5 28.0
Car 692.8 655.7 24.0 23.0
Car 626.55 662.2 37.5 24.0
LargeBus 581.8 633.95 48.0 29.5
Car 328.05 658.2 60.5 22.0
Car 575.85 657.6 19.7 17.2
EngineTruck 170.1 634.15 30.6 41.1
Car 89.75 661.25 28.3 25.3
LargeBus 28.25 647.8 56.5 30.0
Car 1202.1 669.2 75.0 64.0
Car 983.8 660.95 44.0 29.5
Car 892.55 660.7 59.5 43.0
Car 855.8 659.7 42.0 35.0
Car 819.8 659.2 34.0 28.0
Car 735.55 659.2 41.5 28.0
Car 692.8 655.7 24.0 23.0
Car 626.55 662.2 37.5 24.0
LargeBus 581.8 633.95 48.0 29.5
Car 328.05 658.2 60.5 22.0
Car 575.85 657.6 19.7 17.2
EngineTruck 170.1 634.15 30.6 41.1
Car 89.75 661.25 28.3 25.3
LargeBus 28.25 647.8 56.5 30.0