Car 1031.0 643.2 32.4 33.2
Car 935.05 649.4 52.9 40.4
Car 849.75 647.3 43.1 29.8
Car 742.9 648.5 31.4 28.2
Car 685.35 655.7 38.3 23.8
Car 600.75 654.0 21.5 18.4
Car 661.05 655.25 29.3 16.9
van 74.8 661.65 61.2 38.9
LargeBus 183.85 617.4 48.9 53.2
Car 1092.95 659.35 77.5 61.1
Car 1031.0 643.2 32.4 33.2
Car 935.05 649.4 52.9 40.4
Car 849.75 647.3 43.1 29.8
Car 742.9 648.5 31.4 28.2
Car 685.35 655.7 38.3 23.8
Car 600.75 654.0 21.5 18.4
Car 661.05 655.25 29.3 16.9
van 74.8 661.65 61.2 38.9
LargeBus 183.85 617.4 48.9 53.2