Car 938.35 650.3 43.9 35.4
Car 820.1 643.95 41.4 27.5
Car 785.5 653.7 50.2 37.4
Car 687.7 649.75 39.4 26.3
Car 612.35 655.1 27.5 20.6
Car 574.85 654.35 36.5 25.9
Car 516.4 656.0 26.8 16.4
LargeBus 246.75 643.3 45.1 25.4
Car 111.8 663.8 24.8 25.2
Car 71.85 663.45 36.1 32.1
Car 986.45 666.05 76.1 60.5
Car 938.35 650.3 43.9 35.4
Car 820.1 643.95 41.4 27.5
Car 785.5 653.7 50.2 37.4
Car 687.7 649.75 39.4 26.3
Car 612.35 655.1 27.5 20.6
Car 574.85 654.35 36.5 25.9
Car 516.4 656.0 26.8 16.4
LargeBus 246.75 643.3 45.1 25.4
Car 111.8 663.8 24.8 25.2
Car 71.85 663.45 36.1 32.1