Car 592.0 648.95 228.4 112.7
Car 1192.7 690.9 208.2 181.0
Car 1013.7 627.3 33.4 26.2
Car 1077.55 632.4 38.3 30.8
Car 1121.8 627.2 27.6 26.0
LargeBus 1152.95 583.65 36.7 44.1
LargeBus 1216.3 587.05 38.2 35.3
Car 1410.25 642.8 58.9 48.0
Car 1465.25 625.15 31.7 25.9
Car 31.3 736.0 62.6 82.0
Car 592.0 648.95 228.4 112.7
Car 1192.7 690.9 208.2 181.0
Car 1013.7 627.3 33.4 26.2
Car 1077.55 632.4 38.3 30.8
Car 1121.8 627.2 27.6 26.0
LargeBus 1152.95 583.65 36.7 44.1
LargeBus 1216.3 587.05 38.2 35.3
Car 1410.25 642.8 58.9 48.0
Car 1465.25 625.15 31.7 25.9