Pedestrian 2096.4 631.75 17.2 71.5
Pedestrian 2377.65 617.95 18.1 43.9
Pedestrian 2320.35 607.65 20.7 40.5
Pedestrian 2262.7 608.45 19.0 45.7
Car 930.3 653.3 75.8 59.4
Car 1022.4 648.05 38.0 32.9
Car 833.1 645.25 39.0 32.9
Car 790.85 640.75 27.7 23.9
LargeBus 725.65 618.65 49.3 30.5
Car 721.55 646.9 20.7 17.4
Car 679.75 644.5 36.7 31.4
Car 617.75 644.95 23.5 15.5
LargeBus 626.2 615.4 21.6 24.0
LargeBus 596.45 610.85 21.7 23.7
EngineTruck 182.15 612.35 68.7 50.7
Car 117.35 659.15 57.9 33.9
Car 1338.5 656.75 93 66.3
Pedestrian 2096.4 631.75 17.2 71.5
Pedestrian 2377.65 617.95 18.1 43.9
Pedestrian 2320.35 607.65 20.7 40.5
Pedestrian 2262.7 608.45 19.0 45.7
Car 930.3 653.3 75.8 59.4
Car 1022.4 648.05 38.0 32.9
Car 833.1 645.25 39.0 32.9
Car 790.85 640.75 27.7 23.9
LargeBus 725.65 618.65 49.3 30.5
Car 721.55 646.9 20.7 17.4
Car 679.75 644.5 36.7 31.4
Car 617.75 644.95 23.5 15.5
LargeBus 626.2 615.4 21.6 24.0
LargeBus 596.45 610.85 21.7 23.7
EngineTruck 182.15 612.35 68.7 50.7
Car 117.35 659.15 57.9 33.9