Car 273.05 659.9 66.9 39.0
Car 643.85 645.7 203.7 73.4
Car 1048.95 642.65 45.9 30.9
Car 1035.85 636.7 35.3 26.6
Car 1078.0 626.6 20.8 17.6
Car 1133.55 634.3 28.7 24.2
LargeBus 1160.3 595.1 48.6 45.4
Car 1176.95 693.4 179.5 159.2
LargeBus 1244.75 598.35 30.7 25.9
LargeBus 1316.45 604.8 32.1 32.4
Car 1453.4 654.45 74.0 54.1
Car 142.85 669.85 68.5 57.3
Car 273.05 659.9 66.9 39.0
Car 643.85 645.7 203.7 73.4
Car 1048.95 642.65 45.9 30.9
Car 1035.85 636.7 35.3 26.6
Car 1078.0 626.6 20.8 17.6
Car 1133.55 634.3 28.7 24.2
LargeBus 1160.3 595.1 48.6 45.4
Car 1176.95 693.4 179.5 159.2
LargeBus 1244.75 598.35 30.7 25.9
LargeBus 1316.45 604.8 32.1 32.4
Car 1453.4 654.45 74.0 54.1