Car 1137.55 624.4 37.1 34.8
Car 966.85 645.6 110.5 98.4
Car 813.5 626.2 40.2 29.6
Car 1046.2 618.0 56.0 55.2
LargeBus 922.65 585.9 43.3 30.6
Car 863.2 620.2 23.6 19.2
Car 944.45 615.15 33.7 31.9
LargeBus 879.15 590.4 21.5 30.0
LargeBus 871.25 582.65 23.3 26.9
Car 1353.2 621.0 94.8 74
Car 1137.55 624.4 37.1 34.8
Car 966.85 645.6 110.5 98.4
Car 813.5 626.2 40.2 29.6
Car 1046.2 618.0 56.0 55.2
LargeBus 922.65 585.9 43.3 30.6
Car 863.2 620.2 23.6 19.2
Car 944.45 615.15 33.7 31.9
LargeBus 879.15 590.4 21.5 30.0
LargeBus 871.25 582.65 23.3 26.9