Car 958.6 639.05 90.4 78.5
Car 1079.45 618.4 45.7 31.2
van 1072.0 590.85 32 18.5
LargeBus 875.4 588.8 33.6 36.8
Car 823.65 621.05 24.1 18.5
Car 793.85 593.6 24.9 25.2
LargeBus 780.45 581.5 22.5 26.2
Car 772.75 623.85 37.5 29.7
Car 737.65 620.1 25.7 19.8
Car 172.75 635.35 53.1 25.9
EngineTruck 32.95 565.4 65.9 79.6
Car 1334.15 626.2 96.7 70.8
Car 958.6 639.05 90.4 78.5
Car 1079.45 618.4 45.7 31.2
van 1072.0 590.85 32 18.5
LargeBus 875.4 588.8 33.6 36.8
Car 823.65 621.05 24.1 18.5
Car 793.85 593.6 24.9 25.2
LargeBus 780.45 581.5 22.5 26.2
Car 772.75 623.85 37.5 29.7
Car 737.65 620.1 25.7 19.8
Car 172.75 635.35 53.1 25.9
EngineTruck 32.95 565.4 65.9 79.6