Car 851.1 647.25 103.4 85.3
Car 991.45 641.65 46.5 36.1
Car 1077.65 638.6 36.1 23.2
Car 1180.55 683.85 155.9 130.9
Car 1471.25 651.95 86.1 60.3
Car 1402.25 641.65 34.5 36.1
LargeBus 1304.6 590.85 62.8 51.7
Car 1809.6 642.95 94.8 55.9
Pedestrian 1840.6 644.7 22.4 76.6
Pedestrian 1984.05 629.2 23.3 62.8
Pedestrian 2148.1 634.75 24.2 77.5
Pedestrian 1743.35 641.15 20.7 59.5
Pedestrian 1726.55 630.85 14.7 62.9
Car 1593.95 626.5 49.1 47.4
Bike 1675.8 630.45 23.2 51.7
Car 292.2 682.5 298.0 193.8
Car 851.1 647.25 103.4 85.3
Car 991.45 641.65 46.5 36.1
Car 1077.65 638.6 36.1 23.2
Car 1180.55 683.85 155.9 130.9
Car 1471.25 651.95 86.1 60.3
Car 1402.25 641.65 34.5 36.1
LargeBus 1304.6 590.85 62.8 51.7
Car 1809.6 642.95 94.8 55.9
Pedestrian 1840.6 644.7 22.4 76.6
Pedestrian 1984.05 629.2 23.3 62.8
Pedestrian 2148.1 634.75 24.2 77.5
Pedestrian 1743.35 641.15 20.7 59.5
Pedestrian 1726.55 630.85 14.7 62.9
Car 1593.95 626.5 49.1 47.4
Bike 1675.8 630.45 23.2 51.7