Car 826.5 665.8 109.4 84.4
Car 979.8 660.95 44.0 37.1
Car 1111.15 702.8 144.7 134.4
LargeBus 1320.1 613.65 59.4 45.7
Car 1384.25 658.9 36.1 36.2
Car 1446.7 683.45 126.6 74.9
Car 1579.35 669.7 71.5 64.6
Car 1642.2 652.45 56.0 57.7
Pedestrian 2010.3 669.6 24.2 106.0
Pedestrian 1994.4 686.4 23.2 84.4
Car 1891.05 674.7 130.1 64.6
Pedestrian 1839.4 666.65 23.2 75.7
Pedestrian 1721.75 651.95 25.9 60.3
Pedestrian 2349.75 675.15 37.9 99.9
Pedestrian 2169.65 646.75 29.3 77.5
Pedestrian 2112.85 656.3 18.9 75.8
Pedestrian 2221.8 658.45 23.2 86.9
Car 197.35 708.0 318.7 203.2
Car 826.5 665.8 109.4 84.4
Car 979.8 660.95 44.0 37.1
Car 1111.15 702.8 144.7 134.4
LargeBus 1320.1 613.65 59.4 45.7
Car 1384.25 658.9 36.1 36.2
Car 1446.7 683.45 126.6 74.9
Car 1579.35 669.7 71.5 64.6
Car 1642.2 652.45 56.0 57.7
Pedestrian 2010.3 669.6 24.2 106.0
Pedestrian 1994.4 686.4 23.2 84.4
Car 1891.05 674.7 130.1 64.6
Pedestrian 1839.4 666.65 23.2 75.7
Pedestrian 1721.75 651.95 25.9 60.3
Pedestrian 2349.75 675.15 37.9 99.9
Pedestrian 2169.65 646.75 29.3 77.5
Pedestrian 2112.85 656.3 18.9 75.8
Pedestrian 2221.8 658.45 23.2 86.9