Car 841.6 638.7 101.6 81.8
Car 1085.3 667.95 148.2 123.1
Pedestrian 2378.95 656.3 27.5 137.8
Pedestrian 2323.45 630.05 30.1 154.1
Car 1453.55 656.65 161.1 90.5
Car 1686.55 647.65 99.9 79.3
Pedestrian 2034.05 640.3 30.1 92.2
Pedestrian 1997.75 648.1 26.7 87.0
Car 2034.9 652.35 183.4 81.9
LargeBus 1400.15 580.95 61.1 31.9
Car 1239.1 618.8 42.2 45.6
Car 1294.65 617.05 29.3 35.3
Car 1773.45 624.45 56.9 74.1
Car 1924.6 642.0 73.2 61.2
Car 169.7 680.85 339.4 221.3
Car 841.6 638.7 101.6 81.8
Car 1085.3 667.95 148.2 123.1
Pedestrian 2378.95 656.3 27.5 137.8
Pedestrian 2323.45 630.05 30.1 154.1
Car 1453.55 656.65 161.1 90.5
Car 1686.55 647.65 99.9 79.3
Pedestrian 2034.05 640.3 30.1 92.2
Pedestrian 1997.75 648.1 26.7 87.0
Car 2034.9 652.35 183.4 81.9
LargeBus 1400.15 580.95 61.1 31.9
Car 1239.1 618.8 42.2 45.6
Car 1294.65 617.05 29.3 35.3
Car 1773.45 624.45 56.9 74.1
Car 1924.6 642.0 73.2 61.2