Car 493.5 657.2 216.2 148.0
Car 784.95 624.85 36.3 19.7
Car 1018.95 638.6 121.5 101.2
LargeBus 1120.2 577.65 38.8 50.1
LargeBus 1246.8 578.3 39.2 32.2
LargeBus 1332.6 583.05 36.4 28.1
Car 1205.9 695.25 203.4 180.9
Car 1477.35 621.95 44.7 29.5
Pedestrian 1513.05 619.55 11.7 33.5
Pedestrian 1560.6 613.5 9.6 35.8
MotorCyclist 1583.8 614.65 14.8 34.1
Pedestrian 1630.65 613.3 10.9 27.0
Car 79.65 665.65 100.1 60.5
Car 493.5 657.2 216.2 148.0
Car 784.95 624.85 36.3 19.7
Car 1018.95 638.6 121.5 101.2
LargeBus 1120.2 577.65 38.8 50.1
LargeBus 1246.8 578.3 39.2 32.2
LargeBus 1332.6 583.05 36.4 28.1
Car 1205.9 695.25 203.4 180.9
Car 1477.35 621.95 44.7 29.5
Pedestrian 1513.05 619.55 11.7 33.5
Pedestrian 1560.6 613.5 9.6 35.8
MotorCyclist 1583.8 614.65 14.8 34.1
Pedestrian 1630.65 613.3 10.9 27.0