Car 361.05 663.3 88.1 49.0
Car 480.9 671.7 226.2 163.0
Car 919.6 653.25 97.2 93.3
Car 1026.85 650.55 69.3 46.7
Car 1113.8 639.95 36.0 29.1
LargeBus 1193.5 593.55 43.4 41.5
Car 1259.7 699.2 175.8 152.0
Pedestrian 1553.15 640.8 14.7 44.0
Pedestrian 1529.5 640.7 10.6 39.0
Pedestrian 1508.2 637.7 9.6 39.4
Car 1596.6 645.1 54.4 35.4
LargeBus 1481.05 607.95 42.5 35.9
LargeBus 1375.9 599.75 40.2 33.5
Pedestrian 1667.45 643.55 15.3 44.7
Pedestrian 1703.15 636.2 13.1 41.2
Pedestrian 1739.65 636.9 11.3 41.0
Pedestrian 1779.0 630.4 14.4 46.0
MotorCyclist 2456.25 618.8 18.1 50.8
Pedestrian 2418.45 611.8 20.5 53.6
Pedestrian 2368.6 618.35 20.8 54.3
Pedestrian 2311.1 612.15 23.0 48.7
Pedestrian 2236.3 608.9 11.0 20.2
Pedestrian 2121.2 606.65 13.2 25.7
Car 70.3 687.2 75.0 45.2
Car 361.05 663.3 88.1 49.0
Car 480.9 671.7 226.2 163.0
Car 919.6 653.25 97.2 93.3
Car 1026.85 650.55 69.3 46.7
Car 1113.8 639.95 36.0 29.1
LargeBus 1193.5 593.55 43.4 41.5
Car 1259.7 699.2 175.8 152.0
Pedestrian 1553.15 640.8 14.7 44.0
Pedestrian 1529.5 640.7 10.6 39.0
Pedestrian 1508.2 637.7 9.6 39.4
Car 1596.6 645.1 54.4 35.4
LargeBus 1481.05 607.95 42.5 35.9
LargeBus 1375.9 599.75 40.2 33.5
Pedestrian 1667.45 643.55 15.3 44.7
Pedestrian 1703.15 636.2 13.1 41.2
Pedestrian 1739.65 636.9 11.3 41.0
Pedestrian 1779.0 630.4 14.4 46.0
MotorCyclist 2456.25 618.8 18.1 50.8
Pedestrian 2418.45 611.8 20.5 53.6
Pedestrian 2368.6 618.35 20.8 54.3
Pedestrian 2311.1 612.15 23.0 48.7
Pedestrian 2236.3 608.9 11.0 20.2
Pedestrian 2121.2 606.65 13.2 25.7