Car 861.8 636.55 83.6 77.5
Car 1051.8 677.75 174.0 149.9
Car 652.95 629.95 48.3 37.1
Car 1276.95 620.5 49.1 42.2
Car 1333.8 612.35 38.8 32.7
Car 1463.9 665.75 188.6 111.9
Car 1824.8 656.65 169.6 107.7
Car 1737.4 621.35 39.6 37.1
Pedestrian 2337.2 654.55 33.6 127.5
Pedestrian 2414.25 657.1 46.5 132.6
Car 2266.6 662.65 195.6 102.5
Car 2123.65 646.8 119.7 74.0
Car 1665.45 619.65 40.5 30.1
LargeBus 1680.0 576.15 28.4 32.7
Car 1485.8 576.2 67.2 39.6
Car 175.75 675.65 351.5 231.7
Car 861.8 636.55 83.6 77.5
Car 1051.8 677.75 174.0 149.9
Car 652.95 629.95 48.3 37.1
Car 1276.95 620.5 49.1 42.2
Car 1333.8 612.35 38.8 32.7
Car 1463.9 665.75 188.6 111.9
Car 1824.8 656.65 169.6 107.7
Car 1737.4 621.35 39.6 37.1
Pedestrian 2337.2 654.55 33.6 127.5
Pedestrian 2414.25 657.1 46.5 132.6
Car 2266.6 662.65 195.6 102.5
Car 2123.65 646.8 119.7 74.0
Car 1665.45 619.65 40.5 30.1
LargeBus 1680.0 576.15 28.4 32.7
Car 1485.8 576.2 67.2 39.6