Car 566.15 675.8 204.7 130.4
Car 1007.75 646.5 36.3 26.2
Car 1043.0 650.55 38 29.9
Car 1218.1 719.15 207.0 179.5
Car 1137.15 674.3 120.7 100.6
LargeBus 1147.7 600.0 37.4 43.2
LargeBus 1238.6 604.5 37.6 40.2
LargeBus 1319.1 608.55 43.0 34.3
LargeBus 1429.4 610.85 45.6 29.7
Car 1478.4 644.25 40.0 27.3
Pedestrian 1552.55 636.75 9.9 27.9
Car 23.2 821.4 46.4 94.0
Car 566.15 675.8 204.7 130.4
Car 1007.75 646.5 36.3 26.2
Car 1043.0 650.55 38 29.9
Car 1218.1 719.15 207.0 179.5
Car 1137.15 674.3 120.7 100.6
LargeBus 1147.7 600.0 37.4 43.2
LargeBus 1238.6 604.5 37.6 40.2
LargeBus 1319.1 608.55 43.0 34.3
LargeBus 1429.4 610.85 45.6 29.7
Car 1478.4 644.25 40.0 27.3
Pedestrian 1552.55 636.75 9.9 27.9