Car 833.4 666.2 123.2 85.2
Car 1153.85 689.9 136.9 115.4
Car 1452.3 650.65 37.8 23.3
Car 1547.8 654.5 39.6 31.0
Pedestrian 1664.1 646.0 13.8 34.4
Pedestrian 1727.8 644.7 10.4 42.2
Car 1663.7 649.8 37.0 21.6
Car 2067.7 736.3 328.2 232.6
Car 1895.85 684.75 125.7 94.7
van 1824.25 635.1 24.1 30.2
Car 1770.5 645.9 19.8 13.8
Car 1721.75 648.55 25.9 15.5
Car 674.1 666.6 59.4 34.4
van 187.45 673.05 57.7 30.1
Car 286.15 718.75 258.3 155.9
Car 833.4 666.2 123.2 85.2
Car 1153.85 689.9 136.9 115.4
Car 1452.3 650.65 37.8 23.3
Car 1547.8 654.5 39.6 31.0
Pedestrian 1664.1 646.0 13.8 34.4
Pedestrian 1727.8 644.7 10.4 42.2
Car 1663.7 649.8 37.0 21.6
Car 2067.7 736.3 328.2 232.6
Car 1895.85 684.75 125.7 94.7
van 1824.25 635.1 24.1 30.2
Car 1770.5 645.9 19.8 13.8
Car 1721.75 648.55 25.9 15.5
Car 674.1 666.6 59.4 34.4
van 187.45 673.05 57.7 30.1