Car 868.35 614.85 72.3 68.9
Car 213.75 657.6 313.5 209.2
Car 1300.65 602.95 51.7 37.9
Car 1363.95 591.75 37.1 32.7
Car 1481.05 653.3 164.5 131.8
Car 1699.9 596.8 37.0 32.8
Car 1782.6 602.85 50.8 41.3
Car 2020.65 652.35 272.1 161.1
Car 2390.65 629.95 112.9 81.9
LargeBus 1550.4 559.8 62.0 34.4
Car 988.0 672.7 218.8 194.6
Car 868.35 614.85 72.3 68.9
Car 213.75 657.6 313.5 209.2
Car 1300.65 602.95 51.7 37.9
Car 1363.95 591.75 37.1 32.7
Car 1481.05 653.3 164.5 131.8
Car 1699.9 596.8 37.0 32.8
Car 1782.6 602.85 50.8 41.3
Car 2020.65 652.35 272.1 161.1
Car 2390.65 629.95 112.9 81.9
LargeBus 1550.4 559.8 62.0 34.4