Car 158.6 648.05 106.8 62.9
Car 964.3 697.55 250.6 217.1
Car 1351.45 620.55 46.5 38.7
Car 1563.75 664.9 143.9 127.4
Car 1407.45 606.3 34.5 31.0
Car 1458.2 606.75 22.4 21.5
LargeBus 1620.7 577.0 64.6 44.8
Car 1746.35 620.15 43.9 37.9
Car 1838.95 618.8 60.3 45.6
Car 2169.7 685.9 260.2 211.0
Car 369.25 669.2 248.9 163.6
Car 158.6 648.05 106.8 62.9
Car 964.3 697.55 250.6 217.1
Car 1351.45 620.55 46.5 38.7
Car 1563.75 664.9 143.9 127.4
Car 1407.45 606.3 34.5 31.0
Car 1458.2 606.75 22.4 21.5
LargeBus 1620.7 577.0 64.6 44.8
Car 1746.35 620.15 43.9 37.9
Car 1838.95 618.8 60.3 45.6
Car 2169.7 685.9 260.2 211.0