Car 2326.0 688.55 156 99.1
van 1794.65 628.65 30.1 34.5
Car 473.85 697.6 210.1 124.0
Car 853.75 653.25 111.9 80.1
Car 1181.0 678.65 118.8 103.3
Car 50.85 696.3 101.7 69.8
LargeBus 62.5 651.05 125 62.1
Car 721.95 658.0 55.1 27.6
BiCyclist 1708.25 642.2 16.9 42.4
Pedestrian 1636.15 628.95 11.1 49.5
van 1405.55 638.85 20.7 17.7
Car 1458.2 643.2 30.8 23.2
Car 1517.1 645.4 38.6 30.8
Car 1594.1 642.15 31.0 24.3
Car 1662.95 646.1 29.5 27.0
Car 1736.5 638.65 20.2 18.1
Car 1764.9 636.15 15.4 15.1
Car 1556.95 641.75 19.5 17.5
Pedestrian 2417.85 617.0 18.1 43.2
Pedestrian 2437.95 628.55 19.1 49.9
Pedestrian 2516.45 645.85 21.7 72.1
Car 1923.3 685.05 373.8 254.1
Car 2326.0 688.55 156 99.1
van 1794.65 628.65 30.1 34.5
Car 473.85 697.6 210.1 124.0
Car 853.75 653.25 111.9 80.1
Car 1181.0 678.65 118.8 103.3
Car 50.85 696.3 101.7 69.8
LargeBus 62.5 651.05 125 62.1
Car 721.95 658.0 55.1 27.6
BiCyclist 1708.25 642.2 16.9 42.4
Pedestrian 1636.15 628.95 11.1 49.5
van 1405.55 638.85 20.7 17.7
Car 1458.2 643.2 30.8 23.2
Car 1517.1 645.4 38.6 30.8
Car 1594.1 642.15 31.0 24.3
Car 1662.95 646.1 29.5 27.0
Car 1736.5 638.65 20.2 18.1
Car 1764.9 636.15 15.4 15.1
Car 1556.95 641.75 19.5 17.5
Pedestrian 2417.85 617.0 18.1 43.2
Pedestrian 2437.95 628.55 19.1 49.9
Pedestrian 2516.45 645.85 21.7 72.1