Pedestrian 2401.35 625.2 20.7 62.0
MotorCyclist 2384.05 605.85 24.1 57.7
LargeBus 1941.45 509.4 254.9 185.2
LargeBus 1698.6 545.95 124.0 99.9
Car 1659.85 644.6 153.3 128.4
Car 1308.05 651.15 69.7 55.1
Car 1144.75 661.4 94.7 79.2
Car 1067.25 643.8 29.3 23.2
Car 951.4 647.2 66.4 50.8
van 771.5 639.0 99 89.6
Car 572.85 677.85 180.9 125.7
Truck 318.45 587.0 102.5 85.2
Car 47.4 669.55 94.8 54.3
MotorCyclist 2523.7 614.45 24.2 68.1
Pedestrian 2401.35 625.2 20.7 62.0
MotorCyclist 2384.05 605.85 24.1 57.7
LargeBus 1941.45 509.4 254.9 185.2
LargeBus 1698.6 545.95 124.0 99.9
Car 1659.85 644.6 153.3 128.4
Car 1308.05 651.15 69.7 55.1
Car 1144.75 661.4 94.7 79.2
Car 1067.25 643.8 29.3 23.2
Car 951.4 647.2 66.4 50.8
van 771.5 639.0 99 89.6
Car 572.85 677.85 180.9 125.7
Truck 318.45 587.0 102.5 85.2
Car 47.4 669.55 94.8 54.3