LargeBus 1779.9 533.6 176.6 157.6
Car 1611.6 652.0 146.4 118.8
Car 1235.2 650.65 62.0 57.7
Car 1126.25 676.05 102.5 91.3
Car 981.65 641.6 30.1 22.4
Car 904.5 646.85 58.6 46.5
van 761.55 639.05 89.5 86.1
LargeBus 571.15 602.45 70.7 57.7
LargeBus 468.35 611.95 43.9 38.7
van 313.2 644.7 44.0 42.2
Car 529.0 678.6 168.8 117.2
LargeBus 2123.2 444.75 291.2 279.9
LargeBus 1779.9 533.6 176.6 157.6
Car 1611.6 652.0 146.4 118.8
Car 1235.2 650.65 62.0 57.7
Car 1126.25 676.05 102.5 91.3
Car 981.65 641.6 30.1 22.4
Car 904.5 646.85 58.6 46.5
van 761.55 639.05 89.5 86.1
LargeBus 571.15 602.45 70.7 57.7
LargeBus 468.35 611.95 43.9 38.7
van 313.2 644.7 44.0 42.2
Car 529.0 678.6 168.8 117.2