van 376.55 644.65 111.9 80.1
Car 550.95 650.6 61.1 61.2
van 635.85 651.95 24.1 49.9
Car 664.7 660.95 37.0 43.9
Car 1400.2 677.4 219.6 207.6
Pedestrian 2397.9 644.2 31.0 89.6
MotorCyclist 2194.65 637.3 24.1 75.8
Pedestrian 2003.85 648.05 35.3 107.7
Pedestrian 1730.35 639.95 43.1 105.1
van 1814.9 630.4 43.0 55.2
LargeBus 1846.7 605.0 41.4 56.0
Car 1670.95 647.65 37.9 41.3
Car 1122.0 664.45 118.0 85.3
Car 1333.9 659.05 52.6 52.5
Truck 1271.45 643.35 49.3 42.7
Car 1060.6 638.3 31.6 24.2
Bike 2457.75 715.75 43.9 67.1
Bike 2233.4 701.95 39.6 49.9
Bike 2110.2 672.2 27.6 56.0
Bike 2040.45 684.7 29.3 43.0
van 109.45 672.7 218.9 194.6
van 376.55 644.65 111.9 80.1
Car 550.95 650.6 61.1 61.2
van 635.85 651.95 24.1 49.9
Car 664.7 660.95 37.0 43.9
Car 1400.2 677.4 219.6 207.6
Pedestrian 2397.9 644.2 31.0 89.6
MotorCyclist 2194.65 637.3 24.1 75.8
Pedestrian 2003.85 648.05 35.3 107.7
Pedestrian 1730.35 639.95 43.1 105.1
van 1814.9 630.4 43.0 55.2
LargeBus 1846.7 605.0 41.4 56.0
Car 1670.95 647.65 37.9 41.3
Car 1122.0 664.45 118.0 85.3
Car 1333.9 659.05 52.6 52.5
Truck 1271.45 643.35 49.3 42.7
Car 1060.6 638.3 31.6 24.2
Bike 2457.75 715.75 43.9 67.1
Bike 2233.4 701.95 39.6 49.9
Bike 2110.2 672.2 27.6 56.0
Bike 2040.45 684.7 29.3 43.0