Car 276.1 664.9 74.2 35.8
Car 507.75 662.55 72.3 41.5
van 833.0 640.55 69.2 50.3
Car 940.15 648.15 54.7 42.7
Car 1008.05 672.35 130.1 91.1
Car 1047.45 648.75 72.9 66.7
Car 1442.85 675.5 232.5 210.6
Car 1282.75 654.5 71.1 65.4
van 1360.5 630.55 32.6 40.3
BiCyclist 2288.05 635.55 54.1 82.7
Pedestrian 2198.55 635.75 27.1 68.7
Pedestrian 1855.25 643.4 26.5 81.6
van 1789.9 625.7 37.4 46.2
Car 1668.55 643.4 27.5 29.6
Car 1713.4 640.45 15.6 17.7
Pedestrian 2078.55 638.95 23.9 70.7
Pedestrian 2045.25 640.95 19.7 58.3
Car 67.2 670.4 134.4 242.0
Car 276.1 664.9 74.2 35.8
Car 507.75 662.55 72.3 41.5
van 833.0 640.55 69.2 50.3
Car 940.15 648.15 54.7 42.7
Car 1008.05 672.35 130.1 91.1
Car 1047.45 648.75 72.9 66.7
Car 1442.85 675.5 232.5 210.6
Car 1282.75 654.5 71.1 65.4
van 1360.5 630.55 32.6 40.3
BiCyclist 2288.05 635.55 54.1 82.7
Pedestrian 2198.55 635.75 27.1 68.7
Pedestrian 1855.25 643.4 26.5 81.6
van 1789.9 625.7 37.4 46.2
Car 1668.55 643.4 27.5 29.6
Car 1713.4 640.45 15.6 17.7
Pedestrian 2078.55 638.95 23.9 70.7
Pedestrian 2045.25 640.95 19.7 58.3