van 764.15 658.4 163.9 122.8
Car 953.2 648.2 28.0 30.0
Car 1057.05 653.1 46.1 37.4
LargeBus 1085.35 630.8 38.7 38.0
Car 1014.6 660.75 20.0 20.7
Car 1283.75 650.85 69.5 54.1
Truck 1194.9 626.4 33.4 34.8
Car 1417.95 678.6 81.5 66.8
Car 1512.15 658.2 45.5 50.0
Car 1574.9 657.75 29.4 22.7
Car 1879.45 684.25 189.7 168.9
van 2028.5 639.1 100.2 100.2
LargeBus 1913.0 582.6 66.8 56.8
HeavyTruck 1847.5 603.4 61.4 68.8
Car 1695.45 657.55 54.1 40.7
Motorcycle 2289.85 682.15 180.1 82.7
Car 179.45 752.1 358.9 277.8
van 764.15 658.4 163.9 122.8
Car 953.2 648.2 28.0 30.0
Car 1057.05 653.1 46.1 37.4
LargeBus 1085.35 630.8 38.7 38.0
Car 1014.6 660.75 20.0 20.7
Car 1283.75 650.85 69.5 54.1
Truck 1194.9 626.4 33.4 34.8
Car 1417.95 678.6 81.5 66.8
Car 1512.15 658.2 45.5 50.0
Car 1574.9 657.75 29.4 22.7
Car 1879.45 684.25 189.7 168.9
van 2028.5 639.1 100.2 100.2
LargeBus 1913.0 582.6 66.8 56.8
HeavyTruck 1847.5 603.4 61.4 68.8
Car 1695.45 657.55 54.1 40.7
Motorcycle 2289.85 682.15 180.1 82.7