Car 1416.95 628.75 94.7 82.7
Car 1165.5 688.15 160.2 139.5
Car 1054.8 655.35 90.4 87.9
Car 832.5 630.9 42.2 42.2
van 762.35 626.5 60.3 64.6
Car 637.6 654.15 106.8 78.3
Car 433.45 638.25 29.3 29.3
Car 472.65 638.25 18.1 18.9
Car 299.85 644.2 51.7 34.4
LargeBus 314.95 595.6 54.3 50.8
Car 240.1 648.6 25.0 22.4
LargeBus 43.95 553.4 87.9 124.8
Pedestrian 2515.9 677.85 29.4 80.9
Car 1416.95 628.75 94.7 82.7
Car 1165.5 688.15 160.2 139.5
Car 1054.8 655.35 90.4 87.9
Car 832.5 630.9 42.2 42.2
van 762.35 626.5 60.3 64.6
Car 637.6 654.15 106.8 78.3
Car 433.45 638.25 29.3 29.3
Car 472.65 638.25 18.1 18.9
Car 299.85 644.2 51.7 34.4
LargeBus 314.95 595.6 54.3 50.8
Car 240.1 648.6 25.0 22.4
LargeBus 43.95 553.4 87.9 124.8