Car 313.6 700.8 279.2 172.8
Car 706.0 653.55 94.4 80.3
Car 877.1 633.25 47.8 38.1
Car 1012.8 626.2 46.4 36.8
Car 1116.65 661.5 124.1 105.0
Car 1265.0 644.95 89.2 63.5
Pedestrian 1794.45 593.7 11.3 35.0
Pedestrian 1809.7 592.65 15.8 38.1
Pedestrian 1867.25 595.05 16.1 42.9
Pedestrian 1893.0 592.35 16.8 43.9
Pedestrian 1934.95 603.0 15.5 40.0
LargeBus 77.95 552.05 155.9 120.1
Car 313.6 700.8 279.2 172.8
Car 706.0 653.55 94.4 80.3
Car 877.1 633.25 47.8 38.1
Car 1012.8 626.2 46.4 36.8
Car 1116.65 661.5 124.1 105.0
Car 1265.0 644.95 89.2 63.5
Pedestrian 1794.45 593.7 11.3 35.0
Pedestrian 1809.7 592.65 15.8 38.1
Pedestrian 1867.25 595.05 16.1 42.9
Pedestrian 1893.0 592.35 16.8 43.9
Pedestrian 1934.95 603.0 15.5 40.0