LargeBus 1936.25 485.3 282.5 216.2
Car 1530.7 634.7 132.6 108.6
van 1103.85 641.25 68.1 62.9
Car 1093.15 666.1 129.1 109.4
Car 894.55 627.05 31.9 24.1
Car 849.8 630.5 56.0 48.2
van 738.7 630.9 81.8 76.6
Car 531.1 664.4 159.4 106.0
LargeBus 432.1 582.65 92.2 69.7
Car 367.55 631.3 21.5 19.0
LargeBus 2369.95 455.65 126.7 294.5
LargeBus 1936.25 485.3 282.5 216.2
Car 1530.7 634.7 132.6 108.6
van 1103.85 641.25 68.1 62.9
Car 1093.15 666.1 129.1 109.4
Car 894.55 627.05 31.9 24.1
Car 849.8 630.5 56.0 48.2
van 738.7 630.9 81.8 76.6
Car 531.1 664.4 159.4 106.0
LargeBus 432.1 582.65 92.2 69.7
Car 367.55 631.3 21.5 19.0