LargeBus 132.85 620.35 76.1 62.3
LargeBus 413.2 602.85 51.6 50.9
Car 549.9 652.8 24.2 17.6
Car 602.2 648.55 23.2 19.1
van 709.05 644.95 41.7 43.1
Car 755.6 649.0 41.2 33.6
Car 851.5 664.75 90.6 71.9
Car 1058.95 679.35 125.9 112.3
Car 1431.25 676.7 119.7 85.0
Car 119.4 768.75 238.8 275.9
LargeBus 132.85 620.35 76.1 62.3
LargeBus 413.2 602.85 51.6 50.9
Car 549.9 652.8 24.2 17.6
Car 602.2 648.55 23.2 19.1
van 709.05 644.95 41.7 43.1
Car 755.6 649.0 41.2 33.6
Car 851.5 664.75 90.6 71.9
Car 1058.95 679.35 125.9 112.3
Car 1431.25 676.7 119.7 85.0