LargeBus 316.9 603.9 102.6 96.6
LargeBus 42.55 613.75 85.1 71.5
Car 573.0 660.85 16.0 12.5
Car 611.3 656.15 20.6 17.1
Car 700.2 651.1 37.6 41.4
Car 794.1 673.7 91.4 75.8
Car 757.55 651.15 27.1 24.3
Car 878.9 660.75 47.4 39.9
Car 1090.95 691.95 125.9 108.3
Car 1364.0 681.05 106.4 74.9
Pedestrian 1645.15 627.4 11.1 32.4
Pedestrian 1704.95 624.9 10.3 33.8
Pedestrian 1723.9 624.25 11.8 35.7
Car 164.65 740.3 329.3 209.8
LargeBus 316.9 603.9 102.6 96.6
LargeBus 42.55 613.75 85.1 71.5
Car 573.0 660.85 16.0 12.5
Car 611.3 656.15 20.6 17.1
Car 700.2 651.1 37.6 41.4
Car 794.1 673.7 91.4 75.8
Car 757.55 651.15 27.1 24.3
Car 878.9 660.75 47.4 39.9
Car 1090.95 691.95 125.9 108.3
Car 1364.0 681.05 106.4 74.9
Pedestrian 1645.15 627.4 11.1 32.4
Pedestrian 1704.95 624.9 10.3 33.8
Pedestrian 1723.9 624.25 11.8 35.7