Car 1251.55 644.65 77.5 52.5
Car 1017.25 661.0 108.5 95.6
van 775.7 635.65 42.2 58.5
Car 813.6 636.4 28.4 39.6
Car 707.75 646.0 78.3 62.0
LargeBus 388.65 609.3 63.7 37.0
Car 370.1 648.05 37.0 28.5
LargeBus 54.75 577.85 109.5 91.3
Car 26.75 659.25 53.5 50.9
Car 1463.0 679.1 145.6 121.4
Car 1251.55 644.65 77.5 52.5
Car 1017.25 661.0 108.5 95.6
van 775.7 635.65 42.2 58.5
Car 813.6 636.4 28.4 39.6
Car 707.75 646.0 78.3 62.0
LargeBus 388.65 609.3 63.7 37.0
Car 370.1 648.05 37.0 28.5
LargeBus 54.75 577.85 109.5 91.3
Car 26.75 659.25 53.5 50.9