Car 795.05 651.95 46.5 43.1
Pickup 909.3 639.95 93.8 83.9
Truck 1026.45 618.85 15.7 20.1
Car 1064.2 644.1 12.8 9.8
van 1218.9 639.95 35.4 44.7
Car 1153.35 642.15 29.9 27.5
Truck 1073.45 613.15 17.7 12.7
Car 1144.9 603.5 7.4 5.4
Car 1264.35 585.4 8.3 8.4
Car 1103.4 631.05 10.8 9.3
Car 1114.45 618.75 11.3 10.3
Car 676.7 664.95 54.2 37.9
Car 795.05 651.95 46.5 43.1
Pickup 909.3 639.95 93.8 83.9
Truck 1026.45 618.85 15.7 20.1
Car 1064.2 644.1 12.8 9.8
van 1218.9 639.95 35.4 44.7
Car 1153.35 642.15 29.9 27.5
Truck 1073.45 613.15 17.7 12.7
Car 1144.9 603.5 7.4 5.4
Car 1264.35 585.4 8.3 8.4
Car 1103.4 631.05 10.8 9.3
Car 1114.45 618.75 11.3 10.3