Pickup 861.05 648.8 110.1 91.2
van 1232.0 638.85 36.4 44.1
Car 1154.3 637.1 30.6 29.0
Truck 1010.25 609.15 14.5 17.1
Truck 1052.0 607.25 11.6 14.5
Car 1086.15 628.9 9.1 7.4
Car 1106.25 620.1 8.1 9.4
Car 1271.6 568.1 10.0 12.2
Car 1249.85 615.7 14.1 17.4
Car 1203.35 629.6 21.9 23.2
Car 1025.4 639.8 10.0 11.2
Car 51.7 684.75 103.4 139.5
Pickup 861.05 648.8 110.1 91.2
van 1232.0 638.85 36.4 44.1
Car 1154.3 637.1 30.6 29.0
Truck 1010.25 609.15 14.5 17.1
Truck 1052.0 607.25 11.6 14.5
Car 1086.15 628.9 9.1 7.4
Car 1106.25 620.1 8.1 9.4
Car 1271.6 568.1 10.0 12.2
Car 1249.85 615.7 14.1 17.4
Car 1203.35 629.6 21.9 23.2
Car 1025.4 639.8 10.0 11.2