Truck 875.15 590.55 20.3 25.9
Truck 920.2 588.25 17.2 23.3
Car 1003.8 588.35 13.6 12.7
Car 1038.8 586.5 13.2 11.0
Car 1070.05 591.0 10.5 9.2
Car 954.55 624.2 20.7 17.6
Car 1095.5 576.05 10.6 10.9
Car 1104.7 627.4 37.8 34.8
Car 1134.9 608.5 24.2 23.4
van 1228.05 630.05 40.1 45.3
Car 1222.4 613.15 26.8 25.5
Car 1195.8 537.95 14.0 12.3
Car 1234.65 540.4 14.5 13.6
Car 1260.45 532.4 9.7 8.4
Pickup 622.5 646.75 200.6 149.9
Truck 875.15 590.55 20.3 25.9
Truck 920.2 588.25 17.2 23.3
Car 1003.8 588.35 13.6 12.7
Car 1038.8 586.5 13.2 11.0
Car 1070.05 591.0 10.5 9.2
Car 954.55 624.2 20.7 17.6
Car 1095.5 576.05 10.6 10.9
Car 1104.7 627.4 37.8 34.8
Car 1134.9 608.5 24.2 23.4
van 1228.05 630.05 40.1 45.3
Car 1222.4 613.15 26.8 25.5
Car 1195.8 537.95 14.0 12.3
Car 1234.65 540.4 14.5 13.6
Car 1260.45 532.4 9.7 8.4