Car 1419.9 624.75 35.4 26.7
Pickup 602.25 644.6 215.3 162.8
Car 1239.55 524.1 15.9 13.8
Car 1200.1 523.45 14.2 10.9
van 1228.75 622.05 41.5 46.9
van 1222.5 595.0 29 26.4
Car 1094.75 614.95 40.3 32.7
Car 1130.4 593.3 26.0 23.0
Car 1040.45 586.65 10.5 11.3
Car 1006.75 582.8 15.1 8.8
Truck 883.05 589.5 19.3 22.2
Truck 834.65 587.0 19.7 25.6
Car 1075.25 575.05 9.7 11.7
Car 1469.0 661.8 33.6 28.4
Car 1419.9 624.75 35.4 26.7
Pickup 602.25 644.6 215.3 162.8
Car 1239.55 524.1 15.9 13.8
Car 1200.1 523.45 14.2 10.9
van 1228.75 622.05 41.5 46.9
van 1222.5 595.0 29 26.4
Car 1094.75 614.95 40.3 32.7
Car 1130.4 593.3 26.0 23.0
Car 1040.45 586.65 10.5 11.3
Car 1006.75 582.8 15.1 8.8
Truck 883.05 589.5 19.3 22.2
Truck 834.65 587.0 19.7 25.6
Car 1075.25 575.05 9.7 11.7