Car 1111.6 632.7 35.6 33.0
Car 1141.1 634.05 21.4 22.1
van 1227.75 632.1 38.3 43.8
Car 1230.1 563.15 14.6 11.9
Car 1188.2 561.9 13.6 12.2
Truck 911.3 598.15 16.6 20.7
Truck 954.4 596.8 16.0 15.2
van 941.7 636.1 29.8 30.2
Car 1032.2 594.65 11.2 8.5
Car 1065.75 587.6 11.9 9.2
Car 1091.9 592.2 9.8 8.8
Car 1113.0 587.8 8.4 6.8
Car 1109.0 581.0 8.8 6.8
Car 1136.5 573.6 8.2 7.2
Car 1260.45 543.75 8.9 9.9
Pickup 659.1 648.95 177.4 133.5
Car 1111.6 632.7 35.6 33.0
Car 1141.1 634.05 21.4 22.1
van 1227.75 632.1 38.3 43.8
Car 1230.1 563.15 14.6 11.9
Car 1188.2 561.9 13.6 12.2
Truck 911.3 598.15 16.6 20.7
Truck 954.4 596.8 16.0 15.2
van 941.7 636.1 29.8 30.2
Car 1032.2 594.65 11.2 8.5
Car 1065.75 587.6 11.9 9.2
Car 1091.9 592.2 9.8 8.8
Car 1113.0 587.8 8.4 6.8
Car 1109.0 581.0 8.8 6.8
Car 1136.5 573.6 8.2 7.2
Car 1260.45 543.75 8.9 9.9