LargeBus 826.15 602.15 19.9 20.7
Car 1111.85 654.55 175.3 159.5
van 1900.2 628.6 178.8 133.2
Pickup 1361.55 619.25 59.1 60.5
Car 1313.15 592.95 16.3 16.3
Truck 794.4 599.4 15.6 15.6
Truck 989.9 568.15 23.4 24.3
Truck 1081.45 556.2 10.9 10.8
Car 122.35 712.65 244.7 219.7
LargeBus 826.15 602.15 19.9 20.7
Car 1111.85 654.55 175.3 159.5
van 1900.2 628.6 178.8 133.2
Pickup 1361.55 619.25 59.1 60.5
Car 1313.15 592.95 16.3 16.3
Truck 794.4 599.4 15.6 15.6
Truck 989.9 568.15 23.4 24.3
Truck 1081.45 556.2 10.9 10.8