Car 2098.85 638.6 236.5 167.6
van 753.65 632.4 28.1 20.8
LargeBus 891.15 589.35 21.5 23.5
Car 1057.2 614.55 39.6 33.5
Car 1130.65 666.5 197.3 177.8
Pickup 1378.7 626.9 65.0 63.8
Truck 1027.1 564.15 19.4 21.5
Truck 1096.9 548.1 11.4 13.4
Car 14.45 906.5 28.9 167.0
Car 2098.85 638.6 236.5 167.6
van 753.65 632.4 28.1 20.8
LargeBus 891.15 589.35 21.5 23.5
Car 1057.2 614.55 39.6 33.5
Car 1130.65 666.5 197.3 177.8
Pickup 1378.7 626.9 65.0 63.8
Truck 1027.1 564.15 19.4 21.5
Truck 1096.9 548.1 11.4 13.4