Car 1509.5 632.65 76.6 69.7
Pickup 1368.25 632.2 52.5 44.8
Car 1175.0 614.5 17.2 19.8
Car 1153.9 628.65 19.8 24.1
Car 1062.5 641.65 81.8 74.1
LargeBus 990.2 586.1 33.6 31.8
HeavyTruck 836.1 589.9 42.2 36.2
Car 881.7 640.3 64.6 47.4
LargeBus 677.5 586.1 69.8 59.4
Car 604.35 644.7 43.9 25.0
Car 480.3 642.5 30.2 20.6
Truck 90.2 620.45 73.2 62.9
Car 1617.65 619.75 51.7 26.7
Car 1509.5 632.65 76.6 69.7
Pickup 1368.25 632.2 52.5 44.8
Car 1175.0 614.5 17.2 19.8
Car 1153.9 628.65 19.8 24.1
Car 1062.5 641.65 81.8 74.1
LargeBus 990.2 586.1 33.6 31.8
HeavyTruck 836.1 589.9 42.2 36.2
Car 881.7 640.3 64.6 47.4
LargeBus 677.5 586.1 69.8 59.4
Car 604.35 644.7 43.9 25.0
Car 480.3 642.5 30.2 20.6
Truck 90.2 620.45 73.2 62.9