van 1840.3 613.65 59.4 35.3
TricycleOpenMotor 1796.3 644.25 37.0 41.3
Car 1767.5 637.3 65.4 31.0
Car 1694.3 626.1 43.0 25.8
Car 1549.2 631.8 73.2 68.0
Pickup 1448.85 634.25 51.7 45.7
Car 1413.85 616.65 23.3 24.1
Car 1194.25 610.65 28.5 29.3
Car 1116.8 636.9 73.2 64.6
Car 960.9 632.5 54.2 42.2
Car 1047.8 593.0 11.2 11.2
LargeBus 870.9 578.3 70.6 47.4
Car 672.85 634.7 46.5 36.2
Truck 535.0 573.2 112.0 78.4
van 89.2 552.1 178.4 346.2
Car 2261.85 614.5 68.9 37
van 1840.3 613.65 59.4 35.3
TricycleOpenMotor 1796.3 644.25 37.0 41.3
Car 1767.5 637.3 65.4 31.0
Car 1694.3 626.1 43.0 25.8
Car 1549.2 631.8 73.2 68.0
Pickup 1448.85 634.25 51.7 45.7
Car 1413.85 616.65 23.3 24.1
Car 1194.25 610.65 28.5 29.3
Car 1116.8 636.9 73.2 64.6
Car 960.9 632.5 54.2 42.2
Car 1047.8 593.0 11.2 11.2
LargeBus 870.9 578.3 70.6 47.4
Car 672.85 634.7 46.5 36.2
Truck 535.0 573.2 112.0 78.4
van 89.2 552.1 178.4 346.2