Car 275.85 629.15 51.7 38.7
Car 613.0 639.9 23.2 19.0
Car 701.65 640.75 18.1 10.3
Car 805.4 636.4 22.4 22.4
Car 851.15 651.9 72.3 53.4
LargeBus 1012.6 594.25 23.2 24.1
Car 1060.85 654.95 85.3 76.7
Car 1171.85 625.75 18.1 21.5
Pickup 1358.8 637.8 50.8 45.6
Car 1502.65 647.15 80.1 71.5
Truck 162.5 645.0 42.2 39.6
Car 275.85 629.15 51.7 38.7
Car 613.0 639.9 23.2 19.0
Car 701.65 640.75 18.1 10.3
Car 805.4 636.4 22.4 22.4
Car 851.15 651.9 72.3 53.4
LargeBus 1012.6 594.25 23.2 24.1
Car 1060.85 654.95 85.3 76.7
Car 1171.85 625.75 18.1 21.5
Pickup 1358.8 637.8 50.8 45.6
Car 1502.65 647.15 80.1 71.5