Truck 435.95 618.9 37.9 42.2
Car 724.55 637.4 22.3 17.2
Car 842.45 654.95 79.3 59.5
Car 1091.85 651.55 92.1 83.5
Pickup 1361.85 634.65 46.5 46.5
van 1525.85 643.75 85.3 71.5
Car 1491.0 631.35 22.4 15.5
Truck 897.15 606.35 37.1 37.9
HeavyTruck 948.8 596.0 33.6 27.6
Truck 359.8 649.75 40.4 31.9
Truck 435.95 618.9 37.9 42.2
Car 724.55 637.4 22.3 17.2
Car 842.45 654.95 79.3 59.5
Car 1091.85 651.55 92.1 83.5
Pickup 1361.85 634.65 46.5 46.5
van 1525.85 643.75 85.3 71.5
Car 1491.0 631.35 22.4 15.5
Truck 897.15 606.35 37.1 37.9
HeavyTruck 948.8 596.0 33.6 27.6