van 1844.6 644.25 85.2 75.7
Pickup 1697.65 637.25 56.9 51.7
Car 1616.35 624.4 31.9 39.6
Car 1189.6 616.65 56.8 51.7
Car 1162.45 600.35 12.9 15.5
Car 1064.75 617.1 37.9 31.8
Car 1031.5 581.0 13.0 11.2
Car 972.55 584.75 15.5 15.5
van 730.15 586.5 133.5 132.6
Car 248.65 650.6 114.5 61.2
Car 2444.95 643.85 76.7 74.9
van 1844.6 644.25 85.2 75.7
Pickup 1697.65 637.25 56.9 51.7
Car 1616.35 624.4 31.9 39.6
Car 1189.6 616.65 56.8 51.7
Car 1162.45 600.35 12.9 15.5
Car 1064.75 617.1 37.9 31.8
Car 1031.5 581.0 13.0 11.2
Car 972.55 584.75 15.5 15.5
van 730.15 586.5 133.5 132.6
Car 248.65 650.6 114.5 61.2