Car 2148.55 624.8 93.9 50.8
van 1773.0 601.95 83.6 70.7
Pickup 1660.25 629.15 57.7 49.1
Car 1600.85 602.4 18.1 16.4
Car 1255.9 573.5 13.8 13.8
Car 1172.4 590.85 12.0 13.7
Car 1195.25 609.8 57.7 51.6
Car 1068.55 612.8 38.7 33.6
Car 1031.9 566.7 13.8 13.8
Car 977.7 594.3 19.0 13.8
van 643.15 577.9 162.7 149.8
Car 123.75 657.55 105.9 54.3
TricycleOpenMotor 2316.9 607.1 93.0 98.2
Car 2148.55 624.8 93.9 50.8
van 1773.0 601.95 83.6 70.7
Pickup 1660.25 629.15 57.7 49.1
Car 1600.85 602.4 18.1 16.4
Car 1255.9 573.5 13.8 13.8
Car 1172.4 590.85 12.0 13.7
Car 1195.25 609.8 57.7 51.6
Car 1068.55 612.8 38.7 33.6
Car 1031.9 566.7 13.8 13.8
Car 977.7 594.3 19.0 13.8
van 643.15 577.9 162.7 149.8
Car 123.75 657.55 105.9 54.3