TricycleOpenMotor 2072.75 634.4 59.5 73.2
Car 1945.8 636.5 74.0 36.2
Car 1689.5 628.25 75 68.1
Pickup 1606.4 619.6 56.8 50.8
Car 1570.65 620.6 12.9 11.2
Car 1478.45 614.5 18.1 19.8
Car 1239.05 611.05 28.5 23.3
Car 1164.6 609.8 17.2 17.2
Car 1178.85 633.95 62.9 55.1
Car 1045.8 629.15 44.8 31.9
Car 818.9 626.9 42.2 31.0
Car 993.2 613.65 22.4 18.1
van 471.25 589.45 215.3 186.9
LargeBus 101.25 537.5 202.5 155
Car 2235.2 615.75 163.6 77.5
TricycleOpenMotor 2072.75 634.4 59.5 73.2
Car 1945.8 636.5 74.0 36.2
Car 1689.5 628.25 75 68.1
Pickup 1606.4 619.6 56.8 50.8
Car 1570.65 620.6 12.9 11.2
Car 1478.45 614.5 18.1 19.8
Car 1239.05 611.05 28.5 23.3
Car 1164.6 609.8 17.2 17.2
Car 1178.85 633.95 62.9 55.1
Car 1045.8 629.15 44.8 31.9
Car 818.9 626.9 42.2 31.0
Car 993.2 613.65 22.4 18.1
van 471.25 589.45 215.3 186.9
LargeBus 101.25 537.5 202.5 155