Car 2522.35 633.4 25.1 50.8
van 1739.85 612.3 68.9 36.2
Pedestrian 1668.05 607.15 7.7 32.7
MotorCyclist 1279.55 628.65 9.5 17.3
MotorCyclist 1235.6 623.5 4.4 13.8
MotorCyclist 1215.4 618.75 5.2 14.7
LargeBus 1170.7 612.3 8.6 8.6
LargeBus 1149.9 610.2 8.6 11.2
Car 1026.3 628.65 19.8 17.3
MotorCyclist 1572.85 660.65 41.3 91.3
Car 2522.35 633.4 25.1 50.8
van 1739.85 612.3 68.9 36.2
Pedestrian 1668.05 607.15 7.7 32.7
MotorCyclist 1279.55 628.65 9.5 17.3
MotorCyclist 1235.6 623.5 4.4 13.8
MotorCyclist 1215.4 618.75 5.2 14.7
LargeBus 1170.7 612.3 8.6 8.6
LargeBus 1149.9 610.2 8.6 11.2
Car 1026.3 628.65 19.8 17.3