Pedestrian 2127.5 603.8 13.8 39.6
MotorCyclist 1885.4 685.5 84.4 165.4
MotorCyclist 1344.55 642.5 8.7 20.6
MotorCyclist 1289.05 631.7 7.7 13.0
MotorCyclist 1261.95 632.15 5.1 10.3
MotorCyclist 1267.0 630.05 5.2 12.9
LargeBus 1215.85 626.55 12.9 9.5
Car 1089.65 635.25 18.9 12.9
van 2059.4 620.45 112.0 62.9
Pedestrian 2127.5 603.8 13.8 39.6
MotorCyclist 1885.4 685.5 84.4 165.4
MotorCyclist 1344.55 642.5 8.7 20.6
MotorCyclist 1289.05 631.7 7.7 13.0
MotorCyclist 1261.95 632.15 5.1 10.3
MotorCyclist 1267.0 630.05 5.2 12.9
LargeBus 1215.85 626.55 12.9 9.5
Car 1089.65 635.25 18.9 12.9