MotorCyclist 2498.35 633.5 41.1 84.6
Car 925.8 638.75 73.2 59.9
MotorCyclist 1472.45 638.15 19.3 51.1
Pedestrian 1187.2 632.0 8.8 24.4
Car 1137.65 644.25 12.9 10.1
LargeBus 1235.55 638.15 11.5 8.7
MotorCyclist 1278.6 645.95 9.2 11.5
Pedestrian 2530.3 631.15 19.8 105.1
MotorCyclist 2498.35 633.5 41.1 84.6
Car 925.8 638.75 73.2 59.9
MotorCyclist 1472.45 638.15 19.3 51.1
Pedestrian 1187.2 632.0 8.8 24.4
Car 1137.65 644.25 12.9 10.1
LargeBus 1235.55 638.15 11.5 8.7
MotorCyclist 1278.6 645.95 9.2 11.5