MotorCyclist 1427.05 658.65 11.3 27.7
Pedestrian 1319.9 645.55 7.4 20.3
Pedestrian 1337.7 643.2 7.0 15.6
MotorCyclist 1305.45 639.2 7.7 15.2
Car 1110.9 648.15 36.2 33.1
Car 1175.85 630.85 10.1 9.3
LargeBus 1271.75 622.05 16.7 8.9
Car 1239.95 622.7 6.3 5.4
Pedestrian 1944.05 658.05 36.1 120.5
MotorCyclist 1427.05 658.65 11.3 27.7
Pedestrian 1319.9 645.55 7.4 20.3
Pedestrian 1337.7 643.2 7.0 15.6
MotorCyclist 1305.45 639.2 7.7 15.2
Car 1110.9 648.15 36.2 33.1
Car 1175.85 630.85 10.1 9.3
LargeBus 1271.75 622.05 16.7 8.9
Car 1239.95 622.7 6.3 5.4