MotorCyclist 1576.35 643.95 23.9 57.5
MotorCyclist 1338.95 635.95 8.7 23.9
MotorCyclist 1329.7 637.4 7.4 14.8
MotorCyclist 1297.7 634.1 7.8 17.0
LargeBus 1268.25 617.2 15.3 14.4
LargeBus 1253.95 619.8 9.1 9.2
Car 1170.35 624.85 9.1 6.9
Car 1136.85 631.1 20.5 21.4
Car 1034.85 627.15 11.3 8.3
Truck 2352.7 520.15 138.2 134.3
MotorCyclist 1576.35 643.95 23.9 57.5
MotorCyclist 1338.95 635.95 8.7 23.9
MotorCyclist 1329.7 637.4 7.4 14.8
MotorCyclist 1297.7 634.1 7.8 17.0
LargeBus 1268.25 617.2 15.3 14.4
LargeBus 1253.95 619.8 9.1 9.2
Car 1170.35 624.85 9.1 6.9
Car 1136.85 631.1 20.5 21.4
Car 1034.85 627.15 11.3 8.3