Car 991.85 634.95 14.1 9.1
Car 963.1 634.2 16.6 10.8
MotorCyclist 1874.15 684.6 57.5 114.4
Pedestrian 1867.4 637.95 19.2 41.1
MotorCyclist 1364.45 649.95 11.3 31.5
MotorCyclist 1346.5 641.3 9 23.0
MotorCyclist 1313.25 640.95 10.1 20.3
LargeBus 1281.1 620.4 15.8 15.2
LargeBus 1247.25 622.35 11.3 14.7
Car 1176.65 630.05 7.3 7.3
Car 1154.7 634.2 17.4 18.0
HeavyTruck 431.8 591.35 65.6 41.5
Car 991.85 634.95 14.1 9.1
Car 963.1 634.2 16.6 10.8
MotorCyclist 1874.15 684.6 57.5 114.4
Pedestrian 1867.4 637.95 19.2 41.1
MotorCyclist 1364.45 649.95 11.3 31.5
MotorCyclist 1346.5 641.3 9 23.0
MotorCyclist 1313.25 640.95 10.1 20.3
LargeBus 1281.1 620.4 15.8 15.2
LargeBus 1247.25 622.35 11.3 14.7
Car 1176.65 630.05 7.3 7.3
Car 1154.7 634.2 17.4 18.0