LargeBus 628.45 549.9 85.3 59.4
MotorCyclist 1466.4 641.85 17.6 41.3
MotorCyclist 1333.0 619.8 8.8 23.2
MotorCyclist 1324.45 621.45 6.5 15.3
MotorCyclist 1285.7 621.7 7.0 15.8
Car 1132.75 617.5 25.5 24.2
Car 1165.2 612.15 8.8 7.9
LargeBus 1258.5 605.55 15.8 11.1
Car 1087.65 613.4 9.7 12.0
LightTruck 138.0 611.95 79.2 55.9
LargeBus 628.45 549.9 85.3 59.4
MotorCyclist 1466.4 641.85 17.6 41.3
MotorCyclist 1333.0 619.8 8.8 23.2
MotorCyclist 1324.45 621.45 6.5 15.3
MotorCyclist 1285.7 621.7 7.0 15.8
Car 1132.75 617.5 25.5 24.2
Car 1165.2 612.15 8.8 7.9
LargeBus 1258.5 605.55 15.8 11.1
Car 1087.65 613.4 9.7 12.0