LargeBus 539.65 572.3 68.9 39.8
Truck 1825.3 571.15 69.8 71.5
MotorCyclist 1478.95 643.6 19.5 43.6
MotorCyclist 1325.8 627.55 8.4 22.7
Pedestrian 1313.1 629.9 7.0 16.2
MotorCyclist 1271.75 628.7 7.9 15.8
LargeBus 1251.1 609.4 13.0 14.4
Car 1128.8 624.8 22.8 20.8
Car 1060.85 618.8 9.3 8.8
MotorCyclist 1158.6 618.45 6.0 12.1
LargeBus 105.6 522.1 211.2 105.4
LargeBus 539.65 572.3 68.9 39.8
Truck 1825.3 571.15 69.8 71.5
MotorCyclist 1478.95 643.6 19.5 43.6
MotorCyclist 1325.8 627.55 8.4 22.7
Pedestrian 1313.1 629.9 7.0 16.2
MotorCyclist 1271.75 628.7 7.9 15.8
LargeBus 1251.1 609.4 13.0 14.4
Car 1128.8 624.8 22.8 20.8
Car 1060.85 618.8 9.3 8.8
MotorCyclist 1158.6 618.45 6.0 12.1