MotorCyclist 1473.95 648.5 22.7 60.2
MotorCyclist 1420.8 638.7 11.6 32.2
MotorCyclist 1386.25 635.2 10.1 23.2
Truck 1317.15 620.4 19.5 14.8
Car 1279.8 618.55 14.8 19.5
LargeBus 1258.75 623.85 12.7 15.3
Car 1178.2 628.55 16.4 14.3
Car 1155.75 630.0 9.5 8.4
Car 20.55 662.3 41.1 27.4
MotorCyclist 1473.95 648.5 22.7 60.2
MotorCyclist 1420.8 638.7 11.6 32.2
MotorCyclist 1386.25 635.2 10.1 23.2
Truck 1317.15 620.4 19.5 14.8
Car 1279.8 618.55 14.8 19.5
LargeBus 1258.75 623.85 12.7 15.3
Car 1178.2 628.55 16.4 14.3
Car 1155.75 630.0 9.5 8.4