MotorCyclist 1364.85 629.75 10.1 24.3
MotorCyclist 1316.6 629.9 8.4 20.6
LargeBus 1271.45 609.05 15.3 16.9
LargeBus 1250.1 612.85 12.6 13.7
Car 1160.55 618.6 17.5 14.8
Car 1119.05 622.6 16.9 10.0
Truck 854.1 595.95 33.8 32.7
Car 817.9 631.3 14.2 10.6
Car 624.65 643.25 33.3 15.3
MotorCyclist 1385.75 638.95 17.9 40.7
MotorCyclist 1364.85 629.75 10.1 24.3
MotorCyclist 1316.6 629.9 8.4 20.6
LargeBus 1271.45 609.05 15.3 16.9
LargeBus 1250.1 612.85 12.6 13.7
Car 1160.55 618.6 17.5 14.8
Car 1119.05 622.6 16.9 10.0
Truck 854.1 595.95 33.8 32.7
Car 817.9 631.3 14.2 10.6
Car 624.65 643.25 33.3 15.3