Truck 332.45 618.35 78.1 36.3
Truck 384.3 602.05 75.4 38.5
Car 716.65 616.5 21.7 12.6
LargeBus 796.3 596.65 53.4 43.3
Car 1177.3 616.15 21.4 18.7
LargeBus 1227.95 596.1 18.7 23.8
Car 1258.2 588.35 28.0 35.9
MotorCyclist 1328.55 611.45 3.5 10.5
MotorCyclist 1649.25 619.0 30.5 46
van 95.1 604.4 190.2 150.4
Truck 332.45 618.35 78.1 36.3
Truck 384.3 602.05 75.4 38.5
Car 716.65 616.5 21.7 12.6
LargeBus 796.3 596.65 53.4 43.3
Car 1177.3 616.15 21.4 18.7
LargeBus 1227.95 596.1 18.7 23.8
Car 1258.2 588.35 28.0 35.9
MotorCyclist 1328.55 611.45 3.5 10.5
MotorCyclist 1649.25 619.0 30.5 46