Car 732.1 630.05 20.6 13.7
LargeBus 844.3 611.4 29.0 36.0
Car 1151.0 627.4 20.4 19.2
LargeBus 1210.9 610.6 21.8 21.2
Car 1231.3 602.3 27.8 35.8
MotorCyclist 1538.25 629.1 22.5 35.4
Truck 1445.8 588.1 51.2 34.2
MotorCyclist 1299.5 617.65 5.0 12.5
van 561.95 620.0 99.1 82.0
Car 732.1 630.05 20.6 13.7
LargeBus 844.3 611.4 29.0 36.0
Car 1151.0 627.4 20.4 19.2
LargeBus 1210.9 610.6 21.8 21.2
Car 1231.3 602.3 27.8 35.8
MotorCyclist 1538.25 629.1 22.5 35.4
Truck 1445.8 588.1 51.2 34.2
MotorCyclist 1299.5 617.65 5.0 12.5