MotorCyclist 1968.5 678.95 73 133.5
MotorCyclist 1488.2 663.7 25.6 53.8
HeavyTruck 1355.3 628.7 62.2 25.0
Car 1247.25 628.4 20.5 24.4
LargeBus 1224.2 637.4 12.8 19.2
Car 1166.85 643.1 16.1 15.4
van 1083.65 642.6 18.5 19.2
Car 910.65 648.9 18.5 9.0
van 29.7 662.35 59.4 40.7
MotorCyclist 1968.5 678.95 73 133.5
MotorCyclist 1488.2 663.7 25.6 53.8
HeavyTruck 1355.3 628.7 62.2 25.0
Car 1247.25 628.4 20.5 24.4
LargeBus 1224.2 637.4 12.8 19.2
Car 1166.85 643.1 16.1 15.4
van 1083.65 642.6 18.5 19.2
Car 910.65 648.9 18.5 9.0