MotorCyclist 1629.65 634.7 6.9 25.8
MotorCyclist 1507.0 616.7 6 20.6
MotorCyclist 1479.4 605.55 6.0 15.5
Car 1322.65 634.3 23.3 25.0
LargeBus 1306.3 600.7 25.0 37.0
LargeBus 1314.0 583.95 23.2 37.9
Car 1202.5 598.2 13.8 11.2
Car 1165.55 596.85 15.5 12.1
Car 1086.7 635.2 19.8 16.4
Pedestrian 2321.65 601.6 23.3 56.0
MotorCyclist 1629.65 634.7 6.9 25.8
MotorCyclist 1507.0 616.7 6 20.6
MotorCyclist 1479.4 605.55 6.0 15.5
Car 1322.65 634.3 23.3 25.0
LargeBus 1306.3 600.7 25.0 37.0
LargeBus 1314.0 583.95 23.2 37.9
Car 1202.5 598.2 13.8 11.2
Car 1165.55 596.85 15.5 12.1
Car 1086.7 635.2 19.8 16.4