Car 1193.45 595.9 30.1 31.0
LargeBus 1180.95 546.5 25.9 42.2
LargeBus 1213.7 543.85 19.0 40.5
Truck 1085.75 538.65 21.5 23.3
Car 728.35 630.45 61.1 41.3
Car 507.0 643.3 66.4 46.6
Car 179.3 645.15 58.6 32.7
Car 25.0 657.6 50 33.6
Truck 1332.05 545.55 18.1 26.7
Pedestrian 1444.9 583.5 13.0 30.2
MotorCyclist 1888.5 658.05 25 58.5
Car 1193.45 595.9 30.1 31.0
LargeBus 1180.95 546.5 25.9 42.2
LargeBus 1213.7 543.85 19.0 40.5
Truck 1085.75 538.65 21.5 23.3
Car 728.35 630.45 61.1 41.3
Car 507.0 643.3 66.4 46.6
Car 179.3 645.15 58.6 32.7
Car 25.0 657.6 50 33.6
Truck 1332.05 545.55 18.1 26.7
Pedestrian 1444.9 583.5 13.0 30.2