LargeBus 1517.75 638.65 44.7 40.5
LargeBus 1431.55 627.05 55.1 58.5
Car 1314.1 673.05 64.6 57.7
Car 1256.4 672.25 28.4 18.1
MotorCyclist 1048.75 681.65 9.5 30.1
MotorCyclist 849.4 683.45 17.2 30.1
MotorCyclist 1620.35 652.75 6.7 19.1
MotorCyclist 1650.65 636.95 6.1 16.3
MotorCyclist 1647.65 665.5 7.7 15.8
Pedestrian 1672.4 666.65 6.4 21.3
Car 2354.5 666.55 137 99.9
LargeBus 1517.75 638.65 44.7 40.5
LargeBus 1431.55 627.05 55.1 58.5
Car 1314.1 673.05 64.6 57.7
Car 1256.4 672.25 28.4 18.1
MotorCyclist 1048.75 681.65 9.5 30.1
MotorCyclist 849.4 683.45 17.2 30.1
MotorCyclist 1620.35 652.75 6.7 19.1
MotorCyclist 1650.65 636.95 6.1 16.3
MotorCyclist 1647.65 665.5 7.7 15.8
Pedestrian 1672.4 666.65 6.4 21.3