Car 802.4 643.3 61.2 46.6
van 1047.1 618.4 37.0 34.4
MotorCyclist 1124.55 622.75 9.5 15.5
Car 1190.4 631.3 62.0 53.4
LargeBus 1369.15 569.2 61.1 67.2
LargeBus 1459.1 580.0 31.0 44
MotorCyclist 1249.5 588.7 8.2 22.6
Pedestrian 1581.55 612.65 8.3 30.9
MotorCyclist 1541.15 614.35 9.9 23.1
MotorCyclist 1521.5 585.45 8.2 17.7
MotorCyclist 1540.75 569.8 7.5 16.0
Pedestrian 1570.3 593.8 7.0 13.2
MotorCyclist 155.2 675.25 44.8 68.9
Car 802.4 643.3 61.2 46.6
van 1047.1 618.4 37.0 34.4
MotorCyclist 1124.55 622.75 9.5 15.5
Car 1190.4 631.3 62.0 53.4
LargeBus 1369.15 569.2 61.1 67.2
LargeBus 1459.1 580.0 31.0 44
MotorCyclist 1249.5 588.7 8.2 22.6
Pedestrian 1581.55 612.65 8.3 30.9
MotorCyclist 1541.15 614.35 9.9 23.1
MotorCyclist 1521.5 585.45 8.2 17.7
MotorCyclist 1540.75 569.8 7.5 16.0
Pedestrian 1570.3 593.8 7.0 13.2