MotorCyclist 772.4 666.45 14.4 40.1
Car 1088.7 650.85 38.6 27.3
van 1221.25 635.7 24.9 24.2
Car 1265.45 656.95 62.1 57.5
LargeBus 1407.0 597.7 59.2 63.0
LargeBus 1503.15 609.45 33.1 39.7
MotorCyclist 1578.35 612.45 7.9 17.7
MotorCyclist 1605.5 591.5 5.8 17.0
MotorCyclist 1606.65 638.2 9.7 22.4
Pedestrian 1630.6 629.3 11.2 27.8
MotorCyclist 397.25 683.05 33.3 61.3
MotorCyclist 772.4 666.45 14.4 40.1
Car 1088.7 650.85 38.6 27.3
van 1221.25 635.7 24.9 24.2
Car 1265.45 656.95 62.1 57.5
LargeBus 1407.0 597.7 59.2 63.0
LargeBus 1503.15 609.45 33.1 39.7
MotorCyclist 1578.35 612.45 7.9 17.7
MotorCyclist 1605.5 591.5 5.8 17.0
MotorCyclist 1606.65 638.2 9.7 22.4
Pedestrian 1630.6 629.3 11.2 27.8