Car 25.3 667.25 50.6 32.1
Car 304.05 669.2 40.1 28.8
Car 545.25 632.5 65.3 45
Pedestrian 710.8 647.1 19.2 50.6
Car 873.65 627.05 46.5 29.7
Pedestrian 951.45 670.3 28.9 61.8
OtherCar 1051.9 715.7 34.6 27.0
Car 1285.25 651.7 213.3 216.2
LargeBus 1354.95 547.1 169.1 139.4
Car 1907.35 605.9 35.9 12.2
Car 1687.5 605.05 21.4 15.3
Car 1653.75 606.65 17.1 14.9
LargeBus 2024.9 587.35 121.8 54.7
Car 180.45 680.85 67.3 30.1
Car 25.3 667.25 50.6 32.1
Car 304.05 669.2 40.1 28.8
Car 545.25 632.5 65.3 45
Pedestrian 710.8 647.1 19.2 50.6
Car 873.65 627.05 46.5 29.7
Pedestrian 951.45 670.3 28.9 61.8
OtherCar 1051.9 715.7 34.6 27.0
Car 1285.25 651.7 213.3 216.2
LargeBus 1354.95 547.1 169.1 139.4
Car 1907.35 605.9 35.9 12.2
Car 1687.5 605.05 21.4 15.3
Car 1653.75 606.65 17.1 14.9
LargeBus 2024.9 587.35 121.8 54.7