Pedestrian 532.75 625.1 20.7 59.4
Car 628.6 602.75 63.2 32.7
Car 1113.25 592.45 38.9 15.7
Car 1263.35 655.6 219.9 198.4
Pedestrian 811.55 656.35 51.5 80.7
OtherCar 924.7 698.4 47.0 44.4
LargeBus 1517.3 529.45 191.0 132.1
LargeBus 2212.9 573.6 107.4 76.0
Car 149.3 622.95 115.4 78.3
Pedestrian 532.75 625.1 20.7 59.4
Car 628.6 602.75 63.2 32.7
Car 1113.25 592.45 38.9 15.7
Car 1263.35 655.6 219.9 198.4
Pedestrian 811.55 656.35 51.5 80.7
OtherCar 924.7 698.4 47.0 44.4
LargeBus 1517.3 529.45 191.0 132.1
LargeBus 2212.9 573.6 107.4 76.0