Pedestrian 1953.45 636.5 17.3 43.0
MotorCyclist 1874.65 635.6 28.5 34.4
MotorCyclist 1843.7 642.9 25.0 59.4
MotorCyclist 1802.8 621.4 12.0 23.2
LargeBus 1672.75 574.0 55.1 73.2
LargeBus 1538.75 547.25 128.3 147.3
LargeBus 1298.15 609.4 77.5 68.0
van 1251.2 655.9 56.0 54.2
Truck 1140.1 648.1 81.8 69.8
Car 1099.65 674.8 52.5 33.6
Car 575.95 695.5 38.7 37.0
MotorCyclist 2018.15 664.05 49.9 98.1
Pedestrian 1953.45 636.5 17.3 43.0
MotorCyclist 1874.65 635.6 28.5 34.4
MotorCyclist 1843.7 642.9 25.0 59.4
MotorCyclist 1802.8 621.4 12.0 23.2
LargeBus 1672.75 574.0 55.1 73.2
LargeBus 1538.75 547.25 128.3 147.3
LargeBus 1298.15 609.4 77.5 68.0
van 1251.2 655.9 56.0 54.2
Truck 1140.1 648.1 81.8 69.8
Car 1099.65 674.8 52.5 33.6
Car 575.95 695.5 38.7 37.0