MotorCyclist 2330.3 624.45 19.8 53.3
MotorCyclist 2244.1 651.55 30.2 66.3
LargeBus 2208.05 550.85 136.9 74.9
LargeBus 2111.95 549.85 72.3 35.3
Car 2100.75 577.05 49.9 24.1
LargeBus 1635.75 517.2 184.3 152.4
Car 188.25 647.3 376.5 233.4
MotorCyclist 2435.85 625.65 24.1 52.5
MotorCyclist 2330.3 624.45 19.8 53.3
MotorCyclist 2244.1 651.55 30.2 66.3
LargeBus 2208.05 550.85 136.9 74.9
LargeBus 2111.95 549.85 72.3 35.3
Car 2100.75 577.05 49.9 24.1
LargeBus 1635.75 517.2 184.3 152.4
Car 188.25 647.3 376.5 233.4