MotorCyclist 718.75 659.3 97.9 179.8
LightTruck 1025.9 592.0 32.6 22.8
LargeBus 1219.6 505.75 126.0 151.1
LargeBus 1379.7 566.8 41.4 50.0
MotorCyclist 1573.25 642.45 53.3 109.7
TricycleOpenMotor 1723.45 610.8 77.7 106.8
Car 1840.65 637.0 90.5 63.2
MotorCyclist 1651.8 606.45 25.2 43.7
MotorCyclist 212.15 637.8 18.7 41.2
MotorCyclist 718.75 659.3 97.9 179.8
LightTruck 1025.9 592.0 32.6 22.8
LargeBus 1219.6 505.75 126.0 151.1
LargeBus 1379.7 566.8 41.4 50.0
MotorCyclist 1573.25 642.45 53.3 109.7
TricycleOpenMotor 1723.45 610.8 77.7 106.8
Car 1840.65 637.0 90.5 63.2
MotorCyclist 1651.8 606.45 25.2 43.7