HeavyTruck 140.7 530.55 281.4 109.9
Car 503.0 675.35 118 80.7
HeavyTruck 164.2 544.2 293.2 90.8
van 667.65 635.85 68.1 37.7
Pedestrian 870.7 647.2 11.8 32.0
Pedestrian 902.95 647.1 9.5 29.8
Car 964.75 635.7 34.3 33.4
Car 889.6 629.0 30.8 24.4
MotorCyclist 1033.6 645.25 7.6 13.7
Car 1097.4 611.15 11.2 7.9
Car 1065.6 620.65 14.8 8.5
LargeBus 1224.3 556.8 95.4 117.2
MotorCyclist 1373.3 638.2 9.0 23.6
MotorCyclist 1375.9 629.05 13.4 22.5
MotorCyclist 1406.4 646.05 15.2 38.1
Pedestrian 1464.3 645.7 11.4 31.8
Machineshop 39.4 537.85 78.8 116.5
HeavyTruck 140.7 530.55 281.4 109.9
Car 503.0 675.35 118 80.7
HeavyTruck 164.2 544.2 293.2 90.8
van 667.65 635.85 68.1 37.7
Pedestrian 870.7 647.2 11.8 32.0
Pedestrian 902.95 647.1 9.5 29.8
Car 964.75 635.7 34.3 33.4
Car 889.6 629.0 30.8 24.4
MotorCyclist 1033.6 645.25 7.6 13.7
Car 1097.4 611.15 11.2 7.9
Car 1065.6 620.65 14.8 8.5
LargeBus 1224.3 556.8 95.4 117.2
MotorCyclist 1373.3 638.2 9.0 23.6
MotorCyclist 1375.9 629.05 13.4 22.5
MotorCyclist 1406.4 646.05 15.2 38.1
Pedestrian 1464.3 645.7 11.4 31.8