van 285.85 604.05 108.9 58.1
Car 444.8 613.8 63.2 57.6
HeavyTruck 874.65 544.55 148.9 66.7
Machineshop 802.5 552.7 93.4 63.4
LargeBus 1438.75 544.25 103.9 128.9
Car 1345.75 603.55 13.9 11.9
Car 1349.9 631.15 16.6 9.9
MotorCyclist 2369.8 764.6 126.8 342.4
Car 245.6 600.35 100.4 50.7
van 285.85 604.05 108.9 58.1
Car 444.8 613.8 63.2 57.6
HeavyTruck 874.65 544.55 148.9 66.7
Machineshop 802.5 552.7 93.4 63.4
LargeBus 1438.75 544.25 103.9 128.9
Car 1345.75 603.55 13.9 11.9
Car 1349.9 631.15 16.6 9.9
MotorCyclist 2369.8 764.6 126.8 342.4