LargeBus 1711.25 407.0 296.9 331.6
MotorCyclist 1504.4 624.95 22.0 57.9
TricycleOpenMotor 1449.8 610.45 24.4 52.1
Car 1481.8 588.95 32.4 27.9
van 1414.4 584.3 23.2 27.8
Pedestrian 1382.05 590.2 9.3 20.8
Pedestrian 1353.6 590.2 12.8 20.8
MotorCyclist 982.6 630.65 12.8 32.5
Pedestrian 913.65 629.55 9.3 25.5
Pedestrian 894.55 627.25 12.7 30.1
Pedestrian 852.45 625.4 10.5 29.2
Pedestrian 822.3 627.2 11.0 30.8
LargeBus 892.7 568.75 71.4 38.3
Car 1086.25 596.75 32.1 15.5
Car 54.9 739.05 109.8 216.1
Truck 1414.95 552.25 127.5 42.5
Truck 1368.2 554.4 122.4 40.0
Truck 1334.65 559.05 123.3 35.7
Truck 1295.6 555.75 123.2 39.1
Truck 1233.55 560.0 162.3 47.6
Pedestrian 723.25 626.6 12.9 40.4
Truck 639.65 621.4 52.5 33.6
Car 2148.45 655.1 146.1 109.0
LargeBus 1711.25 407.0 296.9 331.6
MotorCyclist 1504.4 624.95 22.0 57.9
TricycleOpenMotor 1449.8 610.45 24.4 52.1
Car 1481.8 588.95 32.4 27.9
van 1414.4 584.3 23.2 27.8
Pedestrian 1382.05 590.2 9.3 20.8
Pedestrian 1353.6 590.2 12.8 20.8
MotorCyclist 982.6 630.65 12.8 32.5
Pedestrian 913.65 629.55 9.3 25.5
Pedestrian 894.55 627.25 12.7 30.1
Pedestrian 852.45 625.4 10.5 29.2
Pedestrian 822.3 627.2 11.0 30.8
LargeBus 892.7 568.75 71.4 38.3
Car 1086.25 596.75 32.1 15.5
Car 54.9 739.05 109.8 216.1
Truck 1414.95 552.25 127.5 42.5
Truck 1368.2 554.4 122.4 40.0
Truck 1334.65 559.05 123.3 35.7
Truck 1295.6 555.75 123.2 39.1
Truck 1233.55 560.0 162.3 47.6
Pedestrian 723.25 626.6 12.9 40.4
Truck 639.65 621.4 52.5 33.6