van 2469.55 635.4 60.3 157.6
MotorCyclist 1487.6 639.95 34.8 74.3
Car 1481.2 612.1 77.6 51.0
Pedestrian 1416.25 626.15 8.1 37.1
van 1360.6 612.2 45.2 46.4
TricycleOpenMotor 1275.95 636.5 47.5 53.4
Pedestrian 1212.25 632.5 8.1 26.6
Car 884.0 636.45 47.6 20.9
Pedestrian 789.6 646.9 11.6 27.8
Pedestrian 753.55 652.75 13.9 25.5
LargeBus 646.95 601.7 83.5 53.4
Car 624.95 679.45 48.7 32.5
Car 572.8 667.9 32.4 27.8
Pedestrian 481.15 677.65 16.3 33.7
Car 1484.1 616.3 74.2 49.8
van 1358.8 612.85 46.4 42.9
Truck 1311.85 572.7 124.1 65.0
Truck 1273.6 577.35 158.8 51.1
Truck 1226.05 578.0 170.5 56.8
Truck 1204.55 579.65 220.3 55.7
Truck 1115.4 585.55 227.2 48.7
Truck 1073.65 602.95 236.5 46.3
Car 885.85 628.9 41.7 29.0
LargeBus 640.0 598.8 92.8 47.6
Car 622.05 677.15 52.1 37.1
Pedestrian 790.65 651.6 9.3 32.4
Pedestrian 754.75 651.55 16.3 27.9
Car 572.15 668.35 49.9 38.3
Pedestrian 491.0 671.25 12.8 44.1
Pedestrian 433.05 691.05 8.1 41.7
Pedestrian 414.0 687.5 11.6 39.4
Pedestrian 398.85 688.2 9.3 45.2
Pedestrian 360.05 692.15 19.7 39.5
MotorCyclist 1944.95 635.35 49.9 92.7
MotorCyclist 1488.1 644.7 40.6 74.2
Pedestrian 1249.8 623.25 14.0 31.3
Pedestrian 1409.2 626.7 12.8 38.2
TricycleOpenMotor 1288.75 624.35 35.9 61.5
Pedestrian 1246.4 616.15 11.6 26.7
Pedestrian 1273.7 622.55 5.8 39.5
Pedestrian 288.05 702.6 19.7 69.6
Car 2483.5 650.45 51 192.5
Truck 13.2 692.2 26.4 62.4
Pedestrian 227.8 703.7 16.4 60.6
MotorCyclist 1943.75 633.65 47.5 89.3
van 2469.55 635.4 60.3 157.6
MotorCyclist 1487.6 639.95 34.8 74.3
Car 1481.2 612.1 77.6 51.0
Pedestrian 1416.25 626.15 8.1 37.1
van 1360.6 612.2 45.2 46.4
TricycleOpenMotor 1275.95 636.5 47.5 53.4
Pedestrian 1212.25 632.5 8.1 26.6
Car 884.0 636.45 47.6 20.9
Pedestrian 789.6 646.9 11.6 27.8
Pedestrian 753.55 652.75 13.9 25.5
LargeBus 646.95 601.7 83.5 53.4
Car 624.95 679.45 48.7 32.5
Car 572.8 667.9 32.4 27.8
Pedestrian 481.15 677.65 16.3 33.7
Car 1484.1 616.3 74.2 49.8
van 1358.8 612.85 46.4 42.9
Truck 1311.85 572.7 124.1 65.0
Truck 1273.6 577.35 158.8 51.1
Truck 1226.05 578.0 170.5 56.8
Truck 1204.55 579.65 220.3 55.7
Truck 1115.4 585.55 227.2 48.7
Truck 1073.65 602.95 236.5 46.3
Car 885.85 628.9 41.7 29.0
LargeBus 640.0 598.8 92.8 47.6
Car 622.05 677.15 52.1 37.1
Pedestrian 790.65 651.6 9.3 32.4
Pedestrian 754.75 651.55 16.3 27.9
Car 572.15 668.35 49.9 38.3
Pedestrian 491.0 671.25 12.8 44.1
Pedestrian 433.05 691.05 8.1 41.7
Pedestrian 414.0 687.5 11.6 39.4
Pedestrian 398.85 688.2 9.3 45.2
Pedestrian 360.05 692.15 19.7 39.5
MotorCyclist 1944.95 635.35 49.9 92.7
MotorCyclist 1488.1 644.7 40.6 74.2
Pedestrian 1249.8 623.25 14.0 31.3
Pedestrian 1409.2 626.7 12.8 38.2
TricycleOpenMotor 1288.75 624.35 35.9 61.5
Pedestrian 1246.4 616.15 11.6 26.7
Pedestrian 1273.7 622.55 5.8 39.5
Pedestrian 288.05 702.6 19.7 69.6
Car 2483.5 650.45 51 192.5
Truck 13.2 692.2 26.4 62.4
Pedestrian 227.8 703.7 16.4 60.6