MotorCyclist 1409.85 630.1 55.7 96.2
TricycleOpenMotor 1163.45 625.5 45.3 63.8
Pedestrian 1620.95 616.2 13.9 59.2
Pedestrian 1492.75 623.25 26.7 63.7
Pedestrian 1677.15 608.2 15.1 56.8
Pedestrian 1652.75 607.0 12.7 54.4
Pedestrian 1708.45 604.0 17.3 58.0
van 2290.5 607.0 96.2 45.2
Car 2182.0 613.3 78.8 30.2
van 1502.0 593.65 91.6 64.9
Pedestrian 1351.9 606.4 18.6 44.0
MotorCyclist 1255.7 621.4 48.6 46.4
Car 866.65 617.95 54.5 25.5
Pedestrian 784.35 634.2 15.1 44.0
Truck 1443.75 541.7 220.3 87.0
LightTruck 1371.0 554.5 233.2 81
Truck 1319.65 559.95 292.5 91.9
Truck 1254.45 551.1 256.9 70.2
Truck 1104.3 585.15 217.4 39.5
Truck 1057.35 560.95 222.3 62.3
LargeBus 585.1 574.9 99.8 62.2
Car 222.65 666.75 105.7 87.9
LightTruck 420.75 631.15 35.5 20.7
LargeBus 573.85 616.8 120.5 31.6
LightTruck 421.65 635.5 88.9 17.8
Pedestrian 752.05 628.2 10.9 42.4
Truck 407.05 630.45 44.5 16.1
Car 38.35 662.3 76.7 70.6
Car 1762.4 608.7 148.4 85.8
MotorCyclist 1409.85 630.1 55.7 96.2
TricycleOpenMotor 1163.45 625.5 45.3 63.8
Pedestrian 1620.95 616.2 13.9 59.2
Pedestrian 1492.75 623.25 26.7 63.7
Pedestrian 1677.15 608.2 15.1 56.8
Pedestrian 1652.75 607.0 12.7 54.4
Pedestrian 1708.45 604.0 17.3 58.0
van 2290.5 607.0 96.2 45.2
Car 2182.0 613.3 78.8 30.2
van 1502.0 593.65 91.6 64.9
Pedestrian 1351.9 606.4 18.6 44.0
MotorCyclist 1255.7 621.4 48.6 46.4
Car 866.65 617.95 54.5 25.5
Pedestrian 784.35 634.2 15.1 44.0
Truck 1443.75 541.7 220.3 87.0
LightTruck 1371.0 554.5 233.2 81
Truck 1319.65 559.95 292.5 91.9
Truck 1254.45 551.1 256.9 70.2
Truck 1104.3 585.15 217.4 39.5
Truck 1057.35 560.95 222.3 62.3
LargeBus 585.1 574.9 99.8 62.2
Car 222.65 666.75 105.7 87.9
LightTruck 420.75 631.15 35.5 20.7
LargeBus 573.85 616.8 120.5 31.6
LightTruck 421.65 635.5 88.9 17.8
Pedestrian 752.05 628.2 10.9 42.4
Truck 407.05 630.45 44.5 16.1
Car 38.35 662.3 76.7 70.6