LargeBus 1762.25 521.7 204.1 199.4
MotorCyclist 1644.6 611.05 24.4 53.3
MotorCyclist 1467.9 638.9 27.8 62.6
Car 1434.85 611.05 54.5 30.1
van 1362.95 598.9 35.9 38.2
Truck 1347.3 562.85 153.0 54.5
Truck 1307.8 569.25 162.4 44.1
Truck 1279.45 568.1 179.7 41.8
Truck 1234.2 573.25 172.8 42.9
MotorCyclist 1079.35 623.8 25.5 23.2
Truck 1152.4 579.75 171.6 37.1
Truck 1127.55 590.7 186.7 40.6
Car 975.6 618.6 36.0 22.0
Pedestrian 850.45 637.15 8.1 26.7
Pedestrian 829.65 626.15 8.1 37.1
Pedestrian 804.6 620.9 14.0 40.6
MotorCyclist 755.9 651.0 27.8 45.2
MotorCyclist 448.65 675.95 44.1 81.1
Pedestrian 695.65 656.25 18.5 41.7
MotorCyclist 672.45 655.6 18.5 36.0
Pedestrian 637.7 650.45 18.6 30.1
Pedestrian 603.45 658.6 10.5 46.4
Pedestrian 310.7 671.3 27.8 53.4
Truck 301.85 655.9 116.5 46.6
LargeBus 745.15 588.85 86.7 45.7
Car 935.75 609.15 17.9 25.1
Pedestrian 647.55 658.15 7.9 33.1
Pedestrian 114.7 662.75 19.0 54.3
LargeBus 2010.4 351.9 366.4 703.8
LargeBus 1762.25 521.7 204.1 199.4
MotorCyclist 1644.6 611.05 24.4 53.3
MotorCyclist 1467.9 638.9 27.8 62.6
Car 1434.85 611.05 54.5 30.1
van 1362.95 598.9 35.9 38.2
Truck 1347.3 562.85 153.0 54.5
Truck 1307.8 569.25 162.4 44.1
Truck 1279.45 568.1 179.7 41.8
Truck 1234.2 573.25 172.8 42.9
MotorCyclist 1079.35 623.8 25.5 23.2
Truck 1152.4 579.75 171.6 37.1
Truck 1127.55 590.7 186.7 40.6
Car 975.6 618.6 36.0 22.0
Pedestrian 850.45 637.15 8.1 26.7
Pedestrian 829.65 626.15 8.1 37.1
Pedestrian 804.6 620.9 14.0 40.6
MotorCyclist 755.9 651.0 27.8 45.2
MotorCyclist 448.65 675.95 44.1 81.1
Pedestrian 695.65 656.25 18.5 41.7
MotorCyclist 672.45 655.6 18.5 36.0
Pedestrian 637.7 650.45 18.6 30.1
Pedestrian 603.45 658.6 10.5 46.4
Pedestrian 310.7 671.3 27.8 53.4
Truck 301.85 655.9 116.5 46.6
LargeBus 745.15 588.85 86.7 45.7
Car 935.75 609.15 17.9 25.1
Pedestrian 647.55 658.15 7.9 33.1
Pedestrian 114.7 662.75 19.0 54.3