Pedestrian 1947.9 635.3 27.8 97.4
Pedestrian 2028.4 635.35 22.0 92.7
Pedestrian 2089.2 628.45 23.2 97.3
Pedestrian 1714.25 645.25 42.9 98.5
van 1775.95 607.4 117.1 102.8
Pedestrian 1620.95 644.5 29.9 57.4
MotorCyclist 1493.0 640.1 79.2 62.6
MotorCyclist 1375.85 641.65 51.7 111.3
Pedestrian 1567.3 634.15 19.0 45.9
Truck 1593.9 515.75 223.0 72.3
Truck 1537.25 535.25 277.7 92.1
Truck 1443.1 531.25 283.4 84.1
Truck 1381.6 536.85 303.2 92.1
Truck 1183.6 587.6 208.8 57.2
Truck 1132.1 557.9 216.6 73.8
Car 925.3 623.7 69.8 31.0
Pedestrian 850.35 630.4 15.1 50.8
Pedestrian 825.75 625.75 13.5 53.9
Pedestrian 802.35 625.0 7.9 49.2
Pedestrian 785.3 649.5 24.6 28.6
LargeBus 624.55 559.9 112.7 74.6
LargeBus 624.15 599.2 210.3 45.2
LightTruck 468.65 626.5 42.1 23.8
Truck 440.4 627.7 49.2 16.6
Car 377.75 620.5 60.3 24.6
Truck 353.6 591.65 100.8 26.9
BiCyclist 262.35 647.7 49.1 58.6
MotorCyclist 107.85 650.6 46.5 50.8
MotorCyclist 164.2 630.05 21.6 47.3
Car 15.1 645.55 30.2 78.3
Car 2210.5 636.45 233 146.1
Pedestrian 1947.9 635.3 27.8 97.4
Pedestrian 2028.4 635.35 22.0 92.7
Pedestrian 2089.2 628.45 23.2 97.3
Pedestrian 1714.25 645.25 42.9 98.5
van 1775.95 607.4 117.1 102.8
Pedestrian 1620.95 644.5 29.9 57.4
MotorCyclist 1493.0 640.1 79.2 62.6
MotorCyclist 1375.85 641.65 51.7 111.3
Pedestrian 1567.3 634.15 19.0 45.9
Truck 1593.9 515.75 223.0 72.3
Truck 1537.25 535.25 277.7 92.1
Truck 1443.1 531.25 283.4 84.1
Truck 1381.6 536.85 303.2 92.1
Truck 1183.6 587.6 208.8 57.2
Truck 1132.1 557.9 216.6 73.8
Car 925.3 623.7 69.8 31.0
Pedestrian 850.35 630.4 15.1 50.8
Pedestrian 825.75 625.75 13.5 53.9
Pedestrian 802.35 625.0 7.9 49.2
Pedestrian 785.3 649.5 24.6 28.6
LargeBus 624.55 559.9 112.7 74.6
LargeBus 624.15 599.2 210.3 45.2
LightTruck 468.65 626.5 42.1 23.8
Truck 440.4 627.7 49.2 16.6
Car 377.75 620.5 60.3 24.6
Truck 353.6 591.65 100.8 26.9
BiCyclist 262.35 647.7 49.1 58.6
MotorCyclist 107.85 650.6 46.5 50.8
MotorCyclist 164.2 630.05 21.6 47.3
Car 15.1 645.55 30.2 78.3