MotorCyclist 920.0 630.8 12.8 23.2
MotorCyclist 971.55 633.05 13.9 32.5
Car 1036.5 610.95 27.8 16.3
LargeBus 1453.85 469.65 236.5 271.3
Car 649.25 676.45 125.3 77.7
Car 96.2 698.05 127.6 64.9
MotorCyclist 2227.8 695.1 91.6 151.8
Car 1830.15 648.85 84.7 72.9
MotorCyclist 795.95 639.35 15.1 26.7
Car 1336.4 602.3 16.4 23.8
HeavyTruck 1314.25 573.3 82.9 39.0
Truck 1292.75 574.8 91.5 40.4
Truck 1249.8 571.35 92.0 40.3
Truck 1231.7 574.5 107.8 38.2
Truck 1149.75 578.4 85.5 28.8
Truck 1138.95 588.6 116.3 24.0
LargeBus 847.3 588.6 64.6 33.6
LargeBus 950.1 598.1 46.6 35.4
Pedestrian 844.3 636.45 7.0 23.3
Pedestrian 885.85 649.3 9.3 27.8
MotorCyclist 920.0 630.8 12.8 23.2
MotorCyclist 971.55 633.05 13.9 32.5
Car 1036.5 610.95 27.8 16.3
LargeBus 1453.85 469.65 236.5 271.3
Car 649.25 676.45 125.3 77.7
Car 96.2 698.05 127.6 64.9
MotorCyclist 2227.8 695.1 91.6 151.8
Car 1830.15 648.85 84.7 72.9
MotorCyclist 795.95 639.35 15.1 26.7
Car 1336.4 602.3 16.4 23.8
HeavyTruck 1314.25 573.3 82.9 39.0
Truck 1292.75 574.8 91.5 40.4
Truck 1249.8 571.35 92.0 40.3
Truck 1231.7 574.5 107.8 38.2
Truck 1149.75 578.4 85.5 28.8
Truck 1138.95 588.6 116.3 24.0
LargeBus 847.3 588.6 64.6 33.6
LargeBus 950.1 598.1 46.6 35.4
Pedestrian 844.3 636.45 7.0 23.3