HeavyTruck 2264.05 472.45 197.3 193.7
HeavyTruck 2109.0 484.4 242 173.2
Pedestrian 2325.5 632.65 41.4 114.5
Pedestrian 2173.6 632.2 40.4 113.6
Truck 1757.6 559.0 169.6 101.6
Truck 1655.85 528.35 186.9 116.3
MotorCyclist 1804.45 654.9 84.5 176.6
Pedestrian 1447.9 653.4 63.8 152.8
Car 1411.7 627.5 115.4 59.4
Pedestrian 1431.2 646.4 33.6 135.2
Pedestrian 1409.15 704.1 37.9 99.0
Car 1363.9 590.2 73.4 69.2
Truck 1279.1 580.2 109.0 72.0
LargeBus 958.0 518.55 154.4 115.1
Truck 804.1 621.75 97.8 35.1
Truck 759.65 622.75 72.5 33.5
Truck 737.7 619.4 70.2 33.2
Car 698.0 621.05 57.6 31.7
HeavyTruck 680.6 579.2 80.0 51.6
HeavyTruck 655.55 581.35 79.1 45.5
Pedestrian 731.35 626.35 10.7 36.7
Pedestrian 699.9 625.8 13.4 35.6
Pedestrian 661.45 626.85 10.9 23.7
Pedestrian 634.25 626.1 9.7 23.4
Pedestrian 599.0 622.2 10 26.0
Truck 530.25 596.8 37.7 36.8
Car 497.85 622.5 15.3 13.4
Car 498.65 591.65 18.1 26.5
Car 458.55 614.5 20.3 13.4
LargeBus 201.3 591.35 33.0 36.7
Car 154.65 634.6 60.1 56.4
Car 95.1 604.35 24.6 25.9
MotorCyclist 110.1 619.3 14.6 31.0
HeavyTruck 8.35 565.8 16.7 66.0
BiCyclist 36.3 601.25 72.6 294.5
HeavyTruck 2425.45 463.7 89.7 211.0
HeavyTruck 2264.05 472.45 197.3 193.7
HeavyTruck 2109.0 484.4 242 173.2
Pedestrian 2325.5 632.65 41.4 114.5
Pedestrian 2173.6 632.2 40.4 113.6
Truck 1757.6 559.0 169.6 101.6
Truck 1655.85 528.35 186.9 116.3
MotorCyclist 1804.45 654.9 84.5 176.6
Pedestrian 1447.9 653.4 63.8 152.8
Car 1411.7 627.5 115.4 59.4
Pedestrian 1431.2 646.4 33.6 135.2
Pedestrian 1409.15 704.1 37.9 99.0
Car 1363.9 590.2 73.4 69.2
Truck 1279.1 580.2 109.0 72.0
LargeBus 958.0 518.55 154.4 115.1
Truck 804.1 621.75 97.8 35.1
Truck 759.65 622.75 72.5 33.5
Truck 737.7 619.4 70.2 33.2
Car 698.0 621.05 57.6 31.7
HeavyTruck 680.6 579.2 80.0 51.6
HeavyTruck 655.55 581.35 79.1 45.5
Pedestrian 731.35 626.35 10.7 36.7
Pedestrian 699.9 625.8 13.4 35.6
Pedestrian 661.45 626.85 10.9 23.7
Pedestrian 634.25 626.1 9.7 23.4
Pedestrian 599.0 622.2 10 26.0
Truck 530.25 596.8 37.7 36.8
Car 497.85 622.5 15.3 13.4
Car 498.65 591.65 18.1 26.5
Car 458.55 614.5 20.3 13.4
LargeBus 201.3 591.35 33.0 36.7
Car 154.65 634.6 60.1 56.4
Car 95.1 604.35 24.6 25.9
MotorCyclist 110.1 619.3 14.6 31.0
HeavyTruck 8.35 565.8 16.7 66.0
BiCyclist 36.3 601.25 72.6 294.5