Pedestrian 2269.65 698.65 90.1 202.5
Motorcycle 2165.8 697.45 49.2 56.1
van 2181.25 622.7 70.1 68.2
van 2243.05 488.7 211.3 123.0
van 2140.65 614.55 59.3 39.1
BiCyclist 2064.0 649.8 29.6 82.0
TricycleOpenHuman 1988.9 696.45 114.2 59.3
Pedestrian 1900.6 661.45 36.0 80.1
MotorCyclist 1701.05 659.9 108.5 87.0
MotorCyclist 1659.1 641.65 82.6 83.3
Pedestrian 1595.05 628.65 27.7 62.5
Pedestrian 1523.15 635.3 22.7 60.6
MotorCyclist 1394.1 657.4 65.0 130.0
TricycleOpenMotor 1319.8 634.45 62.4 81.3
HeavyTruck 1823.1 529.95 188.6 137.5
HeavyTruck 1702.65 536.9 194.9 118.6
LargeBus 1604.5 538.5 200.6 114.2
HeavyTruck 1497.6 543.3 168.4 111.0
Car 1282.5 589.6 106.6 62.4
Truck 1224.2 565.7 123.6 75.0
Car 1056.75 628.7 76.3 39.8
Pedestrian 971.5 639.85 25.8 69.7
Pedestrian 966.85 630.05 18.5 69.7
Pedestrian 945.4 641.25 22.4 62.9
Pedestrian 922.55 662.65 21.5 47.3
LargeBus 716.75 550.95 122.3 84.7
Truck 571.15 625.45 69.5 29.7
Truck 535.8 625.8 51.2 24.4
Pedestrian 479.6 627.75 8.4 21.5
Pedestrian 500.1 626.75 9.0 21.5
Truck 510.0 624.7 44.4 24.6
LightTruck 490.55 622.2 53.9 23.6
Car 464.45 616.05 52.9 30.1
LightTruck 643.85 594.85 25.7 42.1
HeavyTruck 430.2 587.6 51.2 41.2
HeavyTruck 410.4 590.15 56.4 36.7
Pedestrian 268.95 622.9 8.7 15.8
Pedestrian 225.55 610.9 8.7 23.8
HeavyTruck 385.25 592.35 52.5 33.5
Pedestrian 401.3 628.8 7.0 18.0
Pedestrian 372.45 626.2 9.7 22.4
Truck 244.75 600.9 23.1 25.0
Truck 294.15 601.9 27.1 29.8
BiCyclist 294.6 640.0 65.2 82.0
MotorCyclist 187.5 650.8 55.8 63.6
Car 74.7 624.05 37.8 30.1
LargeBus 18.8 593.85 37.6 29.7
Car 2.1 630.75 4.2 16.7
MotorCyclist 32.05 648.95 26.1 55.9
van 2315.05 622.4 163.3 176.0
Pedestrian 2269.65 698.65 90.1 202.5
Motorcycle 2165.8 697.45 49.2 56.1
van 2181.25 622.7 70.1 68.2
van 2243.05 488.7 211.3 123.0
van 2140.65 614.55 59.3 39.1
BiCyclist 2064.0 649.8 29.6 82.0
TricycleOpenHuman 1988.9 696.45 114.2 59.3
Pedestrian 1900.6 661.45 36.0 80.1
MotorCyclist 1701.05 659.9 108.5 87.0
MotorCyclist 1659.1 641.65 82.6 83.3
Pedestrian 1595.05 628.65 27.7 62.5
Pedestrian 1523.15 635.3 22.7 60.6
MotorCyclist 1394.1 657.4 65.0 130.0
TricycleOpenMotor 1319.8 634.45 62.4 81.3
HeavyTruck 1823.1 529.95 188.6 137.5
HeavyTruck 1702.65 536.9 194.9 118.6
LargeBus 1604.5 538.5 200.6 114.2
HeavyTruck 1497.6 543.3 168.4 111.0
Car 1282.5 589.6 106.6 62.4
Truck 1224.2 565.7 123.6 75.0
Car 1056.75 628.7 76.3 39.8
Pedestrian 971.5 639.85 25.8 69.7
Pedestrian 966.85 630.05 18.5 69.7
Pedestrian 945.4 641.25 22.4 62.9
Pedestrian 922.55 662.65 21.5 47.3
LargeBus 716.75 550.95 122.3 84.7
Truck 571.15 625.45 69.5 29.7
Truck 535.8 625.8 51.2 24.4
Pedestrian 479.6 627.75 8.4 21.5
Pedestrian 500.1 626.75 9.0 21.5
Truck 510.0 624.7 44.4 24.6
LightTruck 490.55 622.2 53.9 23.6
Car 464.45 616.05 52.9 30.1
LightTruck 643.85 594.85 25.7 42.1
HeavyTruck 430.2 587.6 51.2 41.2
HeavyTruck 410.4 590.15 56.4 36.7
Pedestrian 268.95 622.9 8.7 15.8
Pedestrian 225.55 610.9 8.7 23.8
HeavyTruck 385.25 592.35 52.5 33.5
Pedestrian 401.3 628.8 7.0 18.0
Pedestrian 372.45 626.2 9.7 22.4
Truck 244.75 600.9 23.1 25.0
Truck 294.15 601.9 27.1 29.8
BiCyclist 294.6 640.0 65.2 82.0
MotorCyclist 187.5 650.8 55.8 63.6
Car 74.7 624.05 37.8 30.1
LargeBus 18.8 593.85 37.6 29.7
Car 2.1 630.75 4.2 16.7
MotorCyclist 32.05 648.95 26.1 55.9