Pedestrian 2182.2 723.4 130.0 275.6
Pedestrian 2114.95 685.2 116.3 264.4
Pedestrian 2185.1 835.8 81.0 207.6
Truck 2181.4 529.15 252.4 173.1
Truck 2026.7 526.6 267.0 150.8
MotorCyclist 2040.45 688.55 118.9 195.5
Car 1713.65 655.05 154.1 80.1
HeavyTruck 1651.85 539.1 142.1 128.6
Truck 1515.65 594.85 124.5 83.7
TricycleOpenMotor 1410.6 639.9 76.0 94.2
LargeBus 1136.35 515.3 187.1 139.8
Truck 965.9 637.85 92.6 39.7
Truck 904.05 635.3 70.1 36.6
Car 869.15 626.1 75.9 39.8
Pedestrian 890.95 637.8 13.1 38.0
Pedestrian 858.3 641.55 12.6 41.5
Pedestrian 827.4 643.05 14.0 28.5
MotorCyclist 791.2 639.0 14.0 31.2
Pedestrian 753.05 635.1 11.7 36.2
Pedestrian 655.85 633.35 10.9 27.1
HeavyTruck 842.5 590.15 89.4 58.3
HeavyTruck 812.6 591.35 76.8 51.5
Truck 689.8 608.45 38.8 42.5
Car 629.8 625.7 17.2 15.4
Truck 666.7 599.9 15.8 27.8
LargeBus 338.7 595.35 19.4 25.1
MotorCyclist 432.15 624.05 9.1 14.1
Car 281.45 609.15 7.3 8.3
Car 176.1 603.9 10.6 12.2
van 220.95 613.35 29.9 33.9
Truck 56.0 563.7 52 68.2
Car 43.8 653.35 87.6 93.1
Pedestrian 2455.15 762.7 69.9 340.2
Pedestrian 2182.2 723.4 130.0 275.6
Pedestrian 2114.95 685.2 116.3 264.4
Pedestrian 2185.1 835.8 81.0 207.6
Truck 2181.4 529.15 252.4 173.1
Truck 2026.7 526.6 267.0 150.8
MotorCyclist 2040.45 688.55 118.9 195.5
Car 1713.65 655.05 154.1 80.1
HeavyTruck 1651.85 539.1 142.1 128.6
Truck 1515.65 594.85 124.5 83.7
TricycleOpenMotor 1410.6 639.9 76.0 94.2
LargeBus 1136.35 515.3 187.1 139.8
Truck 965.9 637.85 92.6 39.7
Truck 904.05 635.3 70.1 36.6
Car 869.15 626.1 75.9 39.8
Pedestrian 890.95 637.8 13.1 38.0
Pedestrian 858.3 641.55 12.6 41.5
Pedestrian 827.4 643.05 14.0 28.5
MotorCyclist 791.2 639.0 14.0 31.2
Pedestrian 753.05 635.1 11.7 36.2
Pedestrian 655.85 633.35 10.9 27.1
HeavyTruck 842.5 590.15 89.4 58.3
HeavyTruck 812.6 591.35 76.8 51.5
Truck 689.8 608.45 38.8 42.5
Car 629.8 625.7 17.2 15.4
Truck 666.7 599.9 15.8 27.8
LargeBus 338.7 595.35 19.4 25.1
MotorCyclist 432.15 624.05 9.1 14.1
Car 281.45 609.15 7.3 8.3
Car 176.1 603.9 10.6 12.2
van 220.95 613.35 29.9 33.9
Truck 56.0 563.7 52 68.2
Car 43.8 653.35 87.6 93.1