HeavyTruck 2053.45 550.55 124.9 110.7
MotorCyclist 2079.5 672.3 54.6 95.8
Truck 2006.25 560.65 117.3 89.3
Truck 1952.05 579.85 96.9 78.1
Truck 1883.45 589.45 91.3 70.1
Truck 1791.5 605.05 90.2 61.3
Truck 1732.65 609.65 66.9 51.3
Car 1687.0 616.65 39.6 34.9
LightTruck 1525.8 636.0 45.6 30.0
LightTruck 1615.85 625.25 56.1 31.3
Car 1293.35 640.1 9.1 13.8
Car 1310.2 632.7 8.8 6.6
MotorCyclist 1312.1 654.9 5.0 8.2
Car 1177.1 634.25 11.0 8.5
Truck 1150.6 625.6 14.8 17.6
van 1213.85 627.65 18.9 20.5
TricycleOpenMotor 1039.15 657.3 12.7 12.2
MotorCyclist 1017.55 658.95 12.7 15.5
MotorCyclist 895.9 667.45 12.2 26.9
MotorCyclist 709.75 667.85 17.5 37.7
EngineTruck 163.55 377.35 327.1 392.7
van 598.45 658.65 69.3 70.1
HeavyTruck 2359.6 521.05 133.6 170.5
HeavyTruck 2053.45 550.55 124.9 110.7
MotorCyclist 2079.5 672.3 54.6 95.8
Truck 2006.25 560.65 117.3 89.3
Truck 1952.05 579.85 96.9 78.1
Truck 1883.45 589.45 91.3 70.1
Truck 1791.5 605.05 90.2 61.3
Truck 1732.65 609.65 66.9 51.3
Car 1687.0 616.65 39.6 34.9
LightTruck 1525.8 636.0 45.6 30.0
LightTruck 1615.85 625.25 56.1 31.3
Car 1293.35 640.1 9.1 13.8
Car 1310.2 632.7 8.8 6.6
MotorCyclist 1312.1 654.9 5.0 8.2
Car 1177.1 634.25 11.0 8.5
Truck 1150.6 625.6 14.8 17.6
van 1213.85 627.65 18.9 20.5
TricycleOpenMotor 1039.15 657.3 12.7 12.2
MotorCyclist 1017.55 658.95 12.7 15.5
MotorCyclist 895.9 667.45 12.2 26.9
MotorCyclist 709.75 667.85 17.5 37.7
EngineTruck 163.55 377.35 327.1 392.7
van 598.45 658.65 69.3 70.1