Truck 2340.25 528.35 146.5 205.9
Truck 2302.75 577.45 171.5 124.9
HeavyTruck 1986.55 587.4 101.1 97.6
MotorCyclist 1904.65 669.5 52.1 86.6
HeavyTruck 1792.15 579.15 65.5 74.3
MotorCyclist 1591.75 654.85 27.5 57.3
MotorCyclist 1514.95 659.55 16.3 33.9
LightTruck 1494.45 634.5 26.5 17.8
MotorCyclist 1273.8 640.3 7.2 17.8
Pedestrian 1288.2 646.5 9.2 13
Truck 1257.2 622.55 10.4 13.5
LargeBus 1193.7 628.2 19.0 24.8
Truck 1154.35 628.2 12.7 14.0
Car 1178.35 634.25 6.3 8.1
EngineTruck 946.1 583.9 78.6 79.0
LightTruck 462.8 606.15 178.4 153.5
MotorCyclist 2541.7 835.35 12.2 189.5
Truck 2340.25 528.35 146.5 205.9
Truck 2302.75 577.45 171.5 124.9
HeavyTruck 1986.55 587.4 101.1 97.6
MotorCyclist 1904.65 669.5 52.1 86.6
HeavyTruck 1792.15 579.15 65.5 74.3
MotorCyclist 1591.75 654.85 27.5 57.3
MotorCyclist 1514.95 659.55 16.3 33.9
LightTruck 1494.45 634.5 26.5 17.8
MotorCyclist 1273.8 640.3 7.2 17.8
Pedestrian 1288.2 646.5 9.2 13
Truck 1257.2 622.55 10.4 13.5
LargeBus 1193.7 628.2 19.0 24.8
Truck 1154.35 628.2 12.7 14.0
Car 1178.35 634.25 6.3 8.1
EngineTruck 946.1 583.9 78.6 79.0
LightTruck 462.8 606.15 178.4 153.5