Truck 31.25 615.4 62.5 88.0
Truck 82.65 604.05 165.3 88.9
MotorCyclist 393.8 679.15 35.6 73.1
Truck 351.3 629.2 49.4 48.4
MotorCyclist 900.8 646.0 12.4 29.6
TricycleOpenMotor 952.3 636.65 21.0 27.3
MotorCyclist 916.5 646.45 9.4 9.3
MotorCyclist 1042.6 632.5 6.8 8.6
Truck 1116.95 612.85 19.1 23.3
Car 1136.15 621.45 12.3 10.5
Truck 1167.0 598.25 17.2 22.5
LargeBus 1210.3 604.8 19.8 23.6
Truck 1270.6 602.8 11.6 12.0
Car 1314.45 616.2 9.3 12.0
Pedestrian 1312.45 629.2 9.7 16.8
Car 1292.45 626.15 10.5 13.9
LightTruck 1643.85 605.2 59.7 36.0
LightTruck 1665.85 617.65 70.1 48.1
LightTruck 1795.35 615.9 99.1 53.0
LightTruck 1842.55 600.0 69.1 38.0
Truck 2000.85 589.65 81.3 59.3
Truck 2049.3 591.65 97.4 70.1
Truck 2099.85 591.9 95.3 77.8
Truck 2216.15 512.5 161.5 149.4
Truck 2479.6 548.9 53.6 135.4
Truck 14.9 634.2 29.8 90.0
Truck 31.25 615.4 62.5 88.0
Truck 82.65 604.05 165.3 88.9
MotorCyclist 393.8 679.15 35.6 73.1
Truck 351.3 629.2 49.4 48.4
MotorCyclist 900.8 646.0 12.4 29.6
TricycleOpenMotor 952.3 636.65 21.0 27.3
MotorCyclist 916.5 646.45 9.4 9.3
MotorCyclist 1042.6 632.5 6.8 8.6
Truck 1116.95 612.85 19.1 23.3
Car 1136.15 621.45 12.3 10.5
Truck 1167.0 598.25 17.2 22.5
LargeBus 1210.3 604.8 19.8 23.6
Truck 1270.6 602.8 11.6 12.0
Car 1314.45 616.2 9.3 12.0
Pedestrian 1312.45 629.2 9.7 16.8
Car 1292.45 626.15 10.5 13.9
LightTruck 1643.85 605.2 59.7 36.0
LightTruck 1665.85 617.65 70.1 48.1
LightTruck 1795.35 615.9 99.1 53.0
LightTruck 1842.55 600.0 69.1 38.0
Truck 2000.85 589.65 81.3 59.3
Truck 2049.3 591.65 97.4 70.1
Truck 2099.85 591.9 95.3 77.8
Truck 2216.15 512.5 161.5 149.4
Truck 2479.6 548.9 53.6 135.4