LightTruck 2429.2 592.0 87.2 93.2
LightTruck 2372.65 582.5 124.9 74.6
LightTruck 2298.45 580.85 134.5 76.5
LightTruck 2232.9 583.55 128.2 81.5
LightTruck 2151.15 583.1 101.9 72.6
Machineshop 2131.05 537.05 66.9 114.1
Truck 1807.3 604.4 83.8 58.8
Machineshop 1998.9 596.4 41.8 46.8
MotorCyclist 1545.55 651.05 15.9 38.5
MotorCyclist 1515.4 644.0 18.0 50.8
Pedestrian 1350.4 631.4 9.2 19.6
MotorCyclist 1312.8 621.75 7.2 11.9
Car 1344.15 624.65 10.7 8.9
MotorCyclist 1295.15 631.0 8.7 13.6
Truck 1269.1 604.7 14.2 15.0
LargeBus 1233.45 601.05 19.3 24.1
Car 1208.6 620.5 10.4 7.4
Car 1189.45 620.7 7.3 6.2
MotorCyclist 1181.15 618.2 5.5 10.0
HeavyTruck 1122.9 594.9 25.0 27.0
Truck 1026.6 607.25 37.2 43.7
MotorCyclist 909.95 633.65 12.7 23.3
Truck 646.15 575.2 81.5 48.0
Truck 701.9 582.7 71.4 52.2
HeavyTruck 765.25 587.2 52.9 36.4
Truck 804.25 583.9 54.9 19.8
Truck 828.5 582.55 43.0 18.3
Car 648.85 652.0 74.1 26.4
MotorCyclist 635.3 659.95 22.2 38.3
TricycleOpenMotor 505.9 663.6 49.4 54.0
LightTruck 2496.1 594.05 42.6 94.1
LightTruck 2429.2 592.0 87.2 93.2
LightTruck 2372.65 582.5 124.9 74.6
LightTruck 2298.45 580.85 134.5 76.5
LightTruck 2232.9 583.55 128.2 81.5
LightTruck 2151.15 583.1 101.9 72.6
Machineshop 2131.05 537.05 66.9 114.1
Truck 1807.3 604.4 83.8 58.8
Machineshop 1998.9 596.4 41.8 46.8
MotorCyclist 1545.55 651.05 15.9 38.5
MotorCyclist 1515.4 644.0 18.0 50.8
Pedestrian 1350.4 631.4 9.2 19.6
MotorCyclist 1312.8 621.75 7.2 11.9
Car 1344.15 624.65 10.7 8.9
MotorCyclist 1295.15 631.0 8.7 13.6
Truck 1269.1 604.7 14.2 15.0
LargeBus 1233.45 601.05 19.3 24.1
Car 1208.6 620.5 10.4 7.4
Car 1189.45 620.7 7.3 6.2
MotorCyclist 1181.15 618.2 5.5 10.0
HeavyTruck 1122.9 594.9 25.0 27.0
Truck 1026.6 607.25 37.2 43.7
MotorCyclist 909.95 633.65 12.7 23.3
Truck 646.15 575.2 81.5 48.0
Truck 701.9 582.7 71.4 52.2
HeavyTruck 765.25 587.2 52.9 36.4
Truck 804.25 583.9 54.9 19.8
Truck 828.5 582.55 43.0 18.3
Car 648.85 652.0 74.1 26.4
MotorCyclist 635.3 659.95 22.2 38.3
TricycleOpenMotor 505.9 663.6 49.4 54.0