Truck 2012.95 577.5 94.7 87
Pedestrian 1635.7 646.35 19.0 66.3
Pedestrian 1599.45 649.85 29.3 69.7
Pedestrian 1302.45 626.55 13.7 26.7
MotorCyclist 1264.45 614.45 6.9 12.9
MotorCyclist 1249.85 621.8 12.1 17.2
LargeBus 1181.8 587.45 27.6 24.1
MotorCyclist 1114.65 612.4 6.9 12.0
HeavyTruck 1050.55 584.35 26.7 31.9
Truck 883.8 592.5 55.2 58.6
Truck 539.3 553.75 217.0 60.3
MotorCyclist 747.25 631.25 12.9 29.3
Car 432.1 644.3 109.4 31.0
MotorCyclist 235.8 670.95 33.6 60.3
HeavyTruck 2344.15 500.0 143.9 135.2
Truck 2012.95 577.5 94.7 87
Pedestrian 1635.7 646.35 19.0 66.3
Pedestrian 1599.45 649.85 29.3 69.7
Pedestrian 1302.45 626.55 13.7 26.7
MotorCyclist 1264.45 614.45 6.9 12.9
MotorCyclist 1249.85 621.8 12.1 17.2
LargeBus 1181.8 587.45 27.6 24.1
MotorCyclist 1114.65 612.4 6.9 12.0
HeavyTruck 1050.55 584.35 26.7 31.9
Truck 883.8 592.5 55.2 58.6
Truck 539.3 553.75 217.0 60.3
MotorCyclist 747.25 631.25 12.9 29.3
Car 432.1 644.3 109.4 31.0
MotorCyclist 235.8 670.95 33.6 60.3