BiCyclist 1587.95 656.75 26.7 66.3
MotorCyclist 1420.35 664.85 25.9 68.9
MotorCyclist 1465.2 662.8 12.0 23.2
van 1344.95 630.5 54.3 31.0
HeavyTruck 1221.95 623.05 66.3 40.5
Car 1190.05 658.5 30.1 14.6
MotorCyclist 1006.15 661.85 10.3 18.1
MotorCyclist 646.55 676.9 31.9 48.2
Pedestrian 677.1 677.35 13.8 31.9
MotorCyclist 281.8 696.7 32.8 63.8
EngineTruck 21.6 570.1 43.2 148.2
MotorCyclist 1685.65 685.15 56.9 123.1
BiCyclist 1587.95 656.75 26.7 66.3
MotorCyclist 1420.35 664.85 25.9 68.9
MotorCyclist 1465.2 662.8 12.0 23.2
van 1344.95 630.5 54.3 31.0
HeavyTruck 1221.95 623.05 66.3 40.5
Car 1190.05 658.5 30.1 14.6
MotorCyclist 1006.15 661.85 10.3 18.1
MotorCyclist 646.55 676.9 31.9 48.2
Pedestrian 677.1 677.35 13.8 31.9
MotorCyclist 281.8 696.7 32.8 63.8
EngineTruck 21.6 570.1 43.2 148.2