TricycleOpenMotor 2129.65 582.15 124.9 65.5
Pedestrian 2033.65 670.0 36.1 134.4
Pedestrian 1988.85 662.3 53.3 149.8
Pedestrian 1274.0 619.3 12 25.8
MotorCyclist 1230.9 619.25 8.6 18.9
LargeBus 1170.25 592.15 24.9 26.7
HeavyTruck 975.15 579.55 37.9 43.1
MotorCyclist 905.65 611.75 8.9 14.3
MotorCyclist 875.15 621.3 7.1 16.6
Car 738.25 636.2 49.3 29.6
Truck 592.25 572.05 122.9 100.9
HeavyTruck 310.55 543.15 108.7 71.9
HeavyTruck 351.15 554.95 121.5 69.9
MotorCyclist 499.75 649.45 19.1 40.1
Car 208.25 651.9 112.9 43.8
Machineshop 2512.0 545.6 32 157.6
TricycleOpenMotor 2129.65 582.15 124.9 65.5
Pedestrian 2033.65 670.0 36.1 134.4
Pedestrian 1988.85 662.3 53.3 149.8
Pedestrian 1274.0 619.3 12 25.8
MotorCyclist 1230.9 619.25 8.6 18.9
LargeBus 1170.25 592.15 24.9 26.7
HeavyTruck 975.15 579.55 37.9 43.1
MotorCyclist 905.65 611.75 8.9 14.3
MotorCyclist 875.15 621.3 7.1 16.6
Car 738.25 636.2 49.3 29.6
Truck 592.25 572.05 122.9 100.9
HeavyTruck 310.55 543.15 108.7 71.9
HeavyTruck 351.15 554.95 121.5 69.9
MotorCyclist 499.75 649.45 19.1 40.1
Car 208.25 651.9 112.9 43.8