EngineTruck 1144.8 603.8 129.2 56.8
Car 1351.05 658.85 35.3 18.9
Car 1463.0 654.15 28.4 16.3
HeavyTruck 959.7 605.5 93.0 53.4
HeavyTruck 856.7 602.85 87.0 51.7
HeavyTruck 772.8 592.5 84.4 41.4
Car 753.7 656.2 98.2 27.6
Truck 562.15 597.65 145.5 62.1
Truck 532.0 600.35 123.2 60.3
Truck 475.65 591.65 130.9 74.1
Truck 303.35 594.6 127.5 56.0
HeavyTruck 263.8 599.0 96.4 61.2
Car 465.25 657.9 96.5 31.0
MotorCyclist 491.05 655.45 24.1 46.5
MotorCyclist 624.6 659.7 22.4 41.4
MotorCyclist 348.6 655.45 28.4 46.5
MotorCyclist 292.55 666.15 37.1 61.1
BiCyclist 16.85 675.65 33.7 69.7
MotorCyclist 1714.55 716.15 49.1 105.9
EngineTruck 1144.8 603.8 129.2 56.8
Car 1351.05 658.85 35.3 18.9
Car 1463.0 654.15 28.4 16.3
HeavyTruck 959.7 605.5 93.0 53.4
HeavyTruck 856.7 602.85 87.0 51.7
HeavyTruck 772.8 592.5 84.4 41.4
Car 753.7 656.2 98.2 27.6
Truck 562.15 597.65 145.5 62.1
Truck 532.0 600.35 123.2 60.3
Truck 475.65 591.65 130.9 74.1
Truck 303.35 594.6 127.5 56.0
HeavyTruck 263.8 599.0 96.4 61.2
Car 465.25 657.9 96.5 31.0
MotorCyclist 491.05 655.45 24.1 46.5
MotorCyclist 624.6 659.7 22.4 41.4
MotorCyclist 348.6 655.45 28.4 46.5
MotorCyclist 292.55 666.15 37.1 61.1
BiCyclist 16.85 675.65 33.7 69.7