Pedestrian 1909.6 636.0 22.4 73.2
Car 1480.25 608.1 18.1 20.6
Car 1355.0 627.8 39.6 15.6
HeavyTruck 1234.45 600.35 46.5 32.7
Truck 1093.05 608.5 74.1 31.8
Truck 843.4 612.75 91.2 43.9
HeavyTruck 795.95 606.3 93.1 41.4
HeavyTruck 737.85 606.35 114.5 55.1
Car 739.55 647.65 59.5 34.5
Car 607.85 661.45 64.5 34.5
Car 447.55 662.65 99.1 40.5
HeavyTruck 94.35 539.5 188.7 149.0
LargeBus 1782.05 599.8 46.5 38.8
Pedestrian 1909.6 636.0 22.4 73.2
Car 1480.25 608.1 18.1 20.6
Car 1355.0 627.8 39.6 15.6
HeavyTruck 1234.45 600.35 46.5 32.7
Truck 1093.05 608.5 74.1 31.8
Truck 843.4 612.75 91.2 43.9
HeavyTruck 795.95 606.3 93.1 41.4
HeavyTruck 737.85 606.35 114.5 55.1
Car 739.55 647.65 59.5 34.5
Car 607.85 661.45 64.5 34.5
Car 447.55 662.65 99.1 40.5
HeavyTruck 94.35 539.5 188.7 149.0