van 2261.4 594.75 85.2 38.7
LargeBus 2033.1 591.25 52.6 35.3
Truck 20.3 544.25 40.6 113.7
HeavyTruck 59.45 529.25 118.9 107.7
Truck 162.45 586.5 124.9 53.4
Truck 272.35 606.8 99.9 56.0
Car 170.3 646.8 161.0 50.0
HeavyTruck 443.3 582.7 87.0 59.4
van 548.35 627.4 66.3 38.8
HeavyTruck 512.6 577.1 112.0 65.4
HeavyTruck 488.95 574.4 150.7 67.2
Truck 635.0 564.6 101.6 78.4
Pedestrian 752.15 631.3 15.5 36.2
EngineTruck 877.75 546.8 194.7 84.4
MotorCyclist 848.9 624.85 47.4 40.5
Car 1182.3 635.55 59.4 20.7
Car 1267.45 634.25 40.5 18.1
Car 1348.85 624.4 34.5 22.4
HeavyTruck 1329.55 596.8 78.3 32.8
HeavyTruck 1383.8 596.85 56.0 29.3
HeavyTruck 1347.65 595.9 97.3 31.0
Pedestrian 1953.0 629.55 16.4 32.7
Car 2297.1 627.4 132.6 38.8
van 2261.4 594.75 85.2 38.7
LargeBus 2033.1 591.25 52.6 35.3
Truck 20.3 544.25 40.6 113.7
HeavyTruck 59.45 529.25 118.9 107.7
Truck 162.45 586.5 124.9 53.4
Truck 272.35 606.8 99.9 56.0
Car 170.3 646.8 161.0 50.0
HeavyTruck 443.3 582.7 87.0 59.4
van 548.35 627.4 66.3 38.8
HeavyTruck 512.6 577.1 112.0 65.4
HeavyTruck 488.95 574.4 150.7 67.2
Truck 635.0 564.6 101.6 78.4
Pedestrian 752.15 631.3 15.5 36.2
EngineTruck 877.75 546.8 194.7 84.4
MotorCyclist 848.9 624.85 47.4 40.5
Car 1182.3 635.55 59.4 20.7
Car 1267.45 634.25 40.5 18.1
Car 1348.85 624.4 34.5 22.4
HeavyTruck 1329.55 596.8 78.3 32.8
HeavyTruck 1383.8 596.85 56.0 29.3
HeavyTruck 1347.65 595.9 97.3 31.0
Pedestrian 1953.0 629.55 16.4 32.7