Car 10.4 631.35 20.8 32.7
HeavyTruck 36.65 537.45 73.3 96.5
HeavyTruck 65.95 536.15 131.9 83.5
MotorCyclist 138.9 630.85 25.8 52.5
Car 206.95 630.8 117.1 38.8
HeavyTruck 259.4 538.3 139.6 87.8
HeavyTruck 299.4 540.05 157.6 91.3
HeavyTruck 425.15 538.3 133.5 81.0
Car 594.95 621.35 111.1 37.1
HeavyTruck 647.8 559.75 106.8 48.3
van 791.6 608.0 67.2 27.6
HeavyTruck 768.05 565.35 92.1 49.1
HeavyTruck 767.5 565.9 115.4 53.4
HeavyTruck 851.9 564.05 115.4 56.9
EngineTruck 1087.85 553.8 153.3 67.2
Car 1317.85 620.95 51.7 15.5
Car 1457.0 611.95 33.6 21.5
Truck 1431.1 588.65 81.8 30.1
HeavyTruck 1450.5 591.65 86.2 29.3
HeavyTruck 1483.2 592.9 72.4 25.0
Pedestrian 1940.1 614.55 7.8 26.7
MotorCyclist 2173.9 716.5 103.4 210.2
Car 10.4 631.35 20.8 32.7
HeavyTruck 36.65 537.45 73.3 96.5
HeavyTruck 65.95 536.15 131.9 83.5
MotorCyclist 138.9 630.85 25.8 52.5
Car 206.95 630.8 117.1 38.8
HeavyTruck 259.4 538.3 139.6 87.8
HeavyTruck 299.4 540.05 157.6 91.3
HeavyTruck 425.15 538.3 133.5 81.0
Car 594.95 621.35 111.1 37.1
HeavyTruck 647.8 559.75 106.8 48.3
van 791.6 608.0 67.2 27.6
HeavyTruck 768.05 565.35 92.1 49.1
HeavyTruck 767.5 565.9 115.4 53.4
HeavyTruck 851.9 564.05 115.4 56.9
EngineTruck 1087.85 553.8 153.3 67.2
Car 1317.85 620.95 51.7 15.5
Car 1457.0 611.95 33.6 21.5
Truck 1431.1 588.65 81.8 30.1
HeavyTruck 1450.5 591.65 86.2 29.3
HeavyTruck 1483.2 592.9 72.4 25.0
Pedestrian 1940.1 614.55 7.8 26.7