LargeBus 1290.5 602.9 48.2 48.2
Car 1099.95 625.4 33.9 23.2
Truck 1046.55 598.35 47.5 33.1
Car 577.9 647.2 82.2 48.4
Truck 318.55 602.0 97.1 50.0
Truck 359.15 597.2 88.3 50.4
Truck 409.5 598.65 81.8 47.3
Truck 458.15 604.3 72.3 43.0
Truck 456.95 600.35 90.3 45.1
Car 1175.05 624.15 26.5 14.3
MotorCyclist 1640.2 648.85 38.0 68.9
LargeBus 1290.5 602.9 48.2 48.2
Car 1099.95 625.4 33.9 23.2
Truck 1046.55 598.35 47.5 33.1
Car 577.9 647.2 82.2 48.4
Truck 318.55 602.0 97.1 50.0
Truck 359.15 597.2 88.3 50.4
Truck 409.5 598.65 81.8 47.3
Truck 458.15 604.3 72.3 43.0
Truck 456.95 600.35 90.3 45.1
Car 1175.05 624.15 26.5 14.3