LightTruck 348.6 602.8 73.2 44.8
Pedestrian 521.25 608.4 17.7 49.6
TricycleOpenMotor 2015.55 665.05 194.7 153.7
MotorCyclist 1827.2 636.95 22.0 46.7
LargeBus 1940.75 574.05 51.9 49.3
LightTruck 2462.95 599.9 64.7 25.0
Car 2357.8 613.7 50.8 31.8
Truck 574.55 534.85 95.9 84.9
van 131.8 596.3 90.8 73.0
LightTruck 348.6 602.8 73.2 44.8
Pedestrian 521.25 608.4 17.7 49.6
TricycleOpenMotor 2015.55 665.05 194.7 153.7
MotorCyclist 1827.2 636.95 22.0 46.7
LargeBus 1940.75 574.05 51.9 49.3
LightTruck 2462.95 599.9 64.7 25.0
Car 2357.8 613.7 50.8 31.8
Truck 574.55 534.85 95.9 84.9