Truck 38.5 610.15 77 88.7
Truck 57.85 630.6 115.7 71.2
Car 202.2 682.3 71.6 46.2
Truck 268.6 635.2 108.4 61.2
Truck 375.4 636.8 65.6 55.2
Truck 403.9 643.65 96.2 48.1
Truck 478.7 645.0 77.8 47.2
Truck 534.8 652.4 71.2 37.2
Truck 563.1 642.95 73.0 33.5
Truck 627.6 639.35 102.4 41.5
Truck 684.7 628.1 75.0 43.4
Car 905.65 663.45 50.9 21.7
Car 1053.3 649.55 27.8 25.9
TricycleClosed 2152.9 667.0 27.8 40.0
LargeBus 1613.25 641.1 61.3 41.0
TricycleOpenMotor 1591.6 674.95 29.2 33.5
Truck 14.7 634.75 29.4 73.5
Truck 38.5 610.15 77 88.7
Truck 57.85 630.6 115.7 71.2
Car 202.2 682.3 71.6 46.2
Truck 268.6 635.2 108.4 61.2
Truck 375.4 636.8 65.6 55.2
Truck 403.9 643.65 96.2 48.1
Truck 478.7 645.0 77.8 47.2
Truck 534.8 652.4 71.2 37.2
Truck 563.1 642.95 73.0 33.5
Truck 627.6 639.35 102.4 41.5
Truck 684.7 628.1 75.0 43.4
Car 905.65 663.45 50.9 21.7
Car 1053.3 649.55 27.8 25.9
TricycleClosed 2152.9 667.0 27.8 40.0
LargeBus 1613.25 641.1 61.3 41.0
TricycleOpenMotor 1591.6 674.95 29.2 33.5