LargeBus 1667.35 569.95 66.3 57.5
LightTruck 1136.15 594.5 48.7 24.2
LightTruck 1118.85 593.45 50.5 22.9
LightTruck 1105.8 596.25 46.0 25.3
LightTruck 1062.85 598.35 56.9 28.3
LightTruck 964.9 590.45 57.8 27.7
LightTruck 929.5 590.55 53.4 30.7
HeavyTruck 339.05 446.55 388.5 207.5
LargeBus 1667.35 569.95 66.3 57.5
LightTruck 1136.15 594.5 48.7 24.2
LightTruck 1118.85 593.45 50.5 22.9
LightTruck 1105.8 596.25 46.0 25.3
LightTruck 1062.85 598.35 56.9 28.3
LightTruck 964.9 590.45 57.8 27.7
LightTruck 929.5 590.55 53.4 30.7