van 1119.2 605.3 60.4 40.2
LightTruck 431.1 597.85 103.8 51.3
LightTruck 505.25 597.8 76.9 44.8
LightTruck 550.6 598.85 70.4 38.9
LightTruck 202.9 585.0 99.0 51.6
LightTruck 117.35 592.25 101.9 54.5
MotorCyclist 947.0 619.9 14.4 27.0
MotorCyclist 964.65 619.2 15.3 30.4
LargeBus 1562.45 574.5 62.1 60.2
van 1119.2 605.3 60.4 40.2
LightTruck 431.1 597.85 103.8 51.3
LightTruck 505.25 597.8 76.9 44.8
LightTruck 550.6 598.85 70.4 38.9
LightTruck 202.9 585.0 99.0 51.6
LightTruck 117.35 592.25 101.9 54.5
MotorCyclist 947.0 619.9 14.4 27.0
MotorCyclist 964.65 619.2 15.3 30.4