LargeBus 1448.9 592.0 57.4 48.8
Truck 1588.45 572.85 66.9 37.7
Truck 951.25 587.0 58.9 40.0
Car 822.15 636.3 55.1 38.6
Car 681.75 632.9 81.5 50.6
Truck 16.5 571.7 33 73.0
Truck 32.4 581.45 64.8 67.7
Truck 96.9 587.0 64.2 61.2
Truck 226.95 607.4 69.5 45.6
BiCyclist 546.85 630.95 12.1 36.3
Truck 1146.65 598.95 50.9 23.5
Truck 1179.45 601.35 37.3 18.3
Truck 1204.2 602.15 35.6 19.5
Truck 1233.25 603.9 30.5 16.6
Truck 1255.65 602.35 25.7 17.5
MotorCyclist 2362.9 712.0 131.4 201.6
LargeBus 1448.9 592.0 57.4 48.8
Truck 1588.45 572.85 66.9 37.7
Truck 951.25 587.0 58.9 40.0
Car 822.15 636.3 55.1 38.6
Car 681.75 632.9 81.5 50.6
Truck 16.5 571.7 33 73.0
Truck 32.4 581.45 64.8 67.7
Truck 96.9 587.0 64.2 61.2
Truck 226.95 607.4 69.5 45.6
BiCyclist 546.85 630.95 12.1 36.3
Truck 1146.65 598.95 50.9 23.5
Truck 1179.45 601.35 37.3 18.3
Truck 1204.2 602.15 35.6 19.5
Truck 1233.25 603.9 30.5 16.6
Truck 1255.65 602.35 25.7 17.5