LightTruck 41.35 602.55 82.7 55.1
LightTruck 117.6 602.25 74.4 51.7
van 394.45 609.7 160.5 107.4
LargeBus 1493.45 580.65 54.1 61.3
Truck 2176.95 606.35 62.3 34.3
Truck 2144.2 607.5 56.4 31.8
Truck 2125.0 605.4 65.2 34.4
Truck 2093.8 602.45 55.6 30.1
Truck 2078.4 605.95 53.2 24.7
Truck 2054.7 607.55 45.0 26.7
HeavyTruck 2512.6 580.5 31.6 45.4
HeavyTruck 2295.35 570.7 121.9 55.4
Pedestrian 1766.55 620.65 7.5 23.7
LightTruck 24.15 619.2 48.3 56.8
LightTruck 41.35 602.55 82.7 55.1
LightTruck 117.6 602.25 74.4 51.7
van 394.45 609.7 160.5 107.4
LargeBus 1493.45 580.65 54.1 61.3
Truck 2176.95 606.35 62.3 34.3
Truck 2144.2 607.5 56.4 31.8
Truck 2125.0 605.4 65.2 34.4
Truck 2093.8 602.45 55.6 30.1
Truck 2078.4 605.95 53.2 24.7
Truck 2054.7 607.55 45.0 26.7
HeavyTruck 2512.6 580.5 31.6 45.4
HeavyTruck 2295.35 570.7 121.9 55.4
Pedestrian 1766.55 620.65 7.5 23.7