Truck 1841.55 586.5 99.9 81
Truck 1773.95 597.7 54.3 65.4
Truck 1635.25 617.1 62.9 42.2
LargeBus 866.3 581.5 79.4 79.4
TricycleOpenMotor 470.55 623.55 17.1 30.7
Pedestrian 451.2 628.95 8.0 18.7
MotorCyclist 531.65 632.1 7.3 25.0
Truck 533.8 608.5 20.8 19.0
MotorCyclist 580.25 626.65 4.1 11.7
MotorCyclist 590.0 637.9 4.4 10.6
Pedestrian 618.65 628.3 3.3 10.6
MotorCyclist 627.8 623.95 4.0 9.1
MotorCyclist 642.6 624.0 4.4 7.6
Car 679.05 626.55 11.3 9.9
Car 698.5 625.85 6.6 6.9
van 667.85 608.85 8.1 10.9
Car 693.35 612.65 9.5 6.9
Truck 1896.6 626.1 89.6 63.8
Truck 1841.55 586.5 99.9 81
Truck 1773.95 597.7 54.3 65.4
Truck 1635.25 617.1 62.9 42.2
LargeBus 866.3 581.5 79.4 79.4
TricycleOpenMotor 470.55 623.55 17.1 30.7
Pedestrian 451.2 628.95 8.0 18.7
MotorCyclist 531.65 632.1 7.3 25.0
Truck 533.8 608.5 20.8 19.0
MotorCyclist 580.25 626.65 4.1 11.7
MotorCyclist 590.0 637.9 4.4 10.6
Pedestrian 618.65 628.3 3.3 10.6
MotorCyclist 627.8 623.95 4.0 9.1
MotorCyclist 642.6 624.0 4.4 7.6
Car 679.05 626.55 11.3 9.9
Car 698.5 625.85 6.6 6.9
van 667.85 608.85 8.1 10.9
Car 693.35 612.65 9.5 6.9