Truck 2285.55 612.3 93.1 51.0
Truck 2174.8 641.5 71.6 41.4
HeavyTruck 1664.7 608.2 127.8 56.8
HeavyTruck 1575.7 616.7 100.6 48.2
LargeBus 1275.5 611.15 53.8 63.1
Truck 861.9 652.6 19.8 26.0
Pedestrian 1709.2 664.0 15.2 44
HeavyTruck 1457.4 619.5 70.4 38.6
TricycleOpenMotor 1377.85 653.5 10.1 19.4
HeavyTruck 2369.85 587.4 112.9 79.2
Truck 2285.55 612.3 93.1 51.0
Truck 2174.8 641.5 71.6 41.4
HeavyTruck 1664.7 608.2 127.8 56.8
HeavyTruck 1575.7 616.7 100.6 48.2
LargeBus 1275.5 611.15 53.8 63.1
Truck 861.9 652.6 19.8 26.0
Pedestrian 1709.2 664.0 15.2 44
HeavyTruck 1457.4 619.5 70.4 38.6
TricycleOpenMotor 1377.85 653.5 10.1 19.4