Truck 2485.6 594.15 49.6 72.3
Truck 2374.55 625.35 55.5 49.5
Truck 2307.55 627.35 49.5 47.1
Truck 2238.75 628.0 48.7 45.6
Truck 2186.35 626.2 47.1 44.8
Truck 745.1 657.9 23.4 27.4
LargeBus 1187.95 605.05 58.3 67.7
HeavyTruck 1548.9 601.35 81.0 52.7
HeavyTruck 1664.2 592.9 150.8 66.6
TricycleOpenMotor 2026.1 643.45 77.4 52.1
Pedestrian 1900.1 674.9 23.4 83.0
Truck 2485.6 594.15 49.6 72.3
Truck 2374.55 625.35 55.5 49.5
Truck 2307.55 627.35 49.5 47.1
Truck 2238.75 628.0 48.7 45.6
Truck 2186.35 626.2 47.1 44.8
Truck 745.1 657.9 23.4 27.4
LargeBus 1187.95 605.05 58.3 67.7
HeavyTruck 1548.9 601.35 81.0 52.7
HeavyTruck 1664.2 592.9 150.8 66.6
TricycleOpenMotor 2026.1 643.45 77.4 52.1