LargeBus 914.4 587.25 83.6 80.5
Truck 1580.0 623.7 74.8 46.2
Truck 1507.95 626.25 45.5 33.7
Car 1448.3 626.5 56.2 41.8
Pedestrian 450.45 636.6 6.1 20.4
TricycleOpenMotor 489.95 643.65 13.9 16.9
MotorCyclist 527.05 639.85 6.5 16.5
Car 818.5 638.3 23.0 18.2
Truck 691.75 625.55 9.1 9.1
Car 665.85 624.2 6.1 6.4
Car 616.9 635.95 9.8 9.5
Car 612.5 621.6 7.8 6.4
van 592.3 617.8 7.8 8.4
MotorCyclist 580.05 632.2 3.7 8.8
MotorCyclist 557.05 642.7 3.7 9.4
Pedestrian 566.3 634.7 3.4 9.8
Pedestrian 339.75 680.45 14.3 22.5
LargeBus 914.4 587.25 83.6 80.5
Truck 1580.0 623.7 74.8 46.2
Truck 1507.95 626.25 45.5 33.7
Car 1448.3 626.5 56.2 41.8
Pedestrian 450.45 636.6 6.1 20.4
TricycleOpenMotor 489.95 643.65 13.9 16.9
MotorCyclist 527.05 639.85 6.5 16.5
Car 818.5 638.3 23.0 18.2
Truck 691.75 625.55 9.1 9.1
Car 665.85 624.2 6.1 6.4
Car 616.9 635.95 9.8 9.5
Car 612.5 621.6 7.8 6.4
van 592.3 617.8 7.8 8.4
MotorCyclist 580.05 632.2 3.7 8.8
MotorCyclist 557.05 642.7 3.7 9.4
Pedestrian 566.3 634.7 3.4 9.8