Truck 2368.2 574.05 68.0 114.5
Truck 2159.3 583.9 132.6 103.4
TricycleOpenMotor 1861.25 690.25 91.3 147.3
Pedestrian 1681.3 651.15 24.2 89.5
LargeBus 898.5 580.05 87.8 85.3
MotorCyclist 393.05 644.1 9.3 26.6
MotorCyclist 373.3 641.15 5.4 13.1
TricycleOpenMotor 419.5 633.15 13.8 18.7
Truck 1223.15 617.3 27.9 36.6
MotorCyclist 1310.6 647.4 37.6 34.0
Truck 1348.85 609.7 35.7 29.4
Truck 1312.1 619.55 36.6 25.5
Car 1268.3 621.7 27.8 25.8
Truck 2468.2 568.05 61.2 119.7
Truck 2368.2 574.05 68.0 114.5
Truck 2159.3 583.9 132.6 103.4
TricycleOpenMotor 1861.25 690.25 91.3 147.3
Pedestrian 1681.3 651.15 24.2 89.5
LargeBus 898.5 580.05 87.8 85.3
MotorCyclist 393.05 644.1 9.3 26.6
MotorCyclist 373.3 641.15 5.4 13.1
TricycleOpenMotor 419.5 633.15 13.8 18.7
Truck 1223.15 617.3 27.9 36.6
MotorCyclist 1310.6 647.4 37.6 34.0
Truck 1348.85 609.7 35.7 29.4
Truck 1312.1 619.55 36.6 25.5
Car 1268.3 621.7 27.8 25.8