MotorCyclist 69.95 708.0 49.9 34.4
BiCyclist 189.7 673.9 20.6 52.6
Car 537.6 661.8 96.4 56.0
Car 662.3 649.15 37.0 23.5
HeavyTruck 657.0 606.05 52.0 28.5
HeavyTruck 738.45 613.8 35.7 35.6
Truck 798.4 618.85 35.6 28.5
van 943.35 627.25 25.9 23.7
Car 1026.5 631.65 15.4 14.9
LargeBus 1068.25 593.0 61.3 68.0
Truck 1225.7 600.4 9.4 10.0
MotorCyclist 1183.35 614.25 5.1 8.9
Car 1199.5 603.1 8.2 6.6
Truck 1277.3 615.4 42.6 54.0
Truck 2482.3 538.7 51.8 37.0
MotorCyclist 69.95 708.0 49.9 34.4
BiCyclist 189.7 673.9 20.6 52.6
Car 537.6 661.8 96.4 56.0
Car 662.3 649.15 37.0 23.5
HeavyTruck 657.0 606.05 52.0 28.5
HeavyTruck 738.45 613.8 35.7 35.6
Truck 798.4 618.85 35.6 28.5
van 943.35 627.25 25.9 23.7
Car 1026.5 631.65 15.4 14.9
LargeBus 1068.25 593.0 61.3 68.0
Truck 1225.7 600.4 9.4 10.0
MotorCyclist 1183.35 614.25 5.1 8.9
Car 1199.5 603.1 8.2 6.6
Truck 1277.3 615.4 42.6 54.0