Car 430.15 658.8 57.5 28.8
HeavyTruck 530.25 604.2 90.9 48.8
van 612.65 629.7 68.1 45.8
Truck 619.4 599.55 48.8 29.9
Truck 700.15 609.75 59.9 41.1
Car 816.45 642.05 50.5 32.9
EngineTruck 923.55 599.9 29.9 28.2
Car 961.7 626.95 24.2 19.1
LargeBus 1078.0 586.9 58.0 65.8
Truck 1277.7 608.1 61.0 77.4
MotorCyclist 1206.15 611.05 6.7 9.7
MotorCyclist 379.7 684.0 24.6 27.6
Car 430.15 658.8 57.5 28.8
HeavyTruck 530.25 604.2 90.9 48.8
van 612.65 629.7 68.1 45.8
Truck 619.4 599.55 48.8 29.9
Truck 700.15 609.75 59.9 41.1
Car 816.45 642.05 50.5 32.9
EngineTruck 923.55 599.9 29.9 28.2
Car 961.7 626.95 24.2 19.1
LargeBus 1078.0 586.9 58.0 65.8
Truck 1277.7 608.1 61.0 77.4
MotorCyclist 1206.15 611.05 6.7 9.7