TricycleOpenMotor 194.0 634.65 45.2 55.3
MotorCyclist 325.0 643.95 20.0 49.9
Pedestrian 385.9 641.65 8.6 29.3
MotorCyclist 578.45 645.25 7.7 22.5
Car 605.85 633.45 20.9 16.5
MotorCyclist 646.1 639.15 5.8 15.9
MotorCyclist 661.9 639.6 6.2 16.8
Car 649.55 614.8 20.3 19.2
MotorCyclist 742.25 630.4 5.3 14.0
Car 766.9 638.4 17.8 14.4
LargeBus 833.9 591.7 65.0 79.0
Truck 976.25 629.95 24.1 32.3
Truck 1666.35 589.95 111.1 77.5
Truck 1531.85 581.3 80.1 63.8
Truck 1454.8 586.45 84.4 56.9
Truck 1343.65 605.9 68.9 47.4
Truck 2244.5 596.0 137.8 106.8
TricycleOpenMotor 194.0 634.65 45.2 55.3
MotorCyclist 325.0 643.95 20.0 49.9
Pedestrian 385.9 641.65 8.6 29.3
MotorCyclist 578.45 645.25 7.7 22.5
Car 605.85 633.45 20.9 16.5
MotorCyclist 646.1 639.15 5.8 15.9
MotorCyclist 661.9 639.6 6.2 16.8
Car 649.55 614.8 20.3 19.2
MotorCyclist 742.25 630.4 5.3 14.0
Car 766.9 638.4 17.8 14.4
LargeBus 833.9 591.7 65.0 79.0
Truck 976.25 629.95 24.1 32.3
Truck 1666.35 589.95 111.1 77.5
Truck 1531.85 581.3 80.1 63.8
Truck 1454.8 586.45 84.4 56.9
Truck 1343.65 605.9 68.9 47.4