Car 104.45 635.2 53.3 40.4
Pedestrian 246.85 639.45 18.1 45.7
MotorCyclist 356.25 652.0 23.3 39.6
Truck 2399.65 497.8 106.9 168.8
Truck 2228.2 515.05 129.2 148.1
Truck 2092.1 556.75 143.0 104.3
Truck 1915.1 553.75 171.4 105.1
MotorCyclist 631.45 631.95 14.1 28.3
MotorCyclist 695.6 632.75 8.4 23.5
Car 726.2 629.85 23.6 15.7
Truck 748.15 600.05 21.5 29.3
Truck 794.35 607.1 21.5 24.6
Car 837.55 634.55 28.3 25.1
LargeBus 960.9 585.3 63.4 73.4
Truck 1146.6 619.4 30.4 38.8
Truck 1118.2 610.45 8.4 8.1
Car 1104.1 607.75 7.8 7.5
HeavyTruck 28.05 534.45 56.1 114.5
Car 104.45 635.2 53.3 40.4
Pedestrian 246.85 639.45 18.1 45.7
MotorCyclist 356.25 652.0 23.3 39.6
Truck 2399.65 497.8 106.9 168.8
Truck 2228.2 515.05 129.2 148.1
Truck 2092.1 556.75 143.0 104.3
Truck 1915.1 553.75 171.4 105.1
MotorCyclist 631.45 631.95 14.1 28.3
MotorCyclist 695.6 632.75 8.4 23.5
Car 726.2 629.85 23.6 15.7
Truck 748.15 600.05 21.5 29.3
Truck 794.35 607.1 21.5 24.6
Car 837.55 634.55 28.3 25.1
LargeBus 960.9 585.3 63.4 73.4
Truck 1146.6 619.4 30.4 38.8
Truck 1118.2 610.45 8.4 8.1
Car 1104.1 607.75 7.8 7.5