Truck 2146.75 576.15 111.1 105.1
Truck 2066.35 601.2 105.1 96.4
Truck 1916.9 595.6 81.8 78.4
TricycleOpenMotor 374.4 626.1 30.0 40.6
MotorCyclist 469.3 636.6 10.6 28.4
LargeBus 817.7 581.55 66.2 80.7
MotorCyclist 577.2 635.0 6.0 17.2
MotorCyclist 593.4 628.25 6.0 14.5
Car 536.5 628.25 20.6 14.5
MotorCyclist 625.8 629.2 6.0 15.2
MotorCyclist 674.7 625.6 5.4 10.4
Car 706.7 630.4 14.2 10.8
Car 733.9 628.5 11.8 9.8
van 714.05 612.5 10.1 10.2
Car 743.8 619.4 8.8 6.4
Truck 2263.95 640.0 145.5 84.4
Truck 2146.75 576.15 111.1 105.1
Truck 2066.35 601.2 105.1 96.4
Truck 1916.9 595.6 81.8 78.4
TricycleOpenMotor 374.4 626.1 30.0 40.6
MotorCyclist 469.3 636.6 10.6 28.4
LargeBus 817.7 581.55 66.2 80.7
MotorCyclist 577.2 635.0 6.0 17.2
MotorCyclist 593.4 628.25 6.0 14.5
Car 536.5 628.25 20.6 14.5
MotorCyclist 625.8 629.2 6.0 15.2
MotorCyclist 674.7 625.6 5.4 10.4
Car 706.7 630.4 14.2 10.8
Car 733.9 628.5 11.8 9.8
van 714.05 612.5 10.1 10.2
Car 743.8 619.4 8.8 6.4