MotorCyclist 1455.2 646.0 16.4 34.4
MotorCyclist 1412.25 628.65 12.9 24.1
MotorCyclist 1312.75 621.4 10.3 23.2
EngineTruck 1447.0 577.85 62 56.9
LargeBus 1147.8 588.7 56.0 64.6
LightTruck 1078.5 600.75 20.6 26.7
MotorCyclist 1035.75 617.45 4.3 12.1
Car 998.3 620.05 19.0 17.3
Truck 960.55 602.5 32.7 37
van 880.8 610.25 21.6 18.1
Car 854.55 620.05 27.5 17.3
EngineTruck 719.3 586.9 63.8 47.4
Car 591.5 626.95 42.2 20.7
EngineTruck 377.75 598.55 111.1 43.1
Car 707.75 645.05 61.1 46.5
BiCyclist 2048.6 656.7 38.8 104.2
MotorCyclist 1455.2 646.0 16.4 34.4
MotorCyclist 1412.25 628.65 12.9 24.1
MotorCyclist 1312.75 621.4 10.3 23.2
EngineTruck 1447.0 577.85 62 56.9
LargeBus 1147.8 588.7 56.0 64.6
LightTruck 1078.5 600.75 20.6 26.7
MotorCyclist 1035.75 617.45 4.3 12.1
Car 998.3 620.05 19.0 17.3
Truck 960.55 602.5 32.7 37
van 880.8 610.25 21.6 18.1
Car 854.55 620.05 27.5 17.3
EngineTruck 719.3 586.9 63.8 47.4
Car 591.5 626.95 42.2 20.7
EngineTruck 377.75 598.55 111.1 43.1
Car 707.75 645.05 61.1 46.5