MotorCyclist 1532.35 633.5 15.5 37.0
MotorCyclist 1488.4 615.35 10.4 21.5
MotorCyclist 1456.2 622.2 11.2 21.6
MotorCyclist 1401.0 621.0 11.2 22.4
LargeBus 1250.7 587.35 58.6 65.5
LightTruck 1199.9 599.0 19.0 23.2
Car 1139.55 613.7 15.5 14.6
van 1112.0 601.15 22.4 27.5
Car 993.25 632.95 36.1 25.9
van 1008.35 607.25 21.5 18.9
EngineTruck 882.55 588.25 49.1 46.5
Car 824.75 622.25 26.7 18.1
Car 752.85 623.6 34.5 17.2
EngineTruck 552.7 598.5 109.4 36.2
Truck 207.7 604.6 160.2 89.6
Truck 86.15 595.55 172.3 88.7
BiCyclist 1773.85 642.9 23.3 59.4
MotorCyclist 1532.35 633.5 15.5 37.0
MotorCyclist 1488.4 615.35 10.4 21.5
MotorCyclist 1456.2 622.2 11.2 21.6
MotorCyclist 1401.0 621.0 11.2 22.4
LargeBus 1250.7 587.35 58.6 65.5
LightTruck 1199.9 599.0 19.0 23.2
Car 1139.55 613.7 15.5 14.6
van 1112.0 601.15 22.4 27.5
Car 993.25 632.95 36.1 25.9
van 1008.35 607.25 21.5 18.9
EngineTruck 882.55 588.25 49.1 46.5
Car 824.75 622.25 26.7 18.1
Car 752.85 623.6 34.5 17.2
EngineTruck 552.7 598.5 109.4 36.2
Truck 207.7 604.6 160.2 89.6
Truck 86.15 595.55 172.3 88.7