MotorCyclist 1562.45 641.6 24.1 56.8
EngineTruck 1616.75 568.0 139.5 68
MotorCyclist 1375.6 621.0 12.0 29.2
LargeBus 1186.2 580.05 56.8 68.1
LightTruck 1037.1 600.65 31.0 40.5
MotorCyclist 986.3 624.05 8.6 18.1
Car 944.5 620.95 25 15.5
van 837.7 615.4 25.0 18.0
Car 786.9 625.75 30.2 21.5
Car 846.85 636.8 46.5 33.6
Truck 624.2 583.85 90.4 96.5
EngineTruck 519.55 571.85 122.3 86.1
Car 445.9 632.5 54.2 25
EngineTruck 168.95 595.1 144.7 53.4
MotorCyclist 1693.35 646.35 31.1 59.5
MotorCyclist 1562.45 641.6 24.1 56.8
EngineTruck 1616.75 568.0 139.5 68
MotorCyclist 1375.6 621.0 12.0 29.2
LargeBus 1186.2 580.05 56.8 68.1
LightTruck 1037.1 600.65 31.0 40.5
MotorCyclist 986.3 624.05 8.6 18.1
Car 944.5 620.95 25 15.5
van 837.7 615.4 25.0 18.0
Car 786.9 625.75 30.2 21.5
Car 846.85 636.8 46.5 33.6
Truck 624.2 583.85 90.4 96.5
EngineTruck 519.55 571.85 122.3 86.1
Car 445.9 632.5 54.2 25
EngineTruck 168.95 595.1 144.7 53.4