EngineTruck 1956.1 554.2 222.2 112.8
EngineTruck 1718.35 553.4 184.3 73.2
Pedestrian 1710.55 633.0 20.7 56.8
MotorCyclist 1668.8 642.05 33.6 74.9
MotorCyclist 1397.95 628.7 15.5 31.0
LargeBus 1197.7 580.1 59.4 71.4
MotorCyclist 1078.45 625.6 6.9 11.2
LightTruck 962.6 596.35 50.8 59.5
MotorCyclist 911.35 637.25 10.3 24.1
Pedestrian 873.9 636.05 7.8 18.1
Pedestrian 1049.25 623.6 6.9 17.2
Car 785.55 626.1 37.9 25.8
Car 728.35 637.35 37.1 27.5
Car 490.25 672.7 108.5 70.6
EngineTruck 282.25 564.15 154.1 111.9
EngineTruck 59.05 597.7 118.1 65.4
MotorCyclist 2263.1 683.35 81.8 143.9
EngineTruck 1956.1 554.2 222.2 112.8
EngineTruck 1718.35 553.4 184.3 73.2
Pedestrian 1710.55 633.0 20.7 56.8
MotorCyclist 1668.8 642.05 33.6 74.9
MotorCyclist 1397.95 628.7 15.5 31.0
LargeBus 1197.7 580.1 59.4 71.4
MotorCyclist 1078.45 625.6 6.9 11.2
LightTruck 962.6 596.35 50.8 59.5
MotorCyclist 911.35 637.25 10.3 24.1
Pedestrian 873.9 636.05 7.8 18.1
Pedestrian 1049.25 623.6 6.9 17.2
Car 785.55 626.1 37.9 25.8
Car 728.35 637.35 37.1 27.5
Car 490.25 672.7 108.5 70.6
EngineTruck 282.25 564.15 154.1 111.9
EngineTruck 59.05 597.7 118.1 65.4