EngineTruck 2101.3 518.4 305.8 151.6
MotorCyclist 1438.45 634.7 17.3 36.2
LargeBus 1221.0 582.25 68.0 75.7
MotorCyclist 1041.5 631.35 8.6 15.5
Car 899.35 637.8 27.5 18.0
MotorCyclist 994.0 630.0 10.4 16.4
Car 856.7 636.05 25.0 18.1
Car 805.4 640.75 39.6 20.7
Pedestrian 688.25 649.4 12.1 34.4
Car 592.7 634.75 58.6 32.7
Car 453.15 654.55 65.5 37.9
MotorCyclist 360.65 668.35 35.3 65.5
Car 142.7 665.8 64.6 39.6
Car 37.1 667.95 74.2 43.9
MotorCyclist 2055.2 663.15 62.0 127.5
EngineTruck 2101.3 518.4 305.8 151.6
MotorCyclist 1438.45 634.7 17.3 36.2
LargeBus 1221.0 582.25 68.0 75.7
MotorCyclist 1041.5 631.35 8.6 15.5
Car 899.35 637.8 27.5 18.0
MotorCyclist 994.0 630.0 10.4 16.4
Car 856.7 636.05 25.0 18.1
Car 805.4 640.75 39.6 20.7
Pedestrian 688.25 649.4 12.1 34.4
Car 592.7 634.75 58.6 32.7
Car 453.15 654.55 65.5 37.9
MotorCyclist 360.65 668.35 35.3 65.5
Car 142.7 665.8 64.6 39.6
Car 37.1 667.95 74.2 43.9