Pedestrian 1981.0 655.85 27.6 85.3
MotorCyclist 1795.05 653.65 41.3 91.3
EngineTruck 1859.2 547.8 252.4 96.4
MotorCyclist 1401.35 633.4 15.5 33.6
LargeBus 1193.8 581.75 62.0 71.5
MotorCyclist 1055.6 630.5 6.0 13.8
MotorCyclist 1016.45 629.15 6.9 14.7
Car 936.35 630.85 25.9 18.1
Car 902.75 631.3 20.7 19.0
Car 868.7 631.7 25.0 19.8
Pedestrian 889.9 636.45 8.6 29.3
LightTruck 723.55 578.8 99.9 106.8
Car 607.8 645.15 50.8 32.7
Car 350.2 654.5 56.0 31.0
Car 261.6 655.35 68.0 32.7
EngineTruck 55.15 527.5 110.3 159.4
EngineTruck 2231.65 521.05 218.9 163.7
Pedestrian 1981.0 655.85 27.6 85.3
MotorCyclist 1795.05 653.65 41.3 91.3
EngineTruck 1859.2 547.8 252.4 96.4
MotorCyclist 1401.35 633.4 15.5 33.6
LargeBus 1193.8 581.75 62.0 71.5
MotorCyclist 1055.6 630.5 6.0 13.8
MotorCyclist 1016.45 629.15 6.9 14.7
Car 936.35 630.85 25.9 18.1
Car 902.75 631.3 20.7 19.0
Car 868.7 631.7 25.0 19.8
Pedestrian 889.9 636.45 8.6 29.3
LightTruck 723.55 578.8 99.9 106.8
Car 607.8 645.15 50.8 32.7
Car 350.2 654.5 56.0 31.0
Car 261.6 655.35 68.0 32.7
EngineTruck 55.15 527.5 110.3 159.4