Truck 1359.75 596.95 13.1 13.9
LargeBus 1247.45 593.85 58.1 68.5
Car 1169.05 632.25 20.1 14.1
van 1095.4 620.55 24.0 15.5
EngineTruck 1018.05 602.25 35.7 37.3
Car 53.1 708.1 106.2 52.6
HeavyTruck 402.45 615.0 77.7 66.8
Truck 542.7 622.7 62.6 65.4
Truck 649.85 628.2 79.7 61.2
Car 851.85 642.75 56.1 40.3
Truck 1476.3 599.6 118.2 146.8
Truck 1359.75 596.95 13.1 13.9
LargeBus 1247.45 593.85 58.1 68.5
Car 1169.05 632.25 20.1 14.1
van 1095.4 620.55 24.0 15.5
EngineTruck 1018.05 602.25 35.7 37.3
Car 53.1 708.1 106.2 52.6
HeavyTruck 402.45 615.0 77.7 66.8
Truck 542.7 622.7 62.6 65.4
Truck 649.85 628.2 79.7 61.2
Car 851.85 642.75 56.1 40.3