MotorCyclist 1460.4 640.3 16.4 37.0
LargeBus 1258.0 584.75 66.4 70.7
MotorCyclist 993.15 636.45 8.7 18.9
MotorCyclist 944.95 634.25 15.5 18.1
Pedestrian 805.1 648.15 14.6 49.1
Car 844.2 639.05 27.6 24.1
Car 783.05 638.6 29.3 23.2
Car 708.1 645.55 48.2 26.7
Car 424.35 637.75 76.7 38.7
Pedestrian 504.4 659.7 16.4 41.4
Car 178.0 667.85 90.4 50.9
EngineTruck 2466.85 451.75 62.1 262.7
MotorCyclist 1460.4 640.3 16.4 37.0
LargeBus 1258.0 584.75 66.4 70.7
MotorCyclist 993.15 636.45 8.7 18.9
MotorCyclist 944.95 634.25 15.5 18.1
Pedestrian 805.1 648.15 14.6 49.1
Car 844.2 639.05 27.6 24.1
Car 783.05 638.6 29.3 23.2
Car 708.1 645.55 48.2 26.7
Car 424.35 637.75 76.7 38.7
Pedestrian 504.4 659.7 16.4 41.4
Car 178.0 667.85 90.4 50.9