LargeBus 1283.4 592.15 62.0 71.5
MotorCyclist 902.35 656.7 16.3 25.0
Pedestrian 740.9 661.5 13.8 31
Car 743.0 662.3 38.8 25.8
Pedestrian 680.2 670.0 23.2 72.4
Car 671.1 664.95 36.2 27.5
Car 563.5 668.75 65.4 31.9
Car 155.25 666.65 103.3 51.7
Pedestrian 165.15 704.55 16.3 55.1
MotorCyclist 1463.4 646.3 22.4 42.2
LargeBus 1283.4 592.15 62.0 71.5
MotorCyclist 902.35 656.7 16.3 25.0
Pedestrian 740.9 661.5 13.8 31
Car 743.0 662.3 38.8 25.8
Pedestrian 680.2 670.0 23.2 72.4
Car 671.1 664.95 36.2 27.5
Car 563.5 668.75 65.4 31.9
Car 155.25 666.65 103.3 51.7
Pedestrian 165.15 704.55 16.3 55.1