Truck 352.85 597.75 68.1 72.3
Car 452.3 632.65 36.2 35.3
van 516.55 626.05 78.3 46.5
MotorCyclist 643.05 630.9 18.1 49.0
LightTruck 629.3 595.95 42.2 48.3
Car 690.45 628.35 30.1 26.7
van 719.25 614.05 29.3 29.3
Car 765.9 618.0 25.8 23.2
MotorCyclist 807.85 623.75 12.9 26.3
Car 821.7 617.8 13.8 22.0
MotorCyclist 906.75 616.7 13.9 25.8
MotorCyclist 961.7 616.6 11.0 19.6
HeavyTruck 1050.45 575.15 29.7 36.3
LargeBus 1123.65 585.75 22.9 26.7
MotorCyclist 1193.15 612.5 16.7 30.6
MotorCyclist 1268.75 611.1 16.7 25.8
Truck 1205.8 585.65 17.2 24.9
Car 1236.65 597.2 10.1 9.6
LargeBus 1386.0 472.9 188.4 212.2
Car 121.9 703.65 243.8 198.1
Truck 352.85 597.75 68.1 72.3
Car 452.3 632.65 36.2 35.3
van 516.55 626.05 78.3 46.5
MotorCyclist 643.05 630.9 18.1 49.0
LightTruck 629.3 595.95 42.2 48.3
Car 690.45 628.35 30.1 26.7
van 719.25 614.05 29.3 29.3
Car 765.9 618.0 25.8 23.2
MotorCyclist 807.85 623.75 12.9 26.3
Car 821.7 617.8 13.8 22.0
MotorCyclist 906.75 616.7 13.9 25.8
MotorCyclist 961.7 616.6 11.0 19.6
HeavyTruck 1050.45 575.15 29.7 36.3
LargeBus 1123.65 585.75 22.9 26.7
MotorCyclist 1193.15 612.5 16.7 30.6
MotorCyclist 1268.75 611.1 16.7 25.8
Truck 1205.8 585.65 17.2 24.9
Car 1236.65 597.2 10.1 9.6
LargeBus 1386.0 472.9 188.4 212.2