Car 175.8 648.55 106.8 60.3
Car 330.0 642.95 77.6 49.1
Car 424.4 638.25 73.2 46.5
Truck 575.5 529.25 182.6 169.7
MotorCyclist 902.35 615.85 11.1 22.1
van 896.75 607.5 31.1 21.0
Car 982.75 609.65 25.5 18.9
Car 1080.15 605.6 18.3 17.2
HeavyTruck 1106.75 585.6 13.9 17.2
LargeBus 1154.7 592.3 12.2 19.4
LargeBus 1254.85 536.25 128.1 142.5
Pedestrian 1565.4 630.7 17.2 56.6
TricycleOpenMotor 1488.85 614.75 50.5 39.9
Pedestrian 1466.8 616.85 17.2 37.7
Car 946.75 604.45 19.9 14.9
TricycleOpenMotor 857.25 620.0 20.5 21.6
MotorCyclist 1063.55 602.95 5.9 10.7
Car 43.95 656.65 87.9 73.3
Car 175.8 648.55 106.8 60.3
Car 330.0 642.95 77.6 49.1
Car 424.4 638.25 73.2 46.5
Truck 575.5 529.25 182.6 169.7
MotorCyclist 902.35 615.85 11.1 22.1
van 896.75 607.5 31.1 21.0
Car 982.75 609.65 25.5 18.9
Car 1080.15 605.6 18.3 17.2
HeavyTruck 1106.75 585.6 13.9 17.2
LargeBus 1154.7 592.3 12.2 19.4
LargeBus 1254.85 536.25 128.1 142.5
Pedestrian 1565.4 630.7 17.2 56.6
TricycleOpenMotor 1488.85 614.75 50.5 39.9
Pedestrian 1466.8 616.85 17.2 37.7
Car 946.75 604.45 19.9 14.9
TricycleOpenMotor 857.25 620.0 20.5 21.6
MotorCyclist 1063.55 602.95 5.9 10.7