Pedestrian 2170.55 646.8 37.9 129.2
Pedestrian 1753.25 627.8 30.1 77.6
TricycleOpenMotor 1804.05 624.85 97.3 85.3
LargeBus 1278.25 527.55 148.1 162.7
van 35.8 678.7 71.6 82.6
Car 138.35 682.1 76.7 58.6
Car 261.95 676.85 127.5 68.9
van 395.1 655.35 76.6 60.3
Truck 544.05 620.05 92.1 68.9
BiCyclist 681.35 650.75 15.5 43.9
Pickup 712.85 649.75 40.5 31.9
MotorCyclist 754.7 649.0 20.6 40.4
MotorCyclist 818.75 648.25 19.5 40.5
LightTruck 747.25 620.7 31.3 40.2
Car 788.0 645.65 18.4 22.1
van 846.0 639.0 37.2 28.0
Car 908.85 644.6 42.1 31.6
MotorCyclist 985.55 639.3 24.3 21.0
Car 1061.1 642.55 31.0 29.1
HeavyTruck 1127.45 606.8 17.7 22.4
Car 1181.35 613.5 14.7 21.0
Pedestrian 2273.0 645.0 50 146.4
Pedestrian 2170.55 646.8 37.9 129.2
Pedestrian 1753.25 627.8 30.1 77.6
TricycleOpenMotor 1804.05 624.85 97.3 85.3
LargeBus 1278.25 527.55 148.1 162.7
van 35.8 678.7 71.6 82.6
Car 138.35 682.1 76.7 58.6
Car 261.95 676.85 127.5 68.9
van 395.1 655.35 76.6 60.3
Truck 544.05 620.05 92.1 68.9
BiCyclist 681.35 650.75 15.5 43.9
Pickup 712.85 649.75 40.5 31.9
MotorCyclist 754.7 649.0 20.6 40.4
MotorCyclist 818.75 648.25 19.5 40.5
LightTruck 747.25 620.7 31.3 40.2
Car 788.0 645.65 18.4 22.1
van 846.0 639.0 37.2 28.0
Car 908.85 644.6 42.1 31.6
MotorCyclist 985.55 639.3 24.3 21.0
Car 1061.1 642.55 31.0 29.1
HeavyTruck 1127.45 606.8 17.7 22.4
Car 1181.35 613.5 14.7 21.0