Pedestrian 802.5 621.45 9.4 30.1
Car 761.9 601.95 52.6 25.9
Truck 508.75 570.1 14.7 24.2
Truck 433.05 566.7 35.3 41.4
Truck 371.35 559.4 25.9 40.4
LargeBus 308.9 558.1 52.6 65.4
Car 259.05 588.65 24.9 23.3
HeavyTruck 51.3 232.1 102.6 464.2
LargeBus 905.8 550.3 147.2 125.8
Pedestrian 802.5 621.45 9.4 30.1
Car 761.9 601.95 52.6 25.9
Truck 508.75 570.1 14.7 24.2
Truck 433.05 566.7 35.3 41.4
Truck 371.35 559.4 25.9 40.4
LargeBus 308.9 558.1 52.6 65.4
Car 259.05 588.65 24.9 23.3
HeavyTruck 51.3 232.1 102.6 464.2