Car 148.8 673.1 100.8 64.6
Truck 330.95 513.7 196.3 183.4
Car 611.7 639.85 58.6 46.5
van 640.0 627.45 47.2 42.1
Truck 719.7 603.85 63.8 56.1
LightTruck 828.35 608.1 41.5 41.4
BiCyclist 828.75 629.7 11.5 33.8
MotorCyclist 863.8 629.05 20.4 32.5
MotorCyclist 914.75 630.05 12.7 29.3
Car 996.05 623.35 32.5 23.5
Car 917.7 620.8 33.8 23.6
Car 1116.25 617.2 22.9 19.2
HeavyTruck 1152.8 589.85 17.2 22.9
LargeBus 1203.9 599.1 14.6 21.0
LargeBus 1301.0 523.85 135.2 153.7
Pedestrian 1613.35 606.35 17.9 45.9
TricycleOpenMotor 1654.8 609.05 54.8 56.1
Pedestrian 1802.3 623.05 33.8 76.5
Car 34.95 689.5 69.9 76.6
Car 148.8 673.1 100.8 64.6
Truck 330.95 513.7 196.3 183.4
Car 611.7 639.85 58.6 46.5
van 640.0 627.45 47.2 42.1
Truck 719.7 603.85 63.8 56.1
LightTruck 828.35 608.1 41.5 41.4
BiCyclist 828.75 629.7 11.5 33.8
MotorCyclist 863.8 629.05 20.4 32.5
MotorCyclist 914.75 630.05 12.7 29.3
Car 996.05 623.35 32.5 23.5
Car 917.7 620.8 33.8 23.6
Car 1116.25 617.2 22.9 19.2
HeavyTruck 1152.8 589.85 17.2 22.9
LargeBus 1203.9 599.1 14.6 21.0
LargeBus 1301.0 523.85 135.2 153.7
Pedestrian 1613.35 606.35 17.9 45.9
TricycleOpenMotor 1654.8 609.05 54.8 56.1
Pedestrian 1802.3 623.05 33.8 76.5