Pedestrian 588.05 628.75 7.7 27.5
Pedestrian 554.85 632.95 6.9 25.9
LargeBus 143.2 584.35 44.8 49.1
Car 65.65 610.65 24.1 18.9
Pedestrian 71.3 632.95 14.6 43.1
Pedestrian 32.95 628.75 10.3 37.9
Car 13.4 619.75 26.8 26.7
Car 9.1 639.85 18.2 46.5
HeavyTruck 258.1 451.25 171.4 254.9
LargeBus 856.75 564.1 155.9 115.4
Pedestrian 588.05 628.75 7.7 27.5
Pedestrian 554.85 632.95 6.9 25.9
LargeBus 143.2 584.35 44.8 49.1
Car 65.65 610.65 24.1 18.9
Pedestrian 71.3 632.95 14.6 43.1
Pedestrian 32.95 628.75 10.3 37.9
Car 13.4 619.75 26.8 26.7
Car 9.1 639.85 18.2 46.5
HeavyTruck 258.1 451.25 171.4 254.9