Pedestrian 1817.05 623.95 12.9 49.1
Truck 1477.7 573.15 71.4 71.5
MotorCyclist 1445.75 644.7 14.7 42.2
MotorCyclist 1369.15 637.75 16.3 31.9
MotorCyclist 1334.5 630.8 7.4 14.8
MotorCyclist 1313.25 632.95 4.5 10.7
Car 1292.1 627.35 9.8 9.5
Truck 1243.45 613.7 18.1 21.8
Car 1185.95 631.4 11.9 11.2
LargeBus 1018.35 602.55 52.3 50.7
HeavyTruck 886.85 572.95 71.3 81.9
Car 28.25 697.1 56.5 61.8
MotorCyclist 132.05 701.15 46.1 93.1
van 108.15 665.95 92.3 65.5
Car 268.2 666.0 82.8 55.6
Car 381.65 660.1 57.7 48.6
Car 457.45 660.8 59.3 40.4
MotorCyclist 483.4 669.95 28.8 53.5
LargeBus 2031.55 410.45 352.3 355.7
Pedestrian 1817.05 623.95 12.9 49.1
Truck 1477.7 573.15 71.4 71.5
MotorCyclist 1445.75 644.7 14.7 42.2
MotorCyclist 1369.15 637.75 16.3 31.9
MotorCyclist 1334.5 630.8 7.4 14.8
MotorCyclist 1313.25 632.95 4.5 10.7
Car 1292.1 627.35 9.8 9.5
Truck 1243.45 613.7 18.1 21.8
Car 1185.95 631.4 11.9 11.2
LargeBus 1018.35 602.55 52.3 50.7
HeavyTruck 886.85 572.95 71.3 81.9
Car 28.25 697.1 56.5 61.8
MotorCyclist 132.05 701.15 46.1 93.1
van 108.15 665.95 92.3 65.5
Car 268.2 666.0 82.8 55.6
Car 381.65 660.1 57.7 48.6
Car 457.45 660.8 59.3 40.4
MotorCyclist 483.4 669.95 28.8 53.5