HeavyTruck 1714.0 550.35 196.4 139.5
MotorCyclist 1531.05 665.35 30.1 66.3
MotorCyclist 1432.85 661.5 23.3 48.2
LargeBus 118.05 553.3 236.1 211.0
Pedestrian 504.85 681.1 12.9 41.0
TricycleOpenMotor 543.6 669.85 36.8 46.1
Car 492.3 673.75 50.2 26.3
van 663.95 659.0 47.5 30
EngineTruck 673.7 608.4 77.8 42.8
Car 791.95 663.9 41.9 23.0
Pedestrian 884.05 654.65 16.1 24.9
Car 1028.15 658.1 20.7 13.4
Car 1121.8 654.7 18.4 13.8
Truck 1259.7 635.6 16.2 21.6
MotorCyclist 1325.55 651.85 7.9 15.7
MotorCyclist 1383.15 649.4 5.1 12.4
Car 1303.95 649.9 8.7 7.8
MotorCyclist 1362.4 652.35 3.2 7.5
Car 1290.0 649.0 5.2 4.8
Machineshop 2105.55 557.15 66.3 77.5
HeavyTruck 1714.0 550.35 196.4 139.5
MotorCyclist 1531.05 665.35 30.1 66.3
MotorCyclist 1432.85 661.5 23.3 48.2
LargeBus 118.05 553.3 236.1 211.0
Pedestrian 504.85 681.1 12.9 41.0
TricycleOpenMotor 543.6 669.85 36.8 46.1
Car 492.3 673.75 50.2 26.3
van 663.95 659.0 47.5 30
EngineTruck 673.7 608.4 77.8 42.8
Car 791.95 663.9 41.9 23.0
Pedestrian 884.05 654.65 16.1 24.9
Car 1028.15 658.1 20.7 13.4
Car 1121.8 654.7 18.4 13.8
Truck 1259.7 635.6 16.2 21.6
MotorCyclist 1325.55 651.85 7.9 15.7
MotorCyclist 1383.15 649.4 5.1 12.4
Car 1303.95 649.9 8.7 7.8
MotorCyclist 1362.4 652.35 3.2 7.5
Car 1290.0 649.0 5.2 4.8