MotorCyclist 1625.85 664.0 40.5 84.4
MotorCyclist 1484.9 657.15 31.0 60.3
Car 30.2 706.7 60.4 49.0
Pedestrian 263.3 686.05 19.8 52.5
TricycleOpenMotor 312.8 703.3 56.8 42.2
EngineTruck 533.7 599.0 137.0 50.8
van 512.25 656.35 35.3 37.9
Car 721.0 660.1 50 25.0
Car 1012.95 651.5 20.7 14.6
Car 1092.75 648.95 21.5 16.3
Truck 1269.65 627.8 17.3 22.4
MotorCyclist 1328.6 646.4 11.2 18.0
MotorCyclist 1392.7 640.85 6.6 12.9
Car 1313.55 641.75 10.7 8.3
Truck 1743.75 598.65 29.5 72.1
HeavyTruck 1970.8 515.9 392.8 222.2
MotorCyclist 1625.85 664.0 40.5 84.4
MotorCyclist 1484.9 657.15 31.0 60.3
Car 30.2 706.7 60.4 49.0
Pedestrian 263.3 686.05 19.8 52.5
TricycleOpenMotor 312.8 703.3 56.8 42.2
EngineTruck 533.7 599.0 137.0 50.8
van 512.25 656.35 35.3 37.9
Car 721.0 660.1 50 25.0
Car 1012.95 651.5 20.7 14.6
Car 1092.75 648.95 21.5 16.3
Truck 1269.65 627.8 17.3 22.4
MotorCyclist 1328.6 646.4 11.2 18.0
MotorCyclist 1392.7 640.85 6.6 12.9
Car 1313.55 641.75 10.7 8.3
Truck 1743.75 598.65 29.5 72.1