HeavyTruck 665.9 603.7 53.4 36.2
MotorCyclist 772.3 645.95 14.6 27.5
TricycleOpenMotor 870.0 630.85 27.6 35.3
van 989.4 629.05 28.4 18.1
van 1091.9 627.4 19.8 21.6
Car 1124.5 632.6 13 11.2
MotorCyclist 1248.5 630.85 19.8 18.1
Truck 1234.7 608.5 19.8 25
MotorCyclist 1536.65 654.55 24.1 55.1
BiCyclist 1667.55 642.1 20.7 54.2
LargeBus 1156.4 617.55 11.2 15.5
Pedestrian 620.3 644.15 13.8 37.9
HeavyTruck 665.9 603.7 53.4 36.2
MotorCyclist 772.3 645.95 14.6 27.5
TricycleOpenMotor 870.0 630.85 27.6 35.3
van 989.4 629.05 28.4 18.1
van 1091.9 627.4 19.8 21.6
Car 1124.5 632.6 13 11.2
MotorCyclist 1248.5 630.85 19.8 18.1
Truck 1234.7 608.5 19.8 25
MotorCyclist 1536.65 654.55 24.1 55.1
BiCyclist 1667.55 642.1 20.7 54.2
LargeBus 1156.4 617.55 11.2 15.5