Pedestrian 360.65 653.65 18.1 46.5
TricycleOpenMotor 672.0 630.45 44.8 51.7
MotorCyclist 866.65 636.4 13.7 22.4
van 892.85 625.7 35.3 25.0
van 1016.05 625.2 30.1 27.6
Car 1058.6 633.05 22.4 18.9
LargeBus 1123.7 613.2 14.6 17.2
MotorCyclist 1194.25 627.8 18.1 22.4
Truck 1211.9 607.55 19.0 26.7
MotorCyclist 1609.9 661.4 36.2 72.4
BiCyclist 1886.25 651.05 34.5 86.1
MotorCyclist 1333.45 624.45 13.7 29.3
HeavyTruck 536.7 600.25 70.6 46.5
Pedestrian 360.65 653.65 18.1 46.5
TricycleOpenMotor 672.0 630.45 44.8 51.7
MotorCyclist 866.65 636.4 13.7 22.4
van 892.85 625.7 35.3 25.0
van 1016.05 625.2 30.1 27.6
Car 1058.6 633.05 22.4 18.9
LargeBus 1123.7 613.2 14.6 17.2
MotorCyclist 1194.25 627.8 18.1 22.4
Truck 1211.9 607.55 19.0 26.7
MotorCyclist 1609.9 661.4 36.2 72.4
BiCyclist 1886.25 651.05 34.5 86.1
MotorCyclist 1333.45 624.45 13.7 29.3