HeavyTruck 370.15 603.3 105.9 52.6
MotorCyclist 584.55 650.3 21.5 43.0
MotorCyclist 837.3 648.5 13.8 25.8
van 778.8 638.6 44.8 23.2
van 897.1 630.5 47.4 48.2
Car 984.15 641.7 38.7 25.8
MotorCyclist 1126.65 636.4 24.1 22.4
LargeBus 1107.75 618.45 20.7 24.1
Motorcycle 2334.65 682.1 80.1 48.2
MotorCyclist 1810.45 676.05 51.7 108.5
MotorCyclist 1356.2 634.7 11.2 25.8
Truck 1214.55 612.35 20.7 25.9
TricycleOpenMotor 193.95 648.95 94.7 99.1
HeavyTruck 370.15 603.3 105.9 52.6
MotorCyclist 584.55 650.3 21.5 43.0
MotorCyclist 837.3 648.5 13.8 25.8
van 778.8 638.6 44.8 23.2
van 897.1 630.5 47.4 48.2
Car 984.15 641.7 38.7 25.8
MotorCyclist 1126.65 636.4 24.1 22.4
LargeBus 1107.75 618.45 20.7 24.1
Motorcycle 2334.65 682.1 80.1 48.2
MotorCyclist 1810.45 676.05 51.7 108.5
MotorCyclist 1356.2 634.7 11.2 25.8
Truck 1214.55 612.35 20.7 25.9