MotorCyclist 852.85 617.0 14.9 23.6
MotorCyclist 1058.8 581.85 24.8 32.1
HeavyTruck 1109.7 586.8 13.8 19.6
HeavyTruck 1153.3 579.05 16.2 21.7
Truck 1206.05 571.2 32.5 49.2
van 1272.7 605.25 15.4 11.3
MotorCyclist 1402.1 612.1 15.8 40.6
Car 1539.5 613.65 39.4 28.5
MotorCyclist 1692.6 613.55 31.2 70.3
Pedestrian 1779.05 610.65 15.3 54.9
Pedestrian 2066.75 627.85 41.1 104.9
Car 2186.85 616.4 128.9 52.4
MotorCyclist 305.7 636.85 30.6 66.1
MotorCyclist 852.85 617.0 14.9 23.6
MotorCyclist 1058.8 581.85 24.8 32.1
HeavyTruck 1109.7 586.8 13.8 19.6
HeavyTruck 1153.3 579.05 16.2 21.7
Truck 1206.05 571.2 32.5 49.2
van 1272.7 605.25 15.4 11.3
MotorCyclist 1402.1 612.1 15.8 40.6
Car 1539.5 613.65 39.4 28.5
MotorCyclist 1692.6 613.55 31.2 70.3
Pedestrian 1779.05 610.65 15.3 54.9
Pedestrian 2066.75 627.85 41.1 104.9
Car 2186.85 616.4 128.9 52.4