Pedestrian 581.2 667.75 12.4 33.1
Pedestrian 615.25 663.0 11.7 34
Pedestrian 719.35 648.75 11.5 35.1
BiCyclist 955.3 654.0 5.4 15.6
MotorCyclist 980.15 651.15 7.9 16.7
HeavyTruck 1016.9 612.0 37.4 42.0
van 1093.05 638.2 27.3 11.6
HeavyTruck 1152.2 616.5 20.8 29.4
Truck 1225.05 605.95 38.9 57.1
Car 1292.05 639.6 15.3 16.4
BiCyclist 1327.9 644.15 5.4 11.5
MotorCyclist 1353.7 648.65 7.4 16.5
MotorCyclist 1452.55 658.65 9.1 18.9
MotorCyclist 1565.3 658.75 21.8 49.9
Car 1774.15 669.5 77.1 46.6
MotorCyclist 551.15 672.65 22.3 43.3
Pedestrian 581.2 667.75 12.4 33.1
Pedestrian 615.25 663.0 11.7 34
Pedestrian 719.35 648.75 11.5 35.1
BiCyclist 955.3 654.0 5.4 15.6
MotorCyclist 980.15 651.15 7.9 16.7
HeavyTruck 1016.9 612.0 37.4 42.0
van 1093.05 638.2 27.3 11.6
HeavyTruck 1152.2 616.5 20.8 29.4
Truck 1225.05 605.95 38.9 57.1
Car 1292.05 639.6 15.3 16.4
BiCyclist 1327.9 644.15 5.4 11.5
MotorCyclist 1353.7 648.65 7.4 16.5
MotorCyclist 1452.55 658.65 9.1 18.9
MotorCyclist 1565.3 658.75 21.8 49.9
Car 1774.15 669.5 77.1 46.6