MotorCyclist 799.05 678.55 10.5 25.5
Car 1049.95 641.4 29.1 37.2
MotorCyclist 1000.9 675.55 7.0 13.5
van 1086.9 665.1 18.2 11.8
HeavyTruck 1114.2 653.2 14.0 16.8
HeavyTruck 1158.7 644.7 16.6 25.4
Truck 1217.1 633.45 35.4 53.3
Car 1286.2 667.85 15.6 13.7
MotorCyclist 1348.6 675.4 6.8 14.0
MotorCyclist 1422.55 679.2 9.9 20.0
MotorCyclist 1493.35 683.75 19.5 43.1
Car 1630.95 688.9 52.7 33.4
MotorCyclist 1982.5 700.35 49 105.5
Pedestrian 2109.05 690.3 19.7 86.2
MotorCyclist 757.75 687.2 15.9 26.4
MotorCyclist 799.05 678.55 10.5 25.5
Car 1049.95 641.4 29.1 37.2
MotorCyclist 1000.9 675.55 7.0 13.5
van 1086.9 665.1 18.2 11.8
HeavyTruck 1114.2 653.2 14.0 16.8
HeavyTruck 1158.7 644.7 16.6 25.4
Truck 1217.1 633.45 35.4 53.3
Car 1286.2 667.85 15.6 13.7
MotorCyclist 1348.6 675.4 6.8 14.0
MotorCyclist 1422.55 679.2 9.9 20.0
MotorCyclist 1493.35 683.75 19.5 43.1
Car 1630.95 688.9 52.7 33.4
MotorCyclist 1982.5 700.35 49 105.5
Pedestrian 2109.05 690.3 19.7 86.2