HeavyTruck 1073.75 609.3 14.7 25.4
HeavyTruck 1116.25 592.35 25.7 36.7
Car 1194.15 633.25 28.7 23.3
Truck 1288.6 576.05 52.4 76.9
MotorCyclist 1379.85 632.75 7.7 17.9
BiCyclist 1425.65 631.05 8.9 22.9
MotorCyclist 1542.15 639.2 15.5 37.2
MotorCyclist 1776.5 635.55 34.2 78.3
HeavyTruck 741.05 563.7 113.7 99.0
HeavyTruck 1073.75 609.3 14.7 25.4
HeavyTruck 1116.25 592.35 25.7 36.7
Car 1194.15 633.25 28.7 23.3
Truck 1288.6 576.05 52.4 76.9
MotorCyclist 1379.85 632.75 7.7 17.9
BiCyclist 1425.65 631.05 8.9 22.9
MotorCyclist 1542.15 639.2 15.5 37.2
MotorCyclist 1776.5 635.55 34.2 78.3