MotorCyclist 669.65 629.35 14.1 35.1
MotorCyclist 875.05 622.3 9.7 21.0
van 992.3 597.05 37.4 31.3
HeavyTruck 1019.95 537.7 65.5 78.2
Car 1074.55 678.15 210.3 174.3
MotorCyclist 1325.9 601.35 5.4 15.5
MotorCyclist 1340.4 603.05 7.2 16.5
MotorCyclist 1397.85 608.2 10.1 25.6
MotorCyclist 1388.1 605.55 7.0 23.5
Truck 1549.0 484.2 153.6 200.4
BiCyclist 1766.55 612.85 21.9 59.3
MotorCyclist 1900.45 630.55 50.1 102.7
MotorCyclist 1907.3 590.2 54.6 62.0
Car 2002.55 605.5 70.3 45.8
van 2105.85 592.6 88.5 40.4
Pedestrian 2292.85 617.25 22.9 60.9
Motorcycle 2297.7 609.7 148.2 39.4
MotorCyclist 344.1 645.75 22.2 54.3
MotorCyclist 669.65 629.35 14.1 35.1
MotorCyclist 875.05 622.3 9.7 21.0
van 992.3 597.05 37.4 31.3
HeavyTruck 1019.95 537.7 65.5 78.2
Car 1074.55 678.15 210.3 174.3
MotorCyclist 1325.9 601.35 5.4 15.5
MotorCyclist 1340.4 603.05 7.2 16.5
MotorCyclist 1397.85 608.2 10.1 25.6
MotorCyclist 1388.1 605.55 7.0 23.5
Truck 1549.0 484.2 153.6 200.4
BiCyclist 1766.55 612.85 21.9 59.3
MotorCyclist 1900.45 630.55 50.1 102.7
MotorCyclist 1907.3 590.2 54.6 62.0
Car 2002.55 605.5 70.3 45.8
van 2105.85 592.6 88.5 40.4
Pedestrian 2292.85 617.25 22.9 60.9
Motorcycle 2297.7 609.7 148.2 39.4