Pedestrian 757.05 624.95 9.7 28.7
BiCyclist 835.15 621.2 9.9 26.8
HeavyTruck 1018.4 549.9 56.4 68.6
Car 1118.8 645.2 112.0 93.2
MotorCyclist 1325.15 610.65 9.5 26.9
MotorCyclist 1343.6 611.8 10.8 29.2
Truck 1467.65 501.55 130.1 175.5
BiCyclist 1675.25 617.15 16.5 50.7
MotorCyclist 1769.55 611.75 13.9 35.1
Car 1776.1 609.75 55.0 39.1
Car 1839.75 609.9 55.9 39.4
MotorCyclist 1944.1 635.45 44.6 86.1
MotorCyclist 2076.7 642.55 59.4 121.1
TricycleClosed 2175.55 625.05 51.5 62.5
MotorCyclist 523.8 643.2 31.2 46.4
Pedestrian 757.05 624.95 9.7 28.7
BiCyclist 835.15 621.2 9.9 26.8
HeavyTruck 1018.4 549.9 56.4 68.6
Car 1118.8 645.2 112.0 93.2
MotorCyclist 1325.15 610.65 9.5 26.9
MotorCyclist 1343.6 611.8 10.8 29.2
Truck 1467.65 501.55 130.1 175.5
BiCyclist 1675.25 617.15 16.5 50.7
MotorCyclist 1769.55 611.75 13.9 35.1
Car 1776.1 609.75 55.0 39.1
Car 1839.75 609.9 55.9 39.4
MotorCyclist 1944.1 635.45 44.6 86.1
MotorCyclist 2076.7 642.55 59.4 121.1
TricycleClosed 2175.55 625.05 51.5 62.5