MotorCyclist 558.65 654.85 28.9 48.9
MotorCyclist 982.45 633.05 8.9 20.1
HeavyTruck 1095.65 593.85 22.5 26.9
HeavyTruck 1129.55 576.45 33.9 44.9
Car 1221.55 628.75 40.3 34.3
MotorCyclist 1296.35 622.9 18.3 27.4
Truck 1388.25 557.85 65.3 98.9
BiCyclist 1538.4 625.0 10.8 30.8
MotorCyclist 1602.95 625.85 11.1 31.7
Pedestrian 1623.3 625.45 8.2 35.3
MotorCyclist 1721.3 632.8 27.8 54.0
MotorCyclist 2074.55 644.3 53.1 109.0
HeavyTruck 140.65 636.95 281.3 171.9
MotorCyclist 558.65 654.85 28.9 48.9
MotorCyclist 982.45 633.05 8.9 20.1
HeavyTruck 1095.65 593.85 22.5 26.9
HeavyTruck 1129.55 576.45 33.9 44.9
Car 1221.55 628.75 40.3 34.3
MotorCyclist 1296.35 622.9 18.3 27.4
Truck 1388.25 557.85 65.3 98.9
BiCyclist 1538.4 625.0 10.8 30.8
MotorCyclist 1602.95 625.85 11.1 31.7
Pedestrian 1623.3 625.45 8.2 35.3
MotorCyclist 1721.3 632.8 27.8 54.0
MotorCyclist 2074.55 644.3 53.1 109.0