van 2215.2 616.8 78.8 45.6
Car 2094.45 631.85 82.5 51.3
Car 2008.2 631.1 56.0 46.6
Car 1855.35 627.95 30.3 31.1
MotorCyclist 1771.8 627.6 43.6 83.2
MotorCyclist 1688.15 643.5 31.9 74.6
Truck 1485.2 522.6 123.6 165.6
MotorCyclist 1338.3 625.6 7.0 14.0
HeavyTruck 971.65 549.4 79.3 98.0
Truck 909.0 619.0 28.8 41.2
MotorCyclist 774.8 642.3 15.6 35.0
BiCyclist 716.6 648.55 14.0 28.7
MotorCyclist 539.95 658.35 18.7 45.1
MotorCyclist 349.8 666.45 27.2 52.1
Car 1029.85 713.05 248.9 204.5
Motorcycle 2465.95 635.8 62.7 44.0
van 2215.2 616.8 78.8 45.6
Car 2094.45 631.85 82.5 51.3
Car 2008.2 631.1 56.0 46.6
Car 1855.35 627.95 30.3 31.1
MotorCyclist 1771.8 627.6 43.6 83.2
MotorCyclist 1688.15 643.5 31.9 74.6
Truck 1485.2 522.6 123.6 165.6
MotorCyclist 1338.3 625.6 7.0 14.0
HeavyTruck 971.65 549.4 79.3 98.0
Truck 909.0 619.0 28.8 41.2
MotorCyclist 774.8 642.3 15.6 35.0
BiCyclist 716.6 648.55 14.0 28.7
MotorCyclist 539.95 658.35 18.7 45.1
MotorCyclist 349.8 666.45 27.2 52.1
Car 1029.85 713.05 248.9 204.5