Pedestrian 670.9 618.75 10.6 36.3
MotorCyclist 757.45 626.85 37.7 39.3
BiCyclist 907.25 609.9 8.5 20.6
MotorCyclist 968.7 601.4 8.6 19.6
HeavyTruck 1061.05 546.2 47.7 61.6
Car 1172.35 629.7 83.9 67.8
MotorCyclist 1343.1 603.2 8.2 26.0
MotorCyclist 1379.55 605.1 12.3 29.0
Truck 1463.65 512.35 111.7 148.3
MotorCyclist 1605.9 614.0 35.0 32.8
BiCyclist 1666.4 610.9 16.0 45.0
Pedestrian 1752.1 603.2 11.0 32.0
Car 1797.7 601.95 46.2 33.9
Car 1739.0 600.6 56.0 28.8
MotorCyclist 1881.6 609.75 13.6 39.9
van 1888.75 594.25 76.3 32.5
MotorCyclist 1954.85 633.3 40.5 79.4
MotorCyclist 2217.4 643.25 75.6 130.5
MotorCyclist 468.55 639.15 34.7 63.5
Pedestrian 670.9 618.75 10.6 36.3
MotorCyclist 757.45 626.85 37.7 39.3
BiCyclist 907.25 609.9 8.5 20.6
MotorCyclist 968.7 601.4 8.6 19.6
HeavyTruck 1061.05 546.2 47.7 61.6
Car 1172.35 629.7 83.9 67.8
MotorCyclist 1343.1 603.2 8.2 26.0
MotorCyclist 1379.55 605.1 12.3 29.0
Truck 1463.65 512.35 111.7 148.3
MotorCyclist 1605.9 614.0 35.0 32.8
BiCyclist 1666.4 610.9 16.0 45.0
Pedestrian 1752.1 603.2 11.0 32.0
Car 1797.7 601.95 46.2 33.9
Car 1739.0 600.6 56.0 28.8
MotorCyclist 1881.6 609.75 13.6 39.9
van 1888.75 594.25 76.3 32.5
MotorCyclist 1954.85 633.3 40.5 79.4
MotorCyclist 2217.4 643.25 75.6 130.5