MotorCyclist 707.35 625.25 20.7 28.9
MotorCyclist 887.25 611.2 8.5 22.4
HeavyTruck 1011.65 540.6 60.1 75.2
Car 1087.3 656.55 155.0 130.3
MotorCyclist 1271.95 597.9 6.3 13.0
MotorCyclist 1301.1 597.65 5.8 13.7
MotorCyclist 1315.15 602.15 5.5 13.9
Pedestrian 1346.05 601.8 7.3 18.8
MotorCyclist 1358.05 604.15 8.5 29.1
Truck 1505.25 483.2 146.1 195.2
Car 1852.25 602.65 68.9 38.9
MotorCyclist 1915.25 627.1 50.9 92.2
MotorCyclist 1984.75 639.8 55.5 107.6
van 2022.0 591.65 74.0 37.7
MotorCyclist 2118.2 616.8 16.4 52.0
van 2129.4 606.7 36.8 26.2
Motorcycle 2213.25 611.85 40.5 24.9
Motorcycle 2334.35 612.95 62.3 32.7
TricycleClosed 2382.4 605.55 118.4 103.1
MotorCyclist 385.5 639.9 21.4 49.8
MotorCyclist 707.35 625.25 20.7 28.9
MotorCyclist 887.25 611.2 8.5 22.4
HeavyTruck 1011.65 540.6 60.1 75.2
Car 1087.3 656.55 155.0 130.3
MotorCyclist 1271.95 597.9 6.3 13.0
MotorCyclist 1301.1 597.65 5.8 13.7
MotorCyclist 1315.15 602.15 5.5 13.9
Pedestrian 1346.05 601.8 7.3 18.8
MotorCyclist 1358.05 604.15 8.5 29.1
Truck 1505.25 483.2 146.1 195.2
Car 1852.25 602.65 68.9 38.9
MotorCyclist 1915.25 627.1 50.9 92.2
MotorCyclist 1984.75 639.8 55.5 107.6
van 2022.0 591.65 74.0 37.7
MotorCyclist 2118.2 616.8 16.4 52.0
van 2129.4 606.7 36.8 26.2
Motorcycle 2213.25 611.85 40.5 24.9
Motorcycle 2334.35 612.95 62.3 32.7
TricycleClosed 2382.4 605.55 118.4 103.1