MotorCyclist 1008.2 613.4 36.8 34.4
HeavyTruck 1073.65 580.25 22.5 28.5
HeavyTruck 1107.2 554.05 42.8 54.9
Car 1180.85 602.75 12.1 14.7
Car 1212.85 623.9 63.3 53.4
Car 1295.0 603.75 14.8 13.5
MotorCyclist 1361.7 606.25 9.8 25.3
MotorCyclist 1323.65 607.8 5.3 10.0
Car 1350.2 601.45 14.8 11.3
Truck 1454.45 525.25 94.1 128.1
BiCyclist 1644.4 611.8 12.0 40.4
MotorCyclist 1635.55 609.4 31.9 31.2
Pedestrian 1715.95 607.5 9.1 25.0
Pedestrian 1727.7 604.65 9.8 25.7
Car 1726.65 599.1 26.1 27.0
Car 1765.3 600.3 35.4 28.6
Pedestrian 1804.1 607.9 11.4 26.6
van 1851.3 596.3 62.2 30.2
MotorCyclist 1896.8 628.9 32.8 69.8
MotorCyclist 2313.9 641.55 75.0 130.3
MotorCyclist 760.3 627.6 17.0 40.4
MotorCyclist 1008.2 613.4 36.8 34.4
HeavyTruck 1073.65 580.25 22.5 28.5
HeavyTruck 1107.2 554.05 42.8 54.9
Car 1180.85 602.75 12.1 14.7
Car 1212.85 623.9 63.3 53.4
Car 1295.0 603.75 14.8 13.5
MotorCyclist 1361.7 606.25 9.8 25.3
MotorCyclist 1323.65 607.8 5.3 10.0
Car 1350.2 601.45 14.8 11.3
Truck 1454.45 525.25 94.1 128.1
BiCyclist 1644.4 611.8 12.0 40.4
MotorCyclist 1635.55 609.4 31.9 31.2
Pedestrian 1715.95 607.5 9.1 25.0
Pedestrian 1727.7 604.65 9.8 25.7
Car 1726.65 599.1 26.1 27.0
Car 1765.3 600.3 35.4 28.6
Pedestrian 1804.1 607.9 11.4 26.6
van 1851.3 596.3 62.2 30.2
MotorCyclist 1896.8 628.9 32.8 69.8
MotorCyclist 2313.9 641.55 75.0 130.3