Car 2208.6 673.5 102.0 39.8
BiCyclist 1995.8 674.4 44.8 101.2
Pedestrian 1771.15 652.0 19.9 46.4
van 1613.9 634.6 73.8 68.0
MotorCyclist 1693.5 689.75 60.6 108.7
MotorCyclist 1556.7 647.05 39.0 69.7
MotorCyclist 1523.85 662.75 26.5 51.5
BiCyclist 1469.6 649.5 10.8 28.2
Truck 1330.65 581.05 71.3 103.7
Car 1125.65 686.8 136.1 112.8
Truck 1027.85 636.25 26.5 24.9
Car 949.5 616.7 39 39.0
TricycleOpenHuman 855.25 656.6 13.3 22.4
HeavyTruck 204.7 313.05 409.4 463.7
Pedestrian 2221.85 669.85 48.9 82.1
Car 2208.6 673.5 102.0 39.8
BiCyclist 1995.8 674.4 44.8 101.2
Pedestrian 1771.15 652.0 19.9 46.4
van 1613.9 634.6 73.8 68.0
MotorCyclist 1693.5 689.75 60.6 108.7
MotorCyclist 1556.7 647.05 39.0 69.7
MotorCyclist 1523.85 662.75 26.5 51.5
BiCyclist 1469.6 649.5 10.8 28.2
Truck 1330.65 581.05 71.3 103.7
Car 1125.65 686.8 136.1 112.8
Truck 1027.85 636.25 26.5 24.9
Car 949.5 616.7 39 39.0
TricycleOpenHuman 855.25 656.6 13.3 22.4
HeavyTruck 204.7 313.05 409.4 463.7