Motorcycle 2442.5 654.55 39.0 31.5
van 2319.4 632.9 91.2 51.4
MotorCyclist 93.85 694.7 46.5 72.2
MotorCyclist 292.9 693.85 39.8 47.3
Truck 248.15 610.05 109.5 92.1
MotorCyclist 573.7 668.95 17.4 40.7
Car 2217.25 645.35 102.9 63.1
Car 2099.95 647.35 63.9 53.9
Car 1821.6 649.9 54.8 29.0
BiCyclist 1776.85 656.1 24.9 61.4
MotorCyclist 1638.8 642.1 34.0 73.0
MotorCyclist 1530.85 652.75 14.1 41.5
Truck 1373.75 556.65 97.9 137.7
MotorCyclist 1297.45 639.05 4.9 14.1
HeavyTruck 866.1 544.15 107.8 122.7
van 762.8 634.55 44.0 54.7
Car 1039.9 707.1 196.6 163.4
Motorcycle 2529.4 660.2 20.4 33.2
Motorcycle 2442.5 654.55 39.0 31.5
van 2319.4 632.9 91.2 51.4
MotorCyclist 93.85 694.7 46.5 72.2
MotorCyclist 292.9 693.85 39.8 47.3
Truck 248.15 610.05 109.5 92.1
MotorCyclist 573.7 668.95 17.4 40.7
Car 2217.25 645.35 102.9 63.1
Car 2099.95 647.35 63.9 53.9
Car 1821.6 649.9 54.8 29.0
BiCyclist 1776.85 656.1 24.9 61.4
MotorCyclist 1638.8 642.1 34.0 73.0
MotorCyclist 1530.85 652.75 14.1 41.5
Truck 1373.75 556.65 97.9 137.7
MotorCyclist 1297.45 639.05 4.9 14.1
HeavyTruck 866.1 544.15 107.8 122.7
van 762.8 634.55 44.0 54.7
Car 1039.9 707.1 196.6 163.4