Motorcycle 2163.1 674.75 49.0 47.5
MotorCyclist 1916.4 682.6 52.0 92.0
MotorCyclist 1746.5 649.7 49 95.0
BiCyclist 1600.7 654.35 15.8 43.5
MotorCyclist 1544.4 675.6 37.6 84.0
MotorCyclist 1468.7 659.85 18.2 33.3
Truck 1360.95 590.55 66.7 94.7
Car 1155.1 681.2 104.2 86.8
van 1029.05 647.7 14.5 12.6
LargeBus 874.75 613.05 40.7 54.9
LightTruck 56.4 657.0 50.4 57.6
BiCyclist 149.6 699.85 31.2 66.5
BiCyclist 266.7 668.15 37.0 30.7
Truck 308.8 661.05 30.8 34.5
LightTruck 557.7 661.9 25.4 21.0
Car 694.6 645.4 17.6 10.4
Truck 716.45 667.55 65.3 26.7
Truck 928.2 638.55 30.0 31.5
Pedestrian 2314.15 658.0 21.9 35.2
Motorcycle 2163.1 674.75 49.0 47.5
MotorCyclist 1916.4 682.6 52.0 92.0
MotorCyclist 1746.5 649.7 49 95.0
BiCyclist 1600.7 654.35 15.8 43.5
MotorCyclist 1544.4 675.6 37.6 84.0
MotorCyclist 1468.7 659.85 18.2 33.3
Truck 1360.95 590.55 66.7 94.7
Car 1155.1 681.2 104.2 86.8
van 1029.05 647.7 14.5 12.6
LargeBus 874.75 613.05 40.7 54.9
LightTruck 56.4 657.0 50.4 57.6
BiCyclist 149.6 699.85 31.2 66.5
BiCyclist 266.7 668.15 37.0 30.7
Truck 308.8 661.05 30.8 34.5
LightTruck 557.7 661.9 25.4 21.0
Car 694.6 645.4 17.6 10.4
Truck 716.45 667.55 65.3 26.7
Truck 928.2 638.55 30.0 31.5