Car 2030.25 659.05 113.7 37.3
BiCyclist 1923.65 659.9 23.3 72.2
MotorCyclist 1849.45 691.8 80.5 136.0
Pedestrian 1679.05 649.45 14.9 48.1
van 1554.55 635.45 64.7 59.7
MotorCyclist 1510.2 659.05 22.4 47.3
MotorCyclist 1580.75 641.65 30.7 72.1
BiCyclist 1449.2 644.95 10.0 32.3
Truck 1331.35 573.95 76.3 109.5
van 1047.75 630.0 19.9 22.4
HeavyTruck 958.25 611.8 36.5 35.6
HeavyTruck 472.1 441.65 298.6 259.7
van 114.5 629.6 174.2 134.4
Car 1104.2 689.75 146.0 121.9
Pedestrian 2153.9 658.95 29.0 63.9
Car 2030.25 659.05 113.7 37.3
BiCyclist 1923.65 659.9 23.3 72.2
MotorCyclist 1849.45 691.8 80.5 136.0
Pedestrian 1679.05 649.45 14.9 48.1
van 1554.55 635.45 64.7 59.7
MotorCyclist 1510.2 659.05 22.4 47.3
MotorCyclist 1580.75 641.65 30.7 72.1
BiCyclist 1449.2 644.95 10.0 32.3
Truck 1331.35 573.95 76.3 109.5
van 1047.75 630.0 19.9 22.4
HeavyTruck 958.25 611.8 36.5 35.6
HeavyTruck 472.1 441.65 298.6 259.7
van 114.5 629.6 174.2 134.4
Car 1104.2 689.75 146.0 121.9