van 1852.75 635.8 153.5 113.6
MotorCyclist 1661.15 673.15 32.3 65.5
MotorCyclist 1528.45 640.85 35.7 60.5
MotorCyclist 1469.45 657.45 14.1 37.3
MotorCyclist 1535.95 679.0 43.9 90.4
Truck 1348.0 590.55 66.4 96.3
Car 1153.55 690.3 121.9 99.8
Truck 929.95 613.4 43.1 32.4
Truck 915.8 646.55 68.0 29.1
MotorCyclist 454.6 694.2 21.6 44.8
MotorCyclist 404.45 689.3 24.1 61.4
Car 33.4 692.55 66.8 64.7
Pedestrian 613.15 678.05 9.9 35.7
TricycleOpenHuman 773.55 668.15 19.1 29.1
Pedestrian 2250.05 675.25 35.7 106.1
van 1852.75 635.8 153.5 113.6
MotorCyclist 1661.15 673.15 32.3 65.5
MotorCyclist 1528.45 640.85 35.7 60.5
MotorCyclist 1469.45 657.45 14.1 37.3
MotorCyclist 1535.95 679.0 43.9 90.4
Truck 1348.0 590.55 66.4 96.3
Car 1153.55 690.3 121.9 99.8
Truck 929.95 613.4 43.1 32.4
Truck 915.8 646.55 68.0 29.1
MotorCyclist 454.6 694.2 21.6 44.8
MotorCyclist 404.45 689.3 24.1 61.4
Car 33.4 692.55 66.8 64.7
Pedestrian 613.15 678.05 9.9 35.7
TricycleOpenHuman 773.55 668.15 19.1 29.1