Car 2365.75 654.45 97.9 58.1
MotorCyclist 2097.45 712.5 115.3 184.2
Car 1935.7 666.5 83.8 39.0
Pedestrian 1908.8 674.35 13.2 41.5
BiCyclist 1854.9 672.3 28.2 73.8
MotorCyclist 1588.15 658.6 29.1 66.4
van 1504.8 644.95 58.0 52.3
MotorCyclist 1494.8 661.9 21.6 49.8
Truck 1338.85 581.5 81.3 117.8
Car 1077.2 705.9 158.4 131.0
Car 951.05 627.05 35.7 36.5
HeavyTruck 683.15 511.8 186.7 190.8
van 484.15 645.75 100.3 87.1
MotorCyclist 383.7 693.5 25.8 49.8
MotorCyclist 187.55 703.45 41.5 69.7
MotorCyclist 80.55 705.1 29.9 63.0
Pedestrian 37.4 713.85 23.2 60.5
Truck 52.5 634.2 105 100.4
Car 2490.85 655.65 46.1 70.5
Car 2365.75 654.45 97.9 58.1
MotorCyclist 2097.45 712.5 115.3 184.2
Car 1935.7 666.5 83.8 39.0
Pedestrian 1908.8 674.35 13.2 41.5
BiCyclist 1854.9 672.3 28.2 73.8
MotorCyclist 1588.15 658.6 29.1 66.4
van 1504.8 644.95 58.0 52.3
MotorCyclist 1494.8 661.9 21.6 49.8
Truck 1338.85 581.5 81.3 117.8
Car 1077.2 705.9 158.4 131.0
Car 951.05 627.05 35.7 36.5
HeavyTruck 683.15 511.8 186.7 190.8
van 484.15 645.75 100.3 87.1
MotorCyclist 383.7 693.5 25.8 49.8
MotorCyclist 187.55 703.45 41.5 69.7
MotorCyclist 80.55 705.1 29.9 63.0
Pedestrian 37.4 713.85 23.2 60.5
Truck 52.5 634.2 105 100.4