Motorcycle 2395.6 651.55 21.6 32.3
van 2252.95 637.1 87.9 49.8
Car 2142.25 649.95 92.1 55.5
Car 2037.25 651.9 58.1 49.8
BiCyclist 1790.05 661.45 24.9 58.9
MotorCyclist 1689.85 648.75 36.5 76.3
MotorCyclist 1595.15 658.95 19.9 63.9
Truck 1432.25 553.3 115.3 151.0
MotorCyclist 1316.5 641.65 6.6 15.7
HeavyTruck 925.8 558.7 91.2 108.6
van 847.8 637.05 34.8 46.5
MotorCyclist 680.25 662.8 14.9 34.8
BiCyclist 658.25 666.95 14.1 33.1
MotorCyclist 402.35 682.6 29.9 54.8
MotorCyclist 303.65 682.2 24.9 54.0
Motorcycle 2470.9 654.85 59.4 45.7
Motorcycle 2395.6 651.55 21.6 32.3
van 2252.95 637.1 87.9 49.8
Car 2142.25 649.95 92.1 55.5
Car 2037.25 651.9 58.1 49.8
BiCyclist 1790.05 661.45 24.9 58.9
MotorCyclist 1689.85 648.75 36.5 76.3
MotorCyclist 1595.15 658.95 19.9 63.9
Truck 1432.25 553.3 115.3 151.0
MotorCyclist 1316.5 641.65 6.6 15.7
HeavyTruck 925.8 558.7 91.2 108.6
van 847.8 637.05 34.8 46.5
MotorCyclist 680.25 662.8 14.9 34.8
BiCyclist 658.25 666.95 14.1 33.1
MotorCyclist 402.35 682.6 29.9 54.8
MotorCyclist 303.65 682.2 24.9 54.0