BiCyclist 2213.65 685.15 58.9 132.7
Pedestrian 2181.15 688.05 30.7 82.1
Pedestrian 1936.05 666.5 24.9 72.2
van 1713.75 639.95 97.9 85.5
MotorCyclist 1534.7 649.5 41.4 74.6
BiCyclist 1496.45 651.95 11.7 29.9
MotorCyclist 1462.9 654.9 17.4 39.0
MotorCyclist 1604.7 684.35 49.0 97.9
Truck 1342.6 587.35 68.8 99.5
Car 1154.7 687.65 127.8 104.5
Truck 1003.95 636.25 42.3 30.5
TricycleClosed 940.75 618.35 31.5 42.3
MotorCyclist 632.55 674.35 19.1 41.5
TricycleOpenHuman 826.3 662.8 18.2 24.8
HeavyTruck 146.2 248.0 292.4 496
Pedestrian 2405.25 678.15 47.3 108.7
BiCyclist 2213.65 685.15 58.9 132.7
Pedestrian 2181.15 688.05 30.7 82.1
Pedestrian 1936.05 666.5 24.9 72.2
van 1713.75 639.95 97.9 85.5
MotorCyclist 1534.7 649.5 41.4 74.6
BiCyclist 1496.45 651.95 11.7 29.9
MotorCyclist 1462.9 654.9 17.4 39.0
MotorCyclist 1604.7 684.35 49.0 97.9
Truck 1342.6 587.35 68.8 99.5
Car 1154.7 687.65 127.8 104.5
Truck 1003.95 636.25 42.3 30.5
TricycleClosed 940.75 618.35 31.5 42.3
MotorCyclist 632.55 674.35 19.1 41.5
TricycleOpenHuman 826.3 662.8 18.2 24.8
HeavyTruck 146.2 248.0 292.4 496