BiCyclist 447.15 674.45 19.9 48.1
TricycleOpenHuman 702.25 663.55 15.7 39.9
LightTruck 797.3 641.2 86.2 34.8
van 2174.8 626.25 256.8 180.9
MotorCyclist 1779.85 671.0 37.3 78
MotorCyclist 1592.25 645.35 37.3 86.3
BiCyclist 1552.4 641.95 10.8 29.9
MotorCyclist 1501.0 670.55 44.0 87.1
MotorCyclist 1460.05 646.5 14.9 39.0
Truck 1355.1 586.05 63.8 93.7
Car 1145.55 676.85 109.5 92.9
MotorCyclist 1032.75 645.4 6.7 13.2
HeavyTruck 907.1 609.65 50.6 48.1
MotorCyclist 122.05 696.0 36.5 68
BiCyclist 447.15 674.45 19.9 48.1
TricycleOpenHuman 702.25 663.55 15.7 39.9
LightTruck 797.3 641.2 86.2 34.8
van 2174.8 626.25 256.8 180.9
MotorCyclist 1779.85 671.0 37.3 78
MotorCyclist 1592.25 645.35 37.3 86.3
BiCyclist 1552.4 641.95 10.8 29.9
MotorCyclist 1501.0 670.55 44.0 87.1
MotorCyclist 1460.05 646.5 14.9 39.0
Truck 1355.1 586.05 63.8 93.7
Car 1145.55 676.85 109.5 92.9
MotorCyclist 1032.75 645.4 6.7 13.2
HeavyTruck 907.1 609.65 50.6 48.1