MotorCyclist 2483.5 702.2 51 160.8
MotorCyclist 2121.35 647.65 75.5 127.3
BiCyclist 1748.05 652.35 20.9 56.7
MotorCyclist 1664.25 669.5 41.3 81.0
MotorCyclist 1559.7 643.8 21.8 33.6
MotorCyclist 1472.8 646.8 13.6 36.4
Truck 1369.6 581.45 67.2 95.7
Car 1181.55 671.8 92.7 77.2
MotorCyclist 1089.8 639.85 8.4 15.7
Car 969.5 638.7 15.4 15.0
HeavyTruck 791.05 594.65 82.5 67.3
Car 462.65 660.25 35.7 28.5
LightTruck 497.1 657.5 26.6 29.0
Truck 499.7 641.75 41.8 37.1
van 299.05 662.4 30.1 34.8
LightTruck 212.75 667.4 46.7 42.8
van 90.45 672.75 50.5 48.3
TricycleOpenHuman 16.7 672.15 33.4 47.9
TricycleOpenHuman 29.6 702.55 59.2 76.7
MotorCyclist 2483.5 702.2 51 160.8
MotorCyclist 2121.35 647.65 75.5 127.3
BiCyclist 1748.05 652.35 20.9 56.7
MotorCyclist 1664.25 669.5 41.3 81.0
MotorCyclist 1559.7 643.8 21.8 33.6
MotorCyclist 1472.8 646.8 13.6 36.4
Truck 1369.6 581.45 67.2 95.7
Car 1181.55 671.8 92.7 77.2
MotorCyclist 1089.8 639.85 8.4 15.7
Car 969.5 638.7 15.4 15.0
HeavyTruck 791.05 594.65 82.5 67.3
Car 462.65 660.25 35.7 28.5
LightTruck 497.1 657.5 26.6 29.0
Truck 499.7 641.75 41.8 37.1
van 299.05 662.4 30.1 34.8
LightTruck 212.75 667.4 46.7 42.8
van 90.45 672.75 50.5 48.3
TricycleOpenHuman 16.7 672.15 33.4 47.9