van 809.85 642.55 31.7 27.9
van 847.2 642.3 38.0 24.6
MotorCyclist 924.4 650.4 11.2 27.6
Motorcycle 984.4 640.2 16.8 24.8
van 923.85 638.4 30.1 22.0
Car 1174.45 663.4 80.5 66.8
Truck 1377.0 571.5 77.6 108.6
MotorCyclist 1514.05 645.95 20.5 41.1
MotorCyclist 1728.6 677.65 53.6 105.3
MotorCyclist 1709.5 649.95 28.2 55.9
Truck 1844.65 602.35 76.5 25.9
HeavyTruck 138.15 529.85 276.3 172.1
van 809.85 642.55 31.7 27.9
van 847.2 642.3 38.0 24.6
MotorCyclist 924.4 650.4 11.2 27.6
Motorcycle 984.4 640.2 16.8 24.8
van 923.85 638.4 30.1 22.0
Car 1174.45 663.4 80.5 66.8
Truck 1377.0 571.5 77.6 108.6
MotorCyclist 1514.05 645.95 20.5 41.1
MotorCyclist 1728.6 677.65 53.6 105.3
MotorCyclist 1709.5 649.95 28.2 55.9
Truck 1844.65 602.35 76.5 25.9