Pedestrian 422.1 675.7 16.6 47.8
Pedestrian 459.85 672.2 15.3 53.6
van 503.2 660.3 67.2 44.2
van 580.85 656.25 54.9 38.5
van 636.85 654.25 64.5 34.5
TricycleOpenMotor 659.45 662.5 40.9 52.2
Pedestrian 737.55 669.2 11.9 32.8
LightTruck 742.95 650.8 22.7 30.0
van 774.85 653.65 30.9 28.5
Car 811.4 657.75 22.4 22.7
Truck 17.55 650.55 35.1 58.7
Car 1155.9 672.25 79.4 66.1
Truck 1385.2 567.85 96.0 130.5
MotorCyclist 1570.9 659.3 24.6 50.2
MotorCyclist 1976.55 713.6 95.1 174.8
Truck 2251.2 581.3 103.6 78.2
Truck 2096.3 591.9 149.4 71.8
Truck 2034.55 565.0 137.1 55.2
HeavyTruck 1584.55 619.1 83.9 45.0
Truck 1796.25 577.5 77.3 37.0
Truck 324.55 649.5 51.1 59.4
Pedestrian 422.1 675.7 16.6 47.8
Pedestrian 459.85 672.2 15.3 53.6
van 503.2 660.3 67.2 44.2
van 580.85 656.25 54.9 38.5
van 636.85 654.25 64.5 34.5
TricycleOpenMotor 659.45 662.5 40.9 52.2
Pedestrian 737.55 669.2 11.9 32.8
LightTruck 742.95 650.8 22.7 30.0
van 774.85 653.65 30.9 28.5
Car 811.4 657.75 22.4 22.7
Truck 17.55 650.55 35.1 58.7
Car 1155.9 672.25 79.4 66.1
Truck 1385.2 567.85 96.0 130.5
MotorCyclist 1570.9 659.3 24.6 50.2
MotorCyclist 1976.55 713.6 95.1 174.8
Truck 2251.2 581.3 103.6 78.2
Truck 2096.3 591.9 149.4 71.8
Truck 2034.55 565.0 137.1 55.2
HeavyTruck 1584.55 619.1 83.9 45.0
Truck 1796.25 577.5 77.3 37.0