LightTruck 330.45 656.25 50.9 37.3
Truck 389.7 642.85 35.0 42.5
Truck 398.7 646.0 43.4 39.2
Truck 500.5 642.4 28.2 41.6
Truck 567.55 633.75 15.9 19.9
HeavyTruck 709.0 588.9 100.8 79.0
MotorCyclist 884.1 654.35 11.8 28.3
Car 943.7 640.05 17.8 14.5
Car 941.1 647.4 13.8 16.8
van 978.85 640.95 18.9 15.1
MotorCyclist 1057.6 645.3 8.4 14.2
Car 1177.9 670.8 87.0 74.0
Truck 1361.9 582.9 68.6 97.8
MotorCyclist 1466.1 655.8 11.4 31.2
MotorCyclist 1563.65 649.1 18.5 35.4
MotorCyclist 1668.9 671.8 41.0 84.8
BiCyclist 1843.2 660.7 30.4 71.4
MotorCyclist 2354.85 653.4 94.1 164.4
van 47.05 670.35 36.1 39.5
LightTruck 330.45 656.25 50.9 37.3
Truck 389.7 642.85 35.0 42.5
Truck 398.7 646.0 43.4 39.2
Truck 500.5 642.4 28.2 41.6
Truck 567.55 633.75 15.9 19.9
HeavyTruck 709.0 588.9 100.8 79.0
MotorCyclist 884.1 654.35 11.8 28.3
Car 943.7 640.05 17.8 14.5
Car 941.1 647.4 13.8 16.8
van 978.85 640.95 18.9 15.1
MotorCyclist 1057.6 645.3 8.4 14.2
Car 1177.9 670.8 87.0 74.0
Truck 1361.9 582.9 68.6 97.8
MotorCyclist 1466.1 655.8 11.4 31.2
MotorCyclist 1563.65 649.1 18.5 35.4
MotorCyclist 1668.9 671.8 41.0 84.8
BiCyclist 1843.2 660.7 30.4 71.4
MotorCyclist 2354.85 653.4 94.1 164.4