van 275.0 633.05 35.2 34.5
van 746.4 639.1 34.0 26.6
van 770.1 642.45 63.0 30.5
van 813.7 638.55 39.8 22.7
TricycleOpenMotor 929.7 642.15 20.6 30.3
LightTruck 882.9 635.85 16.6 17.7
MotorCyclist 796.8 654.9 20.4 38.2
Car 1181.0 660.7 79.2 65.8
Truck 2407.05 585.4 80.9 26.8
Truck 1389.95 565.45 81.9 114.9
MotorCyclist 1538.0 648.6 21.6 40.4
MotorCyclist 1760.25 680.55 61.7 120.3
Truck 1704.85 622.85 87.7 58.1
MotorCyclist 1877.85 660.65 42.1 86.9
TricycleOpenHuman 2074.6 666.85 61.6 94.1
Truck 2094.8 571.35 150.8 73.9
HeavyTruck 64.65 619.5 129.3 125.8
van 275.0 633.05 35.2 34.5
van 746.4 639.1 34.0 26.6
van 770.1 642.45 63.0 30.5
van 813.7 638.55 39.8 22.7
TricycleOpenMotor 929.7 642.15 20.6 30.3
LightTruck 882.9 635.85 16.6 17.7
MotorCyclist 796.8 654.9 20.4 38.2
Car 1181.0 660.7 79.2 65.8
Truck 2407.05 585.4 80.9 26.8
Truck 1389.95 565.45 81.9 114.9
MotorCyclist 1538.0 648.6 21.6 40.4
MotorCyclist 1760.25 680.55 61.7 120.3
Truck 1704.85 622.85 87.7 58.1
MotorCyclist 1877.85 660.65 42.1 86.9
TricycleOpenHuman 2074.6 666.85 61.6 94.1
Truck 2094.8 571.35 150.8 73.9