van 33.8 681.5 67.6 60.6
van 46.95 678.9 93.9 60.6
BiCyclist 458.65 680.55 19.3 47.5
MotorCyclist 991.2 664.05 8.4 18.1
Car 1209.2 675.8 86.4 73.2
MotorCyclist 1381.05 654.45 7.7 21.3
Car 1353.9 648.9 8.2 17.4
MotorCyclist 1327.9 653.35 9.0 16.3
Truck 1540.45 500.7 184.9 234.6
MotorCyclist 1900.85 684.35 35.7 83.9
MotorCyclist 2043.8 679.55 66.8 124.3
Truck 2432.2 585.0 85.2 117.6
Truck 2322.4 558.85 147.6 123.3
Truck 2255.7 563.3 148.6 113.4
Truck 2232.6 577.0 146.0 116.0
Truck 2195.85 573.4 176.1 96.4
Truck 2163.75 593.1 169.9 92.2
Truck 2103.55 593.05 182.3 100.5
Truck 2046.4 586.4 163.2 80.8
Car 1992.75 594.7 147.1 87.0
LightTruck 19.7 685.15 39.4 67.9
van 33.8 681.5 67.6 60.6
van 46.95 678.9 93.9 60.6
BiCyclist 458.65 680.55 19.3 47.5
MotorCyclist 991.2 664.05 8.4 18.1
Car 1209.2 675.8 86.4 73.2
MotorCyclist 1381.05 654.45 7.7 21.3
Car 1353.9 648.9 8.2 17.4
MotorCyclist 1327.9 653.35 9.0 16.3
Truck 1540.45 500.7 184.9 234.6
MotorCyclist 1900.85 684.35 35.7 83.9
MotorCyclist 2043.8 679.55 66.8 124.3
Truck 2432.2 585.0 85.2 117.6
Truck 2322.4 558.85 147.6 123.3
Truck 2255.7 563.3 148.6 113.4
Truck 2232.6 577.0 146.0 116.0
Truck 2195.85 573.4 176.1 96.4
Truck 2163.75 593.1 169.9 92.2
Truck 2103.55 593.05 182.3 100.5
Truck 2046.4 586.4 163.2 80.8
Car 1992.75 594.7 147.1 87.0