van 30.1 672.05 60.2 66.5
van 42.15 665.05 84.3 62.9
Car 120.6 661.15 154.0 60.7
Pedestrian 303.55 689.75 21.9 60.7
van 217.6 655.15 134.8 59.1
van 251.95 628.55 116.7 66.3
van 318.1 650.9 95.4 42.6
van 350.4 651.35 88.4 44.3
Pedestrian 518.25 667.05 15.3 44.1
Car 486.8 652.55 78.0 43.9
van 518.05 653.15 81.3 40.7
van 547.5 654.05 79 35.7
van 592.85 655.05 57.3 33.3
van 574.55 653.0 81.1 32.4
van 608.55 650.15 68.3 33.9
van 617.85 652.85 72.9 32.1
BiCyclist 826.4 658.65 9.6 23.7
Car 1166.45 665.6 81.7 68.8
MotorCyclist 1289.45 652.0 5.7 11.6
Pedestrian 1302.85 653.8 4.1 11.2
Pedestrian 1320.0 651.95 6.0 13.1
MotorCyclist 1336.3 652.15 6.6 13.9
MotorCyclist 1362.75 650.0 5.5 15.6
Truck 1438.8 546.4 112.0 157.6
MotorCyclist 1609.6 652.9 16.8 41.4
MotorCyclist 1704.8 657.2 25.6 62.8
HeavyTruck 1779.0 576.55 177.2 85.9
van 14.9 678.9 29.8 67.4
van 30.1 672.05 60.2 66.5
van 42.15 665.05 84.3 62.9
Car 120.6 661.15 154.0 60.7
Pedestrian 303.55 689.75 21.9 60.7
van 217.6 655.15 134.8 59.1
van 251.95 628.55 116.7 66.3
van 318.1 650.9 95.4 42.6
van 350.4 651.35 88.4 44.3
Pedestrian 518.25 667.05 15.3 44.1
Car 486.8 652.55 78.0 43.9
van 518.05 653.15 81.3 40.7
van 547.5 654.05 79 35.7
van 592.85 655.05 57.3 33.3
van 574.55 653.0 81.1 32.4
van 608.55 650.15 68.3 33.9
van 617.85 652.85 72.9 32.1
BiCyclist 826.4 658.65 9.6 23.7
Car 1166.45 665.6 81.7 68.8
MotorCyclist 1289.45 652.0 5.7 11.6
Pedestrian 1302.85 653.8 4.1 11.2
Pedestrian 1320.0 651.95 6.0 13.1
MotorCyclist 1336.3 652.15 6.6 13.9
MotorCyclist 1362.75 650.0 5.5 15.6
Truck 1438.8 546.4 112.0 157.6
MotorCyclist 1609.6 652.9 16.8 41.4
MotorCyclist 1704.8 657.2 25.6 62.8
HeavyTruck 1779.0 576.55 177.2 85.9