MotorCyclist 865.75 652.3 10.7 25.0
MotorCyclist 907.05 643.8 14.5 28.8
Car 1113.25 636.95 21.3 20.3
Car 1163.35 634.05 9.1 10.9
Car 1207.05 663.45 90.5 75.7
Pedestrian 1357.45 640.8 8.1 14.8
MotorCyclist 1334.65 641.3 8.1 16.6
MotorCyclist 1381.35 641.85 8.7 20.1
Truck 1573.45 461.15 220.1 280.3
MotorCyclist 1893.3 662.65 38.6 87.3
MotorCyclist 2315.75 691.35 118.7 194.3
MotorCyclist 2236.1 661.85 78.6 110.5
Truck 2453.95 540.4 70.7 150.0
Truck 2375.35 555.9 123.1 133.4
Truck 2324.2 557.85 157.2 137.3
Truck 2274.1 571.35 190.6 119.9
Truck 2172.1 569.4 193.0 109.6
Truck 2115.3 574.85 184.2 95.3
Truck 2051.0 569.7 157.2 88.2
Truck 2005.3 580.5 139.0 71.4
HeavyTruck 1980.0 548.25 158.0 92.9
BiCyclist 154.3 677.6 26.2 64.8
MotorCyclist 865.75 652.3 10.7 25.0
MotorCyclist 907.05 643.8 14.5 28.8
Car 1113.25 636.95 21.3 20.3
Car 1163.35 634.05 9.1 10.9
Car 1207.05 663.45 90.5 75.7
Pedestrian 1357.45 640.8 8.1 14.8
MotorCyclist 1334.65 641.3 8.1 16.6
MotorCyclist 1381.35 641.85 8.7 20.1
Truck 1573.45 461.15 220.1 280.3
MotorCyclist 1893.3 662.65 38.6 87.3
MotorCyclist 2315.75 691.35 118.7 194.3
MotorCyclist 2236.1 661.85 78.6 110.5
Truck 2453.95 540.4 70.7 150.0
Truck 2375.35 555.9 123.1 133.4
Truck 2324.2 557.85 157.2 137.3
Truck 2274.1 571.35 190.6 119.9
Truck 2172.1 569.4 193.0 109.6
Truck 2115.3 574.85 184.2 95.3
Truck 2051.0 569.7 157.2 88.2
Truck 2005.3 580.5 139.0 71.4
HeavyTruck 1980.0 548.25 158.0 92.9