Truck 587.75 637.4 103.9 54.4
MotorCyclist 1011.1 671.45 11.0 21.7
TricycleOpenHuman 981.25 666.5 14.5 22.2
Car 1104.65 664.4 15.7 14.4
Car 1153.75 663.3 13.9 11.4
Car 1258.05 706.8 115.3 96.0
MotorCyclist 1447.6 663.9 11.6 28.2
MotorCyclist 1585.35 664.8 10.7 21.6
Truck 2119.0 353.45 294 706.9
Pedestrian 512.35 691.9 13.1 41.4
Truck 587.75 637.4 103.9 54.4
MotorCyclist 1011.1 671.45 11.0 21.7
TricycleOpenHuman 981.25 666.5 14.5 22.2
Car 1104.65 664.4 15.7 14.4
Car 1153.75 663.3 13.9 11.4
Car 1258.05 706.8 115.3 96.0
MotorCyclist 1447.6 663.9 11.6 28.2
MotorCyclist 1585.35 664.8 10.7 21.6
Truck 2119.0 353.45 294 706.9