LightTruck 22.95 636.85 45.9 83.7
LightTruck 33.55 671.75 67.1 49.1
LightTruck 58.7 662.15 76.2 61.1
LightTruck 102.85 658.3 92.5 59.0
Pedestrian 203.3 682.55 25.0 60.7
van 209.2 660.65 117.6 62.1
van 215.95 648.4 131.1 60.4
van 284.7 653.6 121.4 53.6
van 362.2 659.3 102.8 46.6
van 381.8 660.25 105.2 41.7
van 449.3 660.8 78.6 40.4
van 453.15 652.95 87.9 40.7
van 483.7 660.55 76.6 34.3
van 515.35 662.25 65.5 33.7
BiCyclist 737.25 666.5 12.1 31.0
Car 1174.6 665.35 84.0 71.1
MotorCyclist 1369.0 650.35 6.4 17.5
Truck 1464.7 532.1 130.2 173.8
MotorCyclist 1780.55 661.15 31.1 73.5
HeavyTruck 1923.55 559.5 212.7 108.6
HeavyTruck 2246.7 561.7 165.8 111.4
HeavyTruck 2355.1 555.8 136.6 130.8
Truck 2448.55 537.95 74.3 147.9
van 18.65 676.6 37.3 75.2
LightTruck 22.95 636.85 45.9 83.7
LightTruck 33.55 671.75 67.1 49.1
LightTruck 58.7 662.15 76.2 61.1
LightTruck 102.85 658.3 92.5 59.0
Pedestrian 203.3 682.55 25.0 60.7
van 209.2 660.65 117.6 62.1
van 215.95 648.4 131.1 60.4
van 284.7 653.6 121.4 53.6
van 362.2 659.3 102.8 46.6
van 381.8 660.25 105.2 41.7
van 449.3 660.8 78.6 40.4
van 453.15 652.95 87.9 40.7
van 483.7 660.55 76.6 34.3
van 515.35 662.25 65.5 33.7
BiCyclist 737.25 666.5 12.1 31.0
Car 1174.6 665.35 84.0 71.1
MotorCyclist 1369.0 650.35 6.4 17.5
Truck 1464.7 532.1 130.2 173.8
MotorCyclist 1780.55 661.15 31.1 73.5
HeavyTruck 1923.55 559.5 212.7 108.6
HeavyTruck 2246.7 561.7 165.8 111.4
HeavyTruck 2355.1 555.8 136.6 130.8
Truck 2448.55 537.95 74.3 147.9