Truck 37.7 587.3 75.4 104.2
Truck 107.3 599.65 57.4 78.1
Truck 179.05 600.65 54.1 80.1
Truck 206.15 612.05 46.7 76.1
MotorCyclist 287.25 695.15 38.1 52.7
Car 941.05 631.65 30.9 23.7
TricycleOpenHuman 685.45 635.6 25.7 44.0
Car 1045.4 630.55 26.8 19.9
MotorCyclist 1471.25 628.5 14.1 35.0
MotorCyclist 1394.05 626.3 8.9 19.0
MotorCyclist 1346.1 628.65 9.8 22.9
Car 1179.25 667.1 138.9 114.2
Truck 37.7 587.3 75.4 104.2
Truck 107.3 599.65 57.4 78.1
Truck 179.05 600.65 54.1 80.1
Truck 206.15 612.05 46.7 76.1
MotorCyclist 287.25 695.15 38.1 52.7
Car 941.05 631.65 30.9 23.7
TricycleOpenHuman 685.45 635.6 25.7 44.0
Car 1045.4 630.55 26.8 19.9
MotorCyclist 1471.25 628.5 14.1 35.0
MotorCyclist 1394.05 626.3 8.9 19.0
MotorCyclist 1346.1 628.65 9.8 22.9