Car 1214.1 537.45 154.2 130.9
MotorCyclist 1942.35 517.2 49.9 107.6
Motorcycle 2180.9 527.95 65.4 49.9
MotorCyclist 1633.05 498.25 24.1 52.5
MotorCyclist 1569.85 492.55 17.7 43.5
MotorCyclist 1448.55 487.95 14.7 37.5
Car 763.0 506.95 100.0 83.9
Car 1092.75 478.3 15.1 13.0
Car 993.3 482.4 19.0 14.8
Car 658.7 500.15 27.8 21.5
LargeBus 87.45 353.2 174.9 275.6
Car 1214.1 537.45 154.2 130.9
MotorCyclist 1942.35 517.2 49.9 107.6
Motorcycle 2180.9 527.95 65.4 49.9
MotorCyclist 1633.05 498.25 24.1 52.5
MotorCyclist 1569.85 492.55 17.7 43.5
MotorCyclist 1448.55 487.95 14.7 37.5
Car 763.0 506.95 100.0 83.9
Car 1092.75 478.3 15.1 13.0
Car 993.3 482.4 19.0 14.8
Car 658.7 500.15 27.8 21.5