Car 1183.5 680.7 135 109.8
MotorCyclist 1594.7 657.5 19.0 47.4
MotorCyclist 1435.25 652.85 13.7 29.3
Pedestrian 1397.4 652.7 12.4 27.0
MotorCyclist 1354.5 657.8 9.8 24.8
LargeBus 1039.15 612.3 28.7 33.0
Car 1055.35 646.25 26.3 21.3
Car 1107.3 633.55 14.2 13.1
MotorCyclist 612.45 671.55 18.1 36.3
Car 1183.5 680.7 135 109.8
MotorCyclist 1594.7 657.5 19.0 47.4
MotorCyclist 1435.25 652.85 13.7 29.3
Pedestrian 1397.4 652.7 12.4 27.0
MotorCyclist 1354.5 657.8 9.8 24.8
LargeBus 1039.15 612.3 28.7 33.0
Car 1055.35 646.25 26.3 21.3
Car 1107.3 633.55 14.2 13.1