MotorCyclist 601.75 654.1 21.5 37.0
Car 747.75 657.5 37.9 19.8
van 905.8 642.5 23.2 20.6
Car 1008.75 639.55 22.3 21.5
Car 1050.85 637.8 17.3 18.0
Car 1086.7 638.15 19.8 15.5
Car 1167.2 676.55 129.2 105.9
MotorCyclist 1379.9 638.2 13.8 22.4
MotorCyclist 1345.05 634.65 12.9 29.3
MotorCyclist 1422.15 644.2 15.5 34.4
MotorCyclist 1464.75 638.25 21.5 46.5
MotorCyclist 1741.25 649.45 30.1 68.9
MotorCyclist 1804.9 658.8 37.0 84.4
Car 326.65 668.75 74.1 38.7
MotorCyclist 601.75 654.1 21.5 37.0
Car 747.75 657.5 37.9 19.8
van 905.8 642.5 23.2 20.6
Car 1008.75 639.55 22.3 21.5
Car 1050.85 637.8 17.3 18.0
Car 1086.7 638.15 19.8 15.5
Car 1167.2 676.55 129.2 105.9
MotorCyclist 1379.9 638.2 13.8 22.4
MotorCyclist 1345.05 634.65 12.9 29.3
MotorCyclist 1422.15 644.2 15.5 34.4
MotorCyclist 1464.75 638.25 21.5 46.5
MotorCyclist 1741.25 649.45 30.1 68.9
MotorCyclist 1804.9 658.8 37.0 84.4