Car 474.3 651.05 52.6 24.1
van 954.4 632.2 17.2 17.2
Car 1060.9 628.3 19.8 19.8
Car 1125.45 630.0 18.1 16.4
Car 1197.3 676.0 137.8 112
MotorCyclist 1475.9 638.15 19.8 43.1
MotorCyclist 1432.35 636.8 15.5 33.6
MotorCyclist 1743.3 650.7 31.0 71.4
MotorCyclist 1676.65 647.15 24.9 54.3
MotorCyclist 2369.5 689.35 105.0 173.1
MotorCyclist 763.2 640.7 17.2 31.0
Car 474.3 651.05 52.6 24.1
van 954.4 632.2 17.2 17.2
Car 1060.9 628.3 19.8 19.8
Car 1125.45 630.0 18.1 16.4
Car 1197.3 676.0 137.8 112
MotorCyclist 1475.9 638.15 19.8 43.1
MotorCyclist 1432.35 636.8 15.5 33.6
MotorCyclist 1743.3 650.7 31.0 71.4
MotorCyclist 1676.65 647.15 24.9 54.3
MotorCyclist 2369.5 689.35 105.0 173.1