Car 577.65 663.55 90.5 66.3
van 779.95 654.6 26.7 34.4
MotorCyclist 2278.6 680.0 68.0 140.4
MotorCyclist 1553.35 652.45 26.7 57.7
MotorCyclist 1479.3 656.7 19.8 42.2
MotorCyclist 1358.35 642.85 15.5 35.3
Car 1174.9 664.45 103.4 85.3
Car 983.8 649.3 44.8 31.0
Car 860.55 647.25 43.1 40.5
Pedestrian 1501.3 647.6 8.6 27.6
Pedestrian 503.65 673.95 18.1 38.7
Car 577.65 663.55 90.5 66.3
van 779.95 654.6 26.7 34.4
MotorCyclist 2278.6 680.0 68.0 140.4
MotorCyclist 1553.35 652.45 26.7 57.7
MotorCyclist 1479.3 656.7 19.8 42.2
MotorCyclist 1358.35 642.85 15.5 35.3
Car 1174.9 664.45 103.4 85.3
Car 983.8 649.3 44.8 31.0
Car 860.55 647.25 43.1 40.5
Pedestrian 1501.3 647.6 8.6 27.6