MotorCyclist 1669.05 651.05 31.3 63.7
MotorCyclist 1547.25 640.0 19.7 46.4
MotorCyclist 1448.65 634.75 22.1 35.9
MotorCyclist 2459.2 733.3 67.2 256.2
HeavyTruck 2219.2 532.25 227.2 146.1
Truck 2163.55 555.35 264.3 173.9
HeavyTruck 2064.4 533.25 330.4 134.5
HeavyTruck 2025.5 539.7 336.2 142.6
Truck 1109.05 618.6 19.7 22.0
Car 782.05 645.25 42.9 19.7
MotorCyclist 1377.35 623.15 13.9 26.7
Car 1195.2 666.15 114.8 95.1
MotorCyclist 1669.05 651.05 31.3 63.7
MotorCyclist 1547.25 640.0 19.7 46.4
MotorCyclist 1448.65 634.75 22.1 35.9
MotorCyclist 2459.2 733.3 67.2 256.2
HeavyTruck 2219.2 532.25 227.2 146.1
Truck 2163.55 555.35 264.3 173.9
HeavyTruck 2064.4 533.25 330.4 134.5
HeavyTruck 2025.5 539.7 336.2 142.6
Truck 1109.05 618.6 19.7 22.0
Car 782.05 645.25 42.9 19.7
MotorCyclist 1377.35 623.15 13.9 26.7