MotorCyclist 2099.15 692.75 93.9 198.3
MotorCyclist 1876.0 642.95 23.2 70.7
MotorCyclist 1589.05 647.5 19.7 52.2
MotorCyclist 1515.9 637.65 17.4 41.7
MotorCyclist 1426.15 630.1 13.9 31.4
HeavyTruck 192.45 247.55 384.9 495.1
Truck 2015.65 587.85 362.9 155.3
Truck 1984.3 573.35 351.4 117.1
Truck 1912.4 563.5 356.0 97.4
Truck 1885.25 575.65 352.5 121.7
HeavyTruck 1629.55 566.9 59.1 76.6
Car 1032.4 634.3 13.6 10.6
MotorCyclist 981.7 634.95 5.8 12.7
Car 1180.95 669.55 117.1 105.5
MotorCyclist 2099.15 692.75 93.9 198.3
MotorCyclist 1876.0 642.95 23.2 70.7
MotorCyclist 1589.05 647.5 19.7 52.2
MotorCyclist 1515.9 637.65 17.4 41.7
MotorCyclist 1426.15 630.1 13.9 31.4
HeavyTruck 192.45 247.55 384.9 495.1
Truck 2015.65 587.85 362.9 155.3
Truck 1984.3 573.35 351.4 117.1
Truck 1912.4 563.5 356.0 97.4
Truck 1885.25 575.65 352.5 121.7
HeavyTruck 1629.55 566.9 59.1 76.6
Car 1032.4 634.3 13.6 10.6
MotorCyclist 981.7 634.95 5.8 12.7