Truck 1805.75 585.5 128.7 118.2
MotorCyclist 1476.5 645.2 17.4 47.6
MotorCyclist 1433.05 642.9 18.5 38.2
MotorCyclist 1382.55 639.95 15.1 27.9
HeavyTruck 1680.65 595.3 202.9 63.8
HeavyTruck 1662.55 601.15 199.5 61.5
Truck 2160.55 582.6 175.1 56.8
Car 1162.85 678.3 113.7 95.0
HeavyTruck 910.1 548.45 85.8 99.7
Pedestrian 491.65 660.95 18.5 60.3
HeavyTruck 1712.05 595.15 228.5 72.3
MotorCyclist 1703.15 666.0 48.7 103.2
Truck 1805.75 585.5 128.7 118.2
MotorCyclist 1476.5 645.2 17.4 47.6
MotorCyclist 1433.05 642.9 18.5 38.2
MotorCyclist 1382.55 639.95 15.1 27.9
HeavyTruck 1680.65 595.3 202.9 63.8
HeavyTruck 1662.55 601.15 199.5 61.5
Truck 2160.55 582.6 175.1 56.8
Car 1162.85 678.3 113.7 95.0
HeavyTruck 910.1 548.45 85.8 99.7
Pedestrian 491.65 660.95 18.5 60.3
HeavyTruck 1712.05 595.15 228.5 72.3