MotorCyclist 2339.65 710.15 78.9 172.7
MotorCyclist 1527.55 656.15 26.7 60.3
Car 1154.75 674.85 106.7 88.1
HeavyTruck 1053.3 596.55 29.0 47.5
MotorCyclist 1409.2 645.85 12.8 30.1
MotorCyclist 1378.6 644.7 11.6 27.8
MotorCyclist 1843.55 669.9 46.3 36.6
HeavyTruck 1690.5 610.45 97.4 42.9
Truck 1486.3 612.75 51.0 47.5
MotorCyclist 1349.05 641.2 8.1 20.8
HeavyTruck 864.95 596.55 69.5 70.7
Truck 458.5 569.3 189 164.6
MotorCyclist 1962.6 720.65 107.6 226.1
MotorCyclist 2339.65 710.15 78.9 172.7
MotorCyclist 1527.55 656.15 26.7 60.3
Car 1154.75 674.85 106.7 88.1
HeavyTruck 1053.3 596.55 29.0 47.5
MotorCyclist 1409.2 645.85 12.8 30.1
MotorCyclist 1378.6 644.7 11.6 27.8
MotorCyclist 1843.55 669.9 46.3 36.6
HeavyTruck 1690.5 610.45 97.4 42.9
Truck 1486.3 612.75 51.0 47.5
MotorCyclist 1349.05 641.2 8.1 20.8
HeavyTruck 864.95 596.55 69.5 70.7
Truck 458.5 569.3 189 164.6