Truck 2220.85 543.8 226.1 215.6
Car 1173.3 671.25 120.6 99.7
HeavyTruck 703.2 480.05 182.0 190.1
MotorCyclist 1401.15 628.9 15.1 29.0
MotorCyclist 1471.3 630.15 16.2 35.9
MotorCyclist 1525.85 643.45 18.5 44.1
Pedestrian 1624.95 637.1 12.7 40.6
Truck 1799.45 577.95 204.1 84.7
Truck 1736.8 575.65 171.6 89.3
Truck 1721.2 575.65 182.0 66.1
HeavyTruck 2108.4 555.4 196.0 81.2
Car 1048.1 625.55 18.6 12.7
Truck 1099.65 617.95 10.5 16.3
MotorCyclist 1859.15 670.1 59.1 143.8
Truck 2220.85 543.8 226.1 215.6
Car 1173.3 671.25 120.6 99.7
HeavyTruck 703.2 480.05 182.0 190.1
MotorCyclist 1401.15 628.9 15.1 29.0
MotorCyclist 1471.3 630.15 16.2 35.9
MotorCyclist 1525.85 643.45 18.5 44.1
Pedestrian 1624.95 637.1 12.7 40.6
Truck 1799.45 577.95 204.1 84.7
Truck 1736.8 575.65 171.6 89.3
Truck 1721.2 575.65 182.0 66.1
HeavyTruck 2108.4 555.4 196.0 81.2
Car 1048.1 625.55 18.6 12.7
Truck 1099.65 617.95 10.5 16.3