Truck 860.55 580.85 77.5 90.5
Car 968.6 646.3 28.4 25.0
Truck 1070.7 610.2 36.2 45.6
HeavyTruck 1121.1 607.65 30.2 40.5
Car 1188.75 664.8 106.7 89.6
MotorCyclist 1414.75 641.65 21.5 46.5
MotorCyclist 1590.5 655.9 31.8 64.6
MotorCyclist 1677.0 661.9 50 93.8
MotorCyclist 2185.15 698.05 87.9 176.5
BiCyclist 2483.65 666.65 50.9 130.9
Car 1996.55 660.55 127.5 70.7
Car 1899.7 660.1 109.4 52.6
MotorCyclist 558.3 664.95 31.0 37.9
Truck 860.55 580.85 77.5 90.5
Car 968.6 646.3 28.4 25.0
Truck 1070.7 610.2 36.2 45.6
HeavyTruck 1121.1 607.65 30.2 40.5
Car 1188.75 664.8 106.7 89.6
MotorCyclist 1414.75 641.65 21.5 46.5
MotorCyclist 1590.5 655.9 31.8 64.6
MotorCyclist 1677.0 661.9 50 93.8
MotorCyclist 2185.15 698.05 87.9 176.5
BiCyclist 2483.65 666.65 50.9 130.9
Car 1996.55 660.55 127.5 70.7
Car 1899.7 660.1 109.4 52.6