Car 1135.05 681.15 113.7 96.3
MotorCyclist 1434.85 665.45 8.1 32.5
MotorCyclist 1398.35 656.85 13.9 28.9
MotorCyclist 1362.3 644.1 7.0 26.6
Truck 984.35 580.3 48.7 75.4
HeavyTruck 131.0 551.9 262 222.6
MotorCyclist 942.6 658.6 11.6 23.2
Truck 1995.4 598.9 136.8 52.2
HeavyTruck 1864.35 591.95 37.1 47.5
HeavyTruck 1825.55 603.5 126.3 38.2
HeavyTruck 1592.8 608.1 159.6 43.8
HeavyTruck 1572.4 611.4 164.8 42.8
MotorCyclist 1450.2 644.7 9.2 22.6
BiCyclist 1474.3 645.45 13.0 31.7
MotorCyclist 1595.35 670.15 37.1 83.5
Car 1135.05 681.15 113.7 96.3
MotorCyclist 1434.85 665.45 8.1 32.5
MotorCyclist 1398.35 656.85 13.9 28.9
MotorCyclist 1362.3 644.1 7.0 26.6
Truck 984.35 580.3 48.7 75.4
HeavyTruck 131.0 551.9 262 222.6
MotorCyclist 942.6 658.6 11.6 23.2
Truck 1995.4 598.9 136.8 52.2
HeavyTruck 1864.35 591.95 37.1 47.5
HeavyTruck 1825.55 603.5 126.3 38.2
HeavyTruck 1592.8 608.1 159.6 43.8
HeavyTruck 1572.4 611.4 164.8 42.8
MotorCyclist 1450.2 644.7 9.2 22.6
BiCyclist 1474.3 645.45 13.0 31.7