Car 2422.6 680.05 91.6 121.7
MotorCyclist 1657.9 678.8 51.0 114.8
MotorCyclist 1462.55 649.2 26.7 46.4
MotorCyclist 1403.5 627.25 15 30.1
MotorCyclist 1368.75 637.1 15.1 17.4
Car 1189.55 669.5 106.7 87
Truck 1010.45 601.7 54.5 53.4
HeavyTruck 1115.4 602.35 23.2 35.9
Car 809.35 657.9 60.3 40.6
Truck 148.4 516.55 296.8 286.3
Machineshop 1849.9 577.4 119.4 125.2
MotorCyclist 1837.6 663.8 58.0 103.2
Car 2422.6 680.05 91.6 121.7
MotorCyclist 1657.9 678.8 51.0 114.8
MotorCyclist 1462.55 649.2 26.7 46.4
MotorCyclist 1403.5 627.25 15 30.1
MotorCyclist 1368.75 637.1 15.1 17.4
Car 1189.55 669.5 106.7 87
Truck 1010.45 601.7 54.5 53.4
HeavyTruck 1115.4 602.35 23.2 35.9
Car 809.35 657.9 60.3 40.6
Truck 148.4 516.55 296.8 286.3
Machineshop 1849.9 577.4 119.4 125.2