MotorCyclist 519.8 671.6 27.6 56.8
LargeBus 870.5 602.75 70.6 72.7
Car 1195.5 674.3 113.8 93.0
Pickup 1440.35 651.8 17.5 18.4
BiCyclist 1543.25 650.0 14.1 34.8
HeavyTruck 1821.6 562.0 207.6 96
HeavyTruck 2057.9 553.55 194.2 105.1
MotorCyclist 1959.45 669.95 52.1 114.3
MotorCyclist 2385.55 707.8 116.3 195.2
Car 54.65 695.65 109.3 40.9
MotorCyclist 519.8 671.6 27.6 56.8
LargeBus 870.5 602.75 70.6 72.7
Car 1195.5 674.3 113.8 93.0
Pickup 1440.35 651.8 17.5 18.4
BiCyclist 1543.25 650.0 14.1 34.8
HeavyTruck 1821.6 562.0 207.6 96
HeavyTruck 2057.9 553.55 194.2 105.1
MotorCyclist 1959.45 669.95 52.1 114.3
MotorCyclist 2385.55 707.8 116.3 195.2