Truck 568.6 617.2 105.2 49.2
TricycleOpenMotor 892.75 659.55 23.5 21.1
MotorCyclist 948.8 658.9 9.6 20.6
MotorCyclist 964.95 650.1 8.7 23.0
Car 1158.15 671.1 113.9 93.0
MotorCyclist 1393.85 649.4 8.5 18.0
Pickup 1447.9 636.3 16.2 15.4
Car 1476.35 639.5 18.7 14.6
Car 1515.1 644.6 25.4 32.8
HeavyTruck 1784.9 541.25 186.6 114.9
BiCyclist 2473.6 677.4 57.6 147.6
HeavyTruck 2455.3 470.6 69.8 203.6
Truck 2393.95 484.65 110.7 177.3
HeavyTruck 2103.85 545.65 253.3 139.3
Car 578.6 668.7 57.6 35.0
Truck 568.6 617.2 105.2 49.2
TricycleOpenMotor 892.75 659.55 23.5 21.1
MotorCyclist 948.8 658.9 9.6 20.6
MotorCyclist 964.95 650.1 8.7 23.0
Car 1158.15 671.1 113.9 93.0
MotorCyclist 1393.85 649.4 8.5 18.0
Pickup 1447.9 636.3 16.2 15.4
Car 1476.35 639.5 18.7 14.6
Car 1515.1 644.6 25.4 32.8
HeavyTruck 1784.9 541.25 186.6 114.9
BiCyclist 2473.6 677.4 57.6 147.6
HeavyTruck 2455.3 470.6 69.8 203.6
Truck 2393.95 484.65 110.7 177.3
HeavyTruck 2103.85 545.65 253.3 139.3