Car 794.5 670.95 33.4 24.7
Car 1186.9 682.65 113.0 93.7
Car 1073.3 653.25 13.4 7.7
Car 1103.75 650.45 10.7 8.5
Pickup 1416.75 653.95 15.9 16.3
Pickup 1453.45 659.05 19.3 19.3
BiCyclist 1639.45 659.6 17.7 42.8
HeavyTruck 1978.65 536.0 230.1 133.6
HeavyTruck 2289.7 518.0 180.2 148.8
HeavyTruck 1894.05 561.2 159.7 104.8
MotorCyclist 2382.55 698.25 118.3 188.9
LargeBus 602.7 578.55 139.8 125.1
Car 794.5 670.95 33.4 24.7
Car 1186.9 682.65 113.0 93.7
Car 1073.3 653.25 13.4 7.7
Car 1103.75 650.45 10.7 8.5
Pickup 1416.75 653.95 15.9 16.3
Pickup 1453.45 659.05 19.3 19.3
BiCyclist 1639.45 659.6 17.7 42.8
HeavyTruck 1978.65 536.0 230.1 133.6
HeavyTruck 2289.7 518.0 180.2 148.8
HeavyTruck 1894.05 561.2 159.7 104.8
MotorCyclist 2382.55 698.25 118.3 188.9