Car 129.6 693.15 68.4 38.7
Car 467.9 680.75 72.2 25.1
Car 586.25 674.45 61.7 23.7
Car 670.85 666.05 53.7 20.9
MotorCyclist 797.25 655.1 14.9 33.0
Car 1001.5 656.7 19.4 13.8
MotorCyclist 1048.7 648.25 8.2 18.5
LargeBus 1095.25 630.2 20.9 28.0
Car 1231.7 684.3 117.4 100.6
MotorCyclist 1507.25 644.2 12.5 28.4
HeavyTruck 1534.5 594.75 86.2 42.3
MotorCyclist 1532.25 651.6 18.9 44.4
MotorCyclist 1610.45 656.05 16.5 36.1
MotorCyclist 1650.1 664.5 26.6 58.6
MotorCyclist 1927.15 671.75 47.5 98.3
HeavyTruck 2162.1 519.85 249.0 155.7
Truck 2383.6 549.15 117.6 139.9
Car 22.7 711.3 45.4 49.0
Car 129.6 693.15 68.4 38.7
Car 467.9 680.75 72.2 25.1
Car 586.25 674.45 61.7 23.7
Car 670.85 666.05 53.7 20.9
MotorCyclist 797.25 655.1 14.9 33.0
Car 1001.5 656.7 19.4 13.8
MotorCyclist 1048.7 648.25 8.2 18.5
LargeBus 1095.25 630.2 20.9 28.0
Car 1231.7 684.3 117.4 100.6
MotorCyclist 1507.25 644.2 12.5 28.4
HeavyTruck 1534.5 594.75 86.2 42.3
MotorCyclist 1532.25 651.6 18.9 44.4
MotorCyclist 1610.45 656.05 16.5 36.1
MotorCyclist 1650.1 664.5 26.6 58.6
MotorCyclist 1927.15 671.75 47.5 98.3
HeavyTruck 2162.1 519.85 249.0 155.7
Truck 2383.6 549.15 117.6 139.9