MotorCyclist 1494.45 649.85 20.9 42.9
MotorCyclist 1605.25 660.9 19.7 51.0
MotorCyclist 1777.35 663.7 39.5 75.4
Truck 2312.35 523.6 165.1 172.8
HeavyTruck 2232.7 541.85 218.2 156.1
HeavyTruck 1943.7 552.65 181.4 110.9
MotorCyclist 1437.85 640.85 11.7 32.9
LargeBus 1111.15 633.85 19.9 28.1
Car 234.45 688.6 96.5 40.4
BiCyclist 399.0 681.25 22.4 46.5
Pickup 212.55 673.0 83.5 33.6
Car 732.0 663.85 50.0 16.5
Car 636.85 668.25 44.9 18.9
MotorCyclist 889.3 661.6 9.0 17.6
MotorCyclist 965.3 658.4 7.8 12.4
Car 1020.65 655.3 16.9 11.4
Car 1221.8 681.1 119.2 99.4
MotorCyclist 1494.45 649.85 20.9 42.9
MotorCyclist 1605.25 660.9 19.7 51.0
MotorCyclist 1777.35 663.7 39.5 75.4
Truck 2312.35 523.6 165.1 172.8
HeavyTruck 2232.7 541.85 218.2 156.1
HeavyTruck 1943.7 552.65 181.4 110.9
MotorCyclist 1437.85 640.85 11.7 32.9
LargeBus 1111.15 633.85 19.9 28.1
Car 234.45 688.6 96.5 40.4
BiCyclist 399.0 681.25 22.4 46.5
Pickup 212.55 673.0 83.5 33.6
Car 732.0 663.85 50.0 16.5
Car 636.85 668.25 44.9 18.9
MotorCyclist 889.3 661.6 9.0 17.6
MotorCyclist 965.3 658.4 7.8 12.4
Car 1020.65 655.3 16.9 11.4