Truck 439.15 614.35 104.7 52.7
TricycleOpenMotor 781.85 663.55 21.7 24.7
MotorCyclist 801.65 667.5 13.7 26.6
MotorCyclist 885.15 656.85 11.1 22.5
Car 1107.0 673.85 114 94.9
Car 1005.55 631.0 13.9 9.6
Truck 1016.95 615.4 16.3 19.6
Truck 1032.45 618.7 14.1 15.0
Truck 1061.0 617.9 11.2 15.0
MotorCyclist 1399.05 646.7 8.9 24.2
LightTruck 1525.95 644.0 29.1 30.4
Truck 1370.0 618.6 32.4 28.0
Pickup 1436.55 634.45 19.1 20.1
HeavyTruck 2028.55 501.95 265.9 164.3
HeavyTruck 2356.0 486.3 136 179.0
Car 329.25 672.9 88.9 47.4
Truck 439.15 614.35 104.7 52.7
TricycleOpenMotor 781.85 663.55 21.7 24.7
MotorCyclist 801.65 667.5 13.7 26.6
MotorCyclist 885.15 656.85 11.1 22.5
Car 1107.0 673.85 114 94.9
Car 1005.55 631.0 13.9 9.6
Truck 1016.95 615.4 16.3 19.6
Truck 1032.45 618.7 14.1 15.0
Truck 1061.0 617.9 11.2 15.0
MotorCyclist 1399.05 646.7 8.9 24.2
LightTruck 1525.95 644.0 29.1 30.4
Truck 1370.0 618.6 32.4 28.0
Pickup 1436.55 634.45 19.1 20.1
HeavyTruck 2028.55 501.95 265.9 164.3
HeavyTruck 2356.0 486.3 136 179.0