Car 421.9 660.85 94.2 26.9
Car 567.05 650.45 67.3 21.7
MotorCyclist 621.25 654.55 17.7 38.7
MotorCyclist 790.45 643.45 12.1 26.9
Car 964.75 641.05 20.3 14.9
MotorCyclist 992.4 641.65 6.4 16.9
LargeBus 1059.25 611.95 25.3 34.3
Car 1212.75 670.75 118.7 97.5
MotorCyclist 1570.65 640.65 22.5 54.9
MotorCyclist 1597.8 634.95 20.0 39.1
MotorCyclist 1714.35 654.6 33.1 73.6
MotorCyclist 1785.8 646.65 28.0 56.5
MotorCyclist 2149.85 679.2 72.9 133.2
Car 272.75 673.05 101.9 36.1
Car 421.9 660.85 94.2 26.9
Car 567.05 650.45 67.3 21.7
MotorCyclist 621.25 654.55 17.7 38.7
MotorCyclist 790.45 643.45 12.1 26.9
Car 964.75 641.05 20.3 14.9
MotorCyclist 992.4 641.65 6.4 16.9
LargeBus 1059.25 611.95 25.3 34.3
Car 1212.75 670.75 118.7 97.5
MotorCyclist 1570.65 640.65 22.5 54.9
MotorCyclist 1597.8 634.95 20.0 39.1
MotorCyclist 1714.35 654.6 33.1 73.6
MotorCyclist 1785.8 646.65 28.0 56.5
MotorCyclist 2149.85 679.2 72.9 133.2