Car 2387.95 611.85 59.5 35.3
Car 2140.0 593.0 124.8 45.6
Pedestrian 2103.85 613.65 35.3 107.7
MotorCyclist 2417.8 687.35 94.8 223.9
Truck 1012.55 570.5 54.3 42.2
Pedestrian 1348.4 599.8 16.4 28.4
Car 864.5 621.4 26.6 16.4
HeavyTruck 825.7 580.4 31.8 44.8
van 773.5 623.05 31 23.3
van 738.25 620.15 18.9 20.7
MotorCyclist 658.15 625.3 10.3 20.6
Car 560.8 634.3 50.0 25.0
Car 360.7 636.0 59.4 28.4
Car 219.45 645.15 97.3 32.7
Car 88.35 755.35 176.7 308.3
Car 2506.9 582.15 35.4 37.9
Car 2387.95 611.85 59.5 35.3
Car 2140.0 593.0 124.8 45.6
Pedestrian 2103.85 613.65 35.3 107.7
MotorCyclist 2417.8 687.35 94.8 223.9
Truck 1012.55 570.5 54.3 42.2
Pedestrian 1348.4 599.8 16.4 28.4
Car 864.5 621.4 26.6 16.4
HeavyTruck 825.7 580.4 31.8 44.8
van 773.5 623.05 31 23.3
van 738.25 620.15 18.9 20.7
MotorCyclist 658.15 625.3 10.3 20.6
Car 560.8 634.3 50.0 25.0
Car 360.7 636.0 59.4 28.4
Car 219.45 645.15 97.3 32.7
Car 88.35 755.35 176.7 308.3