Pickup 1941.0 631.8 123.2 68.0
Truck 1616.3 584.4 76.6 90.4
MotorCyclist 1509.05 657.55 34.5 61.1
van 1469.0 609.8 16.4 17.2
MotorCyclist 1335.6 635.2 11.2 23.2
Car 904.95 633.9 21.5 13.8
van 842.95 635.6 21.5 17.2
Car 320.6 712.65 292.8 192.1
Pickup 2288.5 619.2 181 77.6
Pickup 1941.0 631.8 123.2 68.0
Truck 1616.3 584.4 76.6 90.4
MotorCyclist 1509.05 657.55 34.5 61.1
van 1469.0 609.8 16.4 17.2
MotorCyclist 1335.6 635.2 11.2 23.2
Car 904.95 633.9 21.5 13.8
van 842.95 635.6 21.5 17.2
Car 320.6 712.65 292.8 192.1