MotorCyclist 409.45 680.6 25.3 48.4
TricycleOpenMotor 498.85 670.1 36.5 38.6
MotorCyclist 657.7 663.45 17.0 32.9
Car 904.0 685.2 117.6 95.6
MotorCyclist 1207.55 648.1 6.3 11.4
MotorCyclist 1316.85 656.25 12.9 34.5
Truck 1249.9 623.7 36.6 31.0
MotorCyclist 1337.25 640.3 32.5 16.2
Car 1447.25 657.5 37.7 35.8
Pedestrian 1555.45 665.9 15.3 49.8
Car 1583.4 652.15 79.2 32.3
Car 1918.85 641.8 176.9 80.8
Truck 141.45 607.65 136.1 73.7
MotorCyclist 409.45 680.6 25.3 48.4
TricycleOpenMotor 498.85 670.1 36.5 38.6
MotorCyclist 657.7 663.45 17.0 32.9
Car 904.0 685.2 117.6 95.6
MotorCyclist 1207.55 648.1 6.3 11.4
MotorCyclist 1316.85 656.25 12.9 34.5
Truck 1249.9 623.7 36.6 31.0
MotorCyclist 1337.25 640.3 32.5 16.2
Car 1447.25 657.5 37.7 35.8
Pedestrian 1555.45 665.9 15.3 49.8
Car 1583.4 652.15 79.2 32.3
Car 1918.85 641.8 176.9 80.8