Pickup 1681.7 648.15 69.8 66.3
MotorCyclist 1661.55 677.0 43.1 106.8
Pickup 1427.25 631.75 29.3 26.7
Truck 1328.6 608.1 38.8 48.2
MotorCyclist 1255.1 631.3 8.6 19.0
Car 725.7 685.95 149.0 111.1
Truck 31.05 647.2 62.1 78.4
Truck 45.25 621.75 90.5 65.5
Truck 57.75 622.65 115.5 74.1
Truck 115.2 618.3 95.6 58.6
LightTruck 385.15 639.45 60.3 35.3
Car 643.05 640.7 35.3 13.8
Car 1851.85 644.65 113.7 45.7
Pickup 1681.7 648.15 69.8 66.3
MotorCyclist 1661.55 677.0 43.1 106.8
Pickup 1427.25 631.75 29.3 26.7
Truck 1328.6 608.1 38.8 48.2
MotorCyclist 1255.1 631.3 8.6 19.0
Car 725.7 685.95 149.0 111.1
Truck 31.05 647.2 62.1 78.4
Truck 45.25 621.75 90.5 65.5
Truck 57.75 622.65 115.5 74.1
Truck 115.2 618.3 95.6 58.6
LightTruck 385.15 639.45 60.3 35.3
Car 643.05 640.7 35.3 13.8