Car 2312.2 630.0 152.4 85.2
Car 2265.2 623.5 124.0 75.8
Truck 1851.8 546.95 134.4 139.5
Truck 1768.7 561.95 137.0 111.1
MotorCyclist 1959.9 675.6 92.2 145.6
Car 1669.2 613.25 44.8 24.1
Pedestrian 1588.75 611.9 14.7 42.2
MotorCyclist 1409.55 628.3 14.7 37.0
HeavyTruck 996.2 581.3 45.6 36.2
HeavyTruck 806.35 587.8 55.1 38.8
van 819.7 624.9 19.8 19.8
Car 893.25 614.55 29.3 16.3
Car 706.05 627.85 30.1 18.9
Car 485.05 641.15 56.9 21.5
Car 162.8 728.6 325.6 241.2
Pickup 2408.65 614.85 100.9 113.7
Car 2312.2 630.0 152.4 85.2
Car 2265.2 623.5 124.0 75.8
Truck 1851.8 546.95 134.4 139.5
Truck 1768.7 561.95 137.0 111.1
MotorCyclist 1959.9 675.6 92.2 145.6
Car 1669.2 613.25 44.8 24.1
Pedestrian 1588.75 611.9 14.7 42.2
MotorCyclist 1409.55 628.3 14.7 37.0
HeavyTruck 996.2 581.3 45.6 36.2
HeavyTruck 806.35 587.8 55.1 38.8
van 819.7 624.9 19.8 19.8
Car 893.25 614.55 29.3 16.3
Car 706.05 627.85 30.1 18.9
Car 485.05 641.15 56.9 21.5
Car 162.8 728.6 325.6 241.2