Truck 2089.6 516.75 220.4 179.1
Car 1894.55 594.75 88.7 38.7
Car 1786.9 614.9 76.6 31.0
Pedestrian 1739.1 616.2 25.8 68.0
MotorCyclist 1580.5 636.95 36.2 78.3
HeavyTruck 1003.1 576.65 59.4 40.5
Car 862.7 617.0 30.2 11.2
Truck 829.55 592.55 32.7 37.9
van 786.9 620.9 19.8 19.0
van 744.35 621.4 20.7 16.4
Car 358.9 642.5 76.6 31.0
Car 119.75 752.75 239.5 303.1
Truck 2410.0 476.65 100 271.3
Truck 2089.6 516.75 220.4 179.1
Car 1894.55 594.75 88.7 38.7
Car 1786.9 614.9 76.6 31.0
Pedestrian 1739.1 616.2 25.8 68.0
MotorCyclist 1580.5 636.95 36.2 78.3
HeavyTruck 1003.1 576.65 59.4 40.5
Car 862.7 617.0 30.2 11.2
Truck 829.55 592.55 32.7 37.9
van 786.9 620.9 19.8 19.0
van 744.35 621.4 20.7 16.4
Car 358.9 642.5 76.6 31.0
Car 119.75 752.75 239.5 303.1