Pedestrian 2266.6 652.0 50.8 180.8
Car 1959.15 654.55 128.3 65.5
Car 1766.25 639.5 97.3 69.8
Car 1502.2 637.3 79.2 48.2
Pickup 1359.7 625.35 76.6 55.1
MotorCyclist 981.2 628.35 22.4 43.9
HeavyTruck 997.95 518.0 111.1 112.8
Car 848.55 625.75 32.7 21.5
MotorCyclist 786.0 626.1 11.2 25.8
MotorCyclist 677.2 615.75 17.2 25.9
HeavyTruck 740.4 595.6 50.8 40.4
TricycleOpenMotor 601.3 608.9 13.8 19.0
van 544.0 605.45 16.4 18.9
HeavyTruck 344.2 504.25 106.0 136.9
Car 180.25 629.05 108.5 80.1
Car 35.8 622.7 71.6 53.4
Car 92.65 769.15 185.3 335.9
TricycleOpenHuman 2460.4 769.05 66.4 118.9
Pedestrian 2266.6 652.0 50.8 180.8
Car 1959.15 654.55 128.3 65.5
Car 1766.25 639.5 97.3 69.8
Car 1502.2 637.3 79.2 48.2
Pickup 1359.7 625.35 76.6 55.1
MotorCyclist 981.2 628.35 22.4 43.9
HeavyTruck 997.95 518.0 111.1 112.8
Car 848.55 625.75 32.7 21.5
MotorCyclist 786.0 626.1 11.2 25.8
MotorCyclist 677.2 615.75 17.2 25.9
HeavyTruck 740.4 595.6 50.8 40.4
TricycleOpenMotor 601.3 608.9 13.8 19.0
van 544.0 605.45 16.4 18.9
HeavyTruck 344.2 504.25 106.0 136.9
Car 180.25 629.05 108.5 80.1
Car 35.8 622.7 71.6 53.4
Car 92.65 769.15 185.3 335.9