MotorCyclist 1698.05 658.0 40.5 72.4
MotorCyclist 1632.7 667.05 54.2 62.9
MotorCyclist 1537.05 667.1 52.5 59.4
BiCyclist 1497.95 665.75 49.9 49.9
TricycleOpenMotor 1253.25 664.4 39.7 44.0
Car 1184.4 654.95 39.6 21.5
Car 1379.85 656.3 51.7 31.0
HeavyTruck 949.7 594.3 69.8 65.4
MotorCyclist 866.6 666.2 17.2 16.4
Car 798.5 663.55 19.0 14.7
HeavyTruck 584.5 600.3 69.8 70.6
Car 625.0 667.0 44.0 38.8
van 455.3 661.4 42.2 44.8
Car 475.65 665.25 41.3 35.3
Car 136.1 778.6 272.2 292.8
Pedestrian 1765.35 641.7 33.5 87.8
MotorCyclist 1698.05 658.0 40.5 72.4
MotorCyclist 1632.7 667.05 54.2 62.9
MotorCyclist 1537.05 667.1 52.5 59.4
BiCyclist 1497.95 665.75 49.9 49.9
TricycleOpenMotor 1253.25 664.4 39.7 44.0
Car 1184.4 654.95 39.6 21.5
Car 1379.85 656.3 51.7 31.0
HeavyTruck 949.7 594.3 69.8 65.4
MotorCyclist 866.6 666.2 17.2 16.4
Car 798.5 663.55 19.0 14.7
HeavyTruck 584.5 600.3 69.8 70.6
Car 625.0 667.0 44.0 38.8
van 455.3 661.4 42.2 44.8
Car 475.65 665.25 41.3 35.3
Car 136.1 778.6 272.2 292.8