van 2260.95 649.35 111.9 65.5
Car 2164.5 682.15 132.6 89.5
HeavyTruck 1447.15 380.35 268.7 291.9
Car 1195.95 659.65 49.1 34.5
HeavyTruck 1056.1 620.1 65.4 58.6
MotorCyclist 970.75 650.7 15.5 37.0
MotorCyclist 912.25 644.2 12.1 27.6
TricycleOpenMotor 884.65 638.25 12.1 18.9
van 852.85 633.4 13.7 16.4
EngineTruck 770.55 598.95 31.9 43.9
Car 585.0 632.1 12.0 13.8
HeavyTruck 700.8 610.6 16.4 22.4
MotorCyclist 561.75 634.3 10.3 14.6
HeavyTruck 55.6 409.6 111.2 343.6
Car 131.8 746.65 263.6 260.1
Pickup 2329.9 675.15 153.4 144.7
van 2260.95 649.35 111.9 65.5
Car 2164.5 682.15 132.6 89.5
HeavyTruck 1447.15 380.35 268.7 291.9
Car 1195.95 659.65 49.1 34.5
HeavyTruck 1056.1 620.1 65.4 58.6
MotorCyclist 970.75 650.7 15.5 37.0
MotorCyclist 912.25 644.2 12.1 27.6
TricycleOpenMotor 884.65 638.25 12.1 18.9
van 852.85 633.4 13.7 16.4
EngineTruck 770.55 598.95 31.9 43.9
Car 585.0 632.1 12.0 13.8
HeavyTruck 700.8 610.6 16.4 22.4
MotorCyclist 561.75 634.3 10.3 14.6
HeavyTruck 55.6 409.6 111.2 343.6
Car 131.8 746.65 263.6 260.1