TricycleClosed 2105.85 651.55 136.1 138.7
MotorCyclist 1952.6 662.7 67.2 109.4
MotorCyclist 1899.65 684.6 30.1 84.4
MotorCyclist 1799.7 673.5 64.6 58.6
MotorCyclist 1681.3 673.1 75.8 81.8
BiCyclist 1598.7 667.9 58.6 64.6
van 1449.2 655.35 90.4 43.1
TricycleOpenMotor 1336.0 668.7 50.0 59.4
Car 1207.2 649.3 44.0 31.0
HeavyTruck 932.05 580.5 86.1 75.8
Car 784.75 657.15 32.7 15.5
MotorCyclist 804.25 653.7 12.9 25.8
HeavyTruck 505.8 580.95 74.0 83.5
Car 513.45 660.2 51.7 45.6
van 351.6 649.45 62.0 41.3
van 345.6 653.65 56.8 39.7
van 308.55 654.9 55.1 42.2
Car 134.4 779.4 268.8 298.0
Pedestrian 2158.55 633.45 37.9 136.9
TricycleClosed 2105.85 651.55 136.1 138.7
MotorCyclist 1952.6 662.7 67.2 109.4
MotorCyclist 1899.65 684.6 30.1 84.4
MotorCyclist 1799.7 673.5 64.6 58.6
MotorCyclist 1681.3 673.1 75.8 81.8
BiCyclist 1598.7 667.9 58.6 64.6
van 1449.2 655.35 90.4 43.1
TricycleOpenMotor 1336.0 668.7 50.0 59.4
Car 1207.2 649.3 44.0 31.0
HeavyTruck 932.05 580.5 86.1 75.8
Car 784.75 657.15 32.7 15.5
MotorCyclist 804.25 653.7 12.9 25.8
HeavyTruck 505.8 580.95 74.0 83.5
Car 513.45 660.2 51.7 45.6
van 351.6 649.45 62.0 41.3
van 345.6 653.65 56.8 39.7
van 308.55 654.9 55.1 42.2
Car 134.4 779.4 268.8 298.0