van 2020.7 597.65 75.8 51.7
Car 1826.5 623.15 76.6 33.5
TricycleClosed 1556.85 606.8 40.5 45.6
Pedestrian 1498.25 622.65 23.3 46.5
MotorCyclist 1438.85 624.45 28.5 36.1
Car 1189.1 627.0 42.2 17.2
MotorCyclist 1187.85 637.7 12.1 25.0
TricycleOpenMotor 1129.3 632.1 43.0 31.0
Car 878.65 642.9 24.1 14.6
HeavyTruck 697.35 597.3 88.7 54.2
Car 795.55 645.05 37.1 29.3
van 678.5 649.4 37 27.6
MotorCyclist 544.05 658.05 12.9 24.1
Car 216.8 675.7 68.0 25.0
Car 108.55 791.1 217.1 352.2
Pedestrian 2135.65 620.6 30.1 90.4
van 2020.7 597.65 75.8 51.7
Car 1826.5 623.15 76.6 33.5
TricycleClosed 1556.85 606.8 40.5 45.6
Pedestrian 1498.25 622.65 23.3 46.5
MotorCyclist 1438.85 624.45 28.5 36.1
Car 1189.1 627.0 42.2 17.2
MotorCyclist 1187.85 637.7 12.1 25.0
TricycleOpenMotor 1129.3 632.1 43.0 31.0
Car 878.65 642.9 24.1 14.6
HeavyTruck 697.35 597.3 88.7 54.2
Car 795.55 645.05 37.1 29.3
van 678.5 649.4 37 27.6
MotorCyclist 544.05 658.05 12.9 24.1
Car 216.8 675.7 68.0 25.0
Car 108.55 791.1 217.1 352.2