MotorCyclist 1483.25 610.25 24.1 35.3
HeavyTruck 1050.85 572.75 51.7 49.9
Car 918.65 627.35 18.1 14.7
Car 869.65 629.15 30.1 21.5
HeavyTruck 801.95 586.9 60.3 47.4
van 762.45 631.3 29.3 25.8
van 743.05 632.5 24.9 25
MotorCyclist 646.6 633.85 11.2 24.1
LightTruck 58.2 619.7 116.4 81.8
Car 74.3 655.4 93.0 39.6
Car 98.65 761.3 197.3 317.0
Pedestrian 1448.0 603.7 12 36.2
MotorCyclist 1483.25 610.25 24.1 35.3
HeavyTruck 1050.85 572.75 51.7 49.9
Car 918.65 627.35 18.1 14.7
Car 869.65 629.15 30.1 21.5
HeavyTruck 801.95 586.9 60.3 47.4
van 762.45 631.3 29.3 25.8
van 743.05 632.5 24.9 25
MotorCyclist 646.6 633.85 11.2 24.1
LightTruck 58.2 619.7 116.4 81.8
Car 74.3 655.4 93.0 39.6
Car 98.65 761.3 197.3 317.0