MotorCyclist 2527.6 768.7 21.6 138.6
MotorCyclist 2070.25 677.4 136.9 135.2
van 1873.9 652.0 99.0 56.8
BiCyclist 1856.25 658.35 108.5 93.9
Car 1535.3 631.7 97.4 47.4
TricycleOpenMotor 1562.55 661.9 134.3 93.8
Pickup 1264.95 632.5 55.9 42.2
HeavyTruck 951.8 540.8 94.8 89.6
Car 796.9 630.35 25.8 20.7
MotorCyclist 777.1 630.4 13.8 27.6
Car 620.25 626.95 17.3 10.3
HeavyTruck 449.75 538.25 65.5 101.7
Car 382.6 633.45 72.4 57.7
van 291.35 625.65 37.9 45.7
Car 239.7 633.05 48.2 46.5
van 131.5 620.5 69.8 59.4
Car 116.3 764.75 232.6 313.5
Car 1330.3 626.2 42.2 22.4
Car 2404.9 681.7 103.4 47.4
MotorCyclist 2527.6 768.7 21.6 138.6
MotorCyclist 2070.25 677.4 136.9 135.2
van 1873.9 652.0 99.0 56.8
BiCyclist 1856.25 658.35 108.5 93.9
Car 1535.3 631.7 97.4 47.4
TricycleOpenMotor 1562.55 661.9 134.3 93.8
Pickup 1264.95 632.5 55.9 42.2
HeavyTruck 951.8 540.8 94.8 89.6
Car 796.9 630.35 25.8 20.7
MotorCyclist 777.1 630.4 13.8 27.6
Car 620.25 626.95 17.3 10.3
HeavyTruck 449.75 538.25 65.5 101.7
Car 382.6 633.45 72.4 57.7
van 291.35 625.65 37.9 45.7
Car 239.7 633.05 48.2 46.5
van 131.5 620.5 69.8 59.4
Car 116.3 764.75 232.6 313.5
Car 1330.3 626.2 42.2 22.4