HeavyTruck 816.3 582.85 61.0 55.3
LightTruck 933.2 613.35 27.6 29.9
TricycleOpenMotor 1010.75 595.85 42.3 43.7
EngineTruck 1108.95 587.3 48.7 54.2
TricycleOpenMotor 1195.15 631.75 17.5 13.9
Truck 1192.6 610.45 18.0 25.7
TricycleOpenMotor 1255.0 632.15 16.0 25.1
van 1236.45 627.0 24.1 22.4
MotorCyclist 1302.5 649.8 19.4 44.4
Pedestrian 1371.9 632.75 8.6 22.7
van 1567.45 629.65 42.5 33.3
Truck 1846.45 518.9 274.5 137.8
Truck 2136.1 540.9 282.6 179.4
Car 2351.2 682.6 139.2 127.2
MotorCyclist 1846.0 708.15 92 198.3
Car 486.05 711.95 270.1 186.7
HeavyTruck 816.3 582.85 61.0 55.3
LightTruck 933.2 613.35 27.6 29.9
TricycleOpenMotor 1010.75 595.85 42.3 43.7
EngineTruck 1108.95 587.3 48.7 54.2
TricycleOpenMotor 1195.15 631.75 17.5 13.9
Truck 1192.6 610.45 18.0 25.7
TricycleOpenMotor 1255.0 632.15 16.0 25.1
van 1236.45 627.0 24.1 22.4
MotorCyclist 1302.5 649.8 19.4 44.4
Pedestrian 1371.9 632.75 8.6 22.7
van 1567.45 629.65 42.5 33.3
Truck 1846.45 518.9 274.5 137.8
Truck 2136.1 540.9 282.6 179.4
Car 2351.2 682.6 139.2 127.2
MotorCyclist 1846.0 708.15 92 198.3