Car 1799.75 687.7 88.7 76.6
HeavyTruck 1481.1 594.3 161.0 127.4
Car 1401.45 648.1 29.3 25.0
MotorCyclist 1267.5 662.25 19.8 46.5
MotorCyclist 1221.5 649.8 13.8 28.4
TricycleOpenMotor 1190.0 634.35 16.4 21.5
van 1175.85 629.5 18.9 19
HeavyTruck 1059.05 595.95 50.9 48.3
HeavyTruck 992.85 612.8 18.1 23.2
TricycleClosed 878.25 632.65 12.9 18.1
Car 847.7 635.6 20.6 17.2
Car 437.7 716.15 289.4 195.5
Pedestrian 2525.05 691.65 23.3 153.3
Car 1799.75 687.7 88.7 76.6
HeavyTruck 1481.1 594.3 161.0 127.4
Car 1401.45 648.1 29.3 25.0
MotorCyclist 1267.5 662.25 19.8 46.5
MotorCyclist 1221.5 649.8 13.8 28.4
TricycleOpenMotor 1190.0 634.35 16.4 21.5
van 1175.85 629.5 18.9 19
HeavyTruck 1059.05 595.95 50.9 48.3
HeavyTruck 992.85 612.8 18.1 23.2
TricycleClosed 878.25 632.65 12.9 18.1
Car 847.7 635.6 20.6 17.2
Car 437.7 716.15 289.4 195.5