Car 1543.5 633.0 41.4 32.8
MotorCyclist 1370.05 645.9 24.9 58.6
MotorCyclist 1289.1 629.15 14.6 31.9
TricycleOpenMotor 1255.4 618.0 16.4 23.2
van 1236.05 612.7 18.9 19.8
EngineTruck 1124.95 580.5 37.9 48.2
Car 1043.2 617.95 22.4 16.3
HeavyTruck 1003.55 592.5 32.7 31.0
Car 840.85 625.25 24.1 24.1
MotorCyclist 184.05 645.45 30.1 57.7
Car 521.2 704.9 279.6 193.8
HeavyTruck 2006.95 553.3 368.7 407.4
Car 1543.5 633.0 41.4 32.8
MotorCyclist 1370.05 645.9 24.9 58.6
MotorCyclist 1289.1 629.15 14.6 31.9
TricycleOpenMotor 1255.4 618.0 16.4 23.2
van 1236.05 612.7 18.9 19.8
EngineTruck 1124.95 580.5 37.9 48.2
Car 1043.2 617.95 22.4 16.3
HeavyTruck 1003.55 592.5 32.7 31.0
Car 840.85 625.25 24.1 24.1
MotorCyclist 184.05 645.45 30.1 57.7
Car 521.2 704.9 279.6 193.8