Pedestrian 1573.3 678.6 25.0 72.4
Car 1399.65 688.15 56.9 43.1
HeavyTruck 1226.25 631.75 74.9 71.5
MotorCyclist 1110.35 675.7 15.5 42.2
MotorCyclist 1068.1 668.8 13.8 28.4
TricycleOpenMotor 1043.65 659.3 12.9 19.8
van 1018.2 652.8 17.2 17.2
van 997.55 644.65 10.3 18.1
EngineTruck 926.05 617.55 36.1 49.9
HeavyTruck 859.3 630.0 19.8 23.2
Truck 822.2 639.9 21.6 19.0
TricycleClosed 785.7 651.05 13.8 17.3
Car 735.65 655.85 17.3 12.9
MotorCyclist 684.8 657.5 5.2 19.8
Car 172.3 754.05 344.6 226.5
HeavyTruck 1848.1 261.5 474.6 523
Pedestrian 1573.3 678.6 25.0 72.4
Car 1399.65 688.15 56.9 43.1
HeavyTruck 1226.25 631.75 74.9 71.5
MotorCyclist 1110.35 675.7 15.5 42.2
MotorCyclist 1068.1 668.8 13.8 28.4
TricycleOpenMotor 1043.65 659.3 12.9 19.8
van 1018.2 652.8 17.2 17.2
van 997.55 644.65 10.3 18.1
EngineTruck 926.05 617.55 36.1 49.9
HeavyTruck 859.3 630.0 19.8 23.2
Truck 822.2 639.9 21.6 19.0
TricycleClosed 785.7 651.05 13.8 17.3
Car 735.65 655.85 17.3 12.9
MotorCyclist 684.8 657.5 5.2 19.8
Car 172.3 754.05 344.6 226.5