HeavyTruck 1724.4 597.65 310.0 175.7
Car 1500.85 645.1 35.3 25.8
MotorCyclist 1359.15 654.55 20.7 55.1
MotorCyclist 1295.5 642.5 13.8 31.0
TricycleOpenMotor 1262.7 629.15 13.8 21.5
van 1246.05 623.05 18.1 23.3
HeavyTruck 1136.15 589.5 43.1 52.6
HeavyTruck 1041.0 605.05 21.6 24.9
Car 1087.95 625.3 15.5 13.8
TricycleClosed 890.35 626.95 16.3 20.7
Car 517.8 718.3 280.8 199.8
Car 2292.4 722.15 178.4 138.7
HeavyTruck 1724.4 597.65 310.0 175.7
Car 1500.85 645.1 35.3 25.8
MotorCyclist 1359.15 654.55 20.7 55.1
MotorCyclist 1295.5 642.5 13.8 31.0
TricycleOpenMotor 1262.7 629.15 13.8 21.5
van 1246.05 623.05 18.1 23.3
HeavyTruck 1136.15 589.5 43.1 52.6
HeavyTruck 1041.0 605.05 21.6 24.9
Car 1087.95 625.3 15.5 13.8
TricycleClosed 890.35 626.95 16.3 20.7
Car 517.8 718.3 280.8 199.8