Car 2338.9 693.75 147.4 88.7
Pedestrian 1869.95 684.25 32.7 107.7
Car 1596.55 691.5 71.5 53.4
HeavyTruck 1372.95 620.95 110.3 87.9
MotorCyclist 1217.6 670.05 16.4 41.3
MotorCyclist 1179.25 657.5 12.1 30.2
Car 1154.3 645.05 13.8 18.9
Car 1134.45 643.3 18.9 19.0
van 1113.4 632.95 11.2 15.5
EngineTruck 1036.2 605.85 39.6 50.9
HeavyTruck 963.55 615.3 21.5 25.0
Truck 932.55 624.05 21.5 18.1
TricycleClosed 874.85 636.05 12.9 18.1
Car 830.8 637.75 21.6 14.7
Car 372.3 728.0 313.4 208.8
HeavyTruck 2450.05 297.15 73.3 594.3
Car 2338.9 693.75 147.4 88.7
Pedestrian 1869.95 684.25 32.7 107.7
Car 1596.55 691.5 71.5 53.4
HeavyTruck 1372.95 620.95 110.3 87.9
MotorCyclist 1217.6 670.05 16.4 41.3
MotorCyclist 1179.25 657.5 12.1 30.2
Car 1154.3 645.05 13.8 18.9
Car 1134.45 643.3 18.9 19.0
van 1113.4 632.95 11.2 15.5
EngineTruck 1036.2 605.85 39.6 50.9
HeavyTruck 963.55 615.3 21.5 25.0
Truck 932.55 624.05 21.5 18.1
TricycleClosed 874.85 636.05 12.9 18.1
Car 830.8 637.75 21.6 14.7
Car 372.3 728.0 313.4 208.8