HeavyTruck 293.35 432.45 289.9 192.5
Car 1025.2 615.6 22.8 17.2
EngineTruck 1079.55 555.45 61.5 79.3
van 1235.9 611.85 25.8 29.7
TricycleOpenMotor 1294.7 617.1 25.0 37.8
MotorCyclist 1430.0 625.8 14.0 32.0
HeavyTruck 1704.8 541.7 193.2 101.0
Car 2100.3 634.75 73.4 43.9
MotorCyclist 1746.25 711.65 105.3 237.7
Car 147.25 782.7 294.5 382.6
HeavyTruck 293.35 432.45 289.9 192.5
Car 1025.2 615.6 22.8 17.2
EngineTruck 1079.55 555.45 61.5 79.3
van 1235.9 611.85 25.8 29.7
TricycleOpenMotor 1294.7 617.1 25.0 37.8
MotorCyclist 1430.0 625.8 14.0 32.0
HeavyTruck 1704.8 541.7 193.2 101.0
Car 2100.3 634.75 73.4 43.9
MotorCyclist 1746.25 711.65 105.3 237.7