Car 172.75 744.35 345.5 264.3
Car 688.6 642.9 65.2 47.0
Car 576.6 652.5 47.2 25.8
Truck 774.55 610.2 42.3 46.4
LightTruck 835.75 627.95 23.1 24.7
Car 890.35 637.55 42.3 29.9
Car 1018.85 635.2 23.7 18.0
LargeBus 1089.05 578.2 52.5 67.2
Truck 1181.45 610.7 13.7 20.6
Truck 1217.4 606.95 20.4 27.9
van 1228.8 625.05 24.0 26.1
TricycleOpenMotor 1269.15 630.85 19.9 28.9
MotorCyclist 1355.0 652.6 35.6 71.6
Pedestrian 1527.5 639.35 18.2 45.9
van 2308.75 624.55 167.5 118.7
HeavyTruck 120.6 491.5 241.2 245.8
Car 172.75 744.35 345.5 264.3
Car 688.6 642.9 65.2 47.0
Car 576.6 652.5 47.2 25.8
Truck 774.55 610.2 42.3 46.4
LightTruck 835.75 627.95 23.1 24.7
Car 890.35 637.55 42.3 29.9
Car 1018.85 635.2 23.7 18.0
LargeBus 1089.05 578.2 52.5 67.2
Truck 1181.45 610.7 13.7 20.6
Truck 1217.4 606.95 20.4 27.9
van 1228.8 625.05 24.0 26.1
TricycleOpenMotor 1269.15 630.85 19.9 28.9
MotorCyclist 1355.0 652.6 35.6 71.6
Pedestrian 1527.5 639.35 18.2 45.9
van 2308.75 624.55 167.5 118.7