Car 456.05 651.7 60.9 33.8
LightTruck 533.2 632.1 53.6 39.8
Truck 709.0 601.95 51.6 48.3
Car 718.3 640.8 67.8 42.8
LightTruck 798.4 626.2 24.4 25.2
MotorCyclist 898.05 642.0 7.3 16
Car 946.85 640.95 33.7 24.3
HeavyTruck 996.3 590.25 39.0 46.5
EngineTruck 1088.35 576.55 53.9 69.1
Truck 1184.85 610.45 13.7 20.5
Truck 1223.0 604.85 18.4 25.3
van 1226.2 625.2 24.0 27.6
TricycleOpenMotor 1279.35 631.65 19.9 31.7
MotorCyclist 1378.75 660.1 39.5 83.4
Pedestrian 1625.6 644.7 24.4 60.6
Car 154.8 755.4 309.6 286.4
Car 456.05 651.7 60.9 33.8
LightTruck 533.2 632.1 53.6 39.8
Truck 709.0 601.95 51.6 48.3
Car 718.3 640.8 67.8 42.8
LightTruck 798.4 626.2 24.4 25.2
MotorCyclist 898.05 642.0 7.3 16
Car 946.85 640.95 33.7 24.3
HeavyTruck 996.3 590.25 39.0 46.5
EngineTruck 1088.35 576.55 53.9 69.1
Truck 1184.85 610.45 13.7 20.5
Truck 1223.0 604.85 18.4 25.3
van 1226.2 625.2 24.0 27.6
TricycleOpenMotor 1279.35 631.65 19.9 31.7
MotorCyclist 1378.75 660.1 39.5 83.4
Pedestrian 1625.6 644.7 24.4 60.6