Car 2413.9 663.2 97.4 55.6
Truck 2257.45 555.3 146.1 109.0
HeavyTruck 2013.25 557.05 191.3 144.9
TricycleClosed 1468.45 652.25 28.9 42.9
Truck 1567.5 639.35 41.8 26.7
Pedestrian 1637.05 653.9 9.3 18.6
MotorCyclist 1669.05 658.5 8.1 27.8
EngineTruck 1047.0 556.0 136.8 114.8
Car 423.15 669.05 95.1 53.3
Truck 22.45 614.45 44.9 74.9
TricycleOpenMotor 1338.85 656.75 58.9 94.7
MotorCyclist 1836.45 689.25 55.7 135.7
Car 2413.9 663.2 97.4 55.6
Truck 2257.45 555.3 146.1 109.0
HeavyTruck 2013.25 557.05 191.3 144.9
TricycleClosed 1468.45 652.25 28.9 42.9
Truck 1567.5 639.35 41.8 26.7
Pedestrian 1637.05 653.9 9.3 18.6
MotorCyclist 1669.05 658.5 8.1 27.8
EngineTruck 1047.0 556.0 136.8 114.8
Car 423.15 669.05 95.1 53.3
Truck 22.45 614.45 44.9 74.9
TricycleOpenMotor 1338.85 656.75 58.9 94.7