TricycleOpenMotor 1240.05 637.15 40.5 59.1
van 1193.6 643.4 36.0 34.8
Car 2486.95 624.35 48.7 47.5
Car 2399.95 632.4 106.7 45.2
HeavyTruck 1602.35 602.3 69.5 63.8
Truck 535.4 621.85 44.0 41.3
HeavyTruck 98.0 580.5 140.4 82.6
Car 40.55 913.25 81.1 248.9
EngineTruck 962.0 555.8 96.8 102.8
MotorCyclist 1474.75 656.85 27.9 66.1
TricycleOpenMotor 1240.05 637.15 40.5 59.1
van 1193.6 643.4 36.0 34.8
Car 2486.95 624.35 48.7 47.5
Car 2399.95 632.4 106.7 45.2
HeavyTruck 1602.35 602.3 69.5 63.8
Truck 535.4 621.85 44.0 41.3
HeavyTruck 98.0 580.5 140.4 82.6
Car 40.55 913.25 81.1 248.9
EngineTruck 962.0 555.8 96.8 102.8