TricycleOpenMotor 1253.25 632.1 25.7 45.4
van 1193.0 626.2 31.6 33.6
EngineTruck 1015.65 584.25 68.1 72.1
TricycleClosed 1761.15 640.7 69.9 43.4
Car 395.15 653.2 83.5 66.4
Car 143.45 763.55 286.9 314.3
HeavyTruck 588.85 595.6 92.1 50.8
Truck 795.25 620.3 22.9 22.2
Truck 701.1 597.9 59.4 42.6
MotorCyclist 1417.25 641.95 21.7 45.5
TricycleOpenMotor 1253.25 632.1 25.7 45.4
van 1193.0 626.2 31.6 33.6
EngineTruck 1015.65 584.25 68.1 72.1
TricycleClosed 1761.15 640.7 69.9 43.4
Car 395.15 653.2 83.5 66.4
Car 143.45 763.55 286.9 314.3
HeavyTruck 588.85 595.6 92.1 50.8
Truck 795.25 620.3 22.9 22.2
Truck 701.1 597.9 59.4 42.6