Car 2100.85 672.45 64.9 41.7
Car 2350.7 678.85 110.2 63.7
Truck 2244.65 572.15 88.1 96.3
Truck 2081.75 570.4 82.3 92.8
HeavyTruck 1851.05 576.85 121.7 110.1
TricycleClosed 1423.2 656.75 22.0 38.3
TricycleOpenMotor 1327.55 656.8 48.7 80.0
Truck 1582.05 645.25 19.7 28.9
EngineTruck 1038.55 560.25 113.1 119.7
Car 851.95 667.45 49.9 29.3
Truck 306.85 624.8 51.7 50.8
MotorCyclist 1653.3 674.7 51.0 97.4
Car 2100.85 672.45 64.9 41.7
Car 2350.7 678.85 110.2 63.7
Truck 2244.65 572.15 88.1 96.3
Truck 2081.75 570.4 82.3 92.8
HeavyTruck 1851.05 576.85 121.7 110.1
TricycleClosed 1423.2 656.75 22.0 38.3
TricycleOpenMotor 1327.55 656.8 48.7 80.0
Truck 1582.05 645.25 19.7 28.9
EngineTruck 1038.55 560.25 113.1 119.7
Car 851.95 667.45 49.9 29.3
Truck 306.85 624.8 51.7 50.8