TricycleClosed 1536.75 641.8 26.7 45.2
TricycleOpenMotor 1386.6 663.25 69.6 111.3
MotorCyclist 1663.1 651.1 5.8 17.4
EngineTruck 1088.75 541.4 150.7 136.8
Truck 1607.0 628.9 23.2 29.0
van 1410.4 642.85 47.6 42.9
HeavyTruck 2290.45 473.7 179.7 154.2
BiCyclist 702.55 665.4 16.3 28.4
MotorCyclist 2146.6 729.8 114.8 207.6
TricycleClosed 1536.75 641.8 26.7 45.2
TricycleOpenMotor 1386.6 663.25 69.6 111.3
MotorCyclist 1663.1 651.1 5.8 17.4
EngineTruck 1088.75 541.4 150.7 136.8
Truck 1607.0 628.9 23.2 29.0
van 1410.4 642.85 47.6 42.9
HeavyTruck 2290.45 473.7 179.7 154.2
BiCyclist 702.55 665.4 16.3 28.4