TricycleOpenMotor 1248.7 639.95 30.2 51.1
van 1179.75 635.35 35.9 37.1
EngineTruck 988.4 577.95 80.0 84.7
HeavyTruck 1348.45 627.2 30.1 25.6
TricycleClosed 2205.75 669.6 154.3 68.4
HeavyTruck 416.6 596.85 112.8 56.9
MotorCyclist 540.15 660.2 15.5 28.4
Car 118.45 795.75 236.9 358.3
Truck 705.9 624.85 27.0 29.7
MotorCyclist 1452.8 649.8 20.8 56.8
TricycleOpenMotor 1248.7 639.95 30.2 51.1
van 1179.75 635.35 35.9 37.1
EngineTruck 988.4 577.95 80.0 84.7
HeavyTruck 1348.45 627.2 30.1 25.6
TricycleClosed 2205.75 669.6 154.3 68.4
HeavyTruck 416.6 596.85 112.8 56.9
MotorCyclist 540.15 660.2 15.5 28.4
Car 118.45 795.75 236.9 358.3
Truck 705.9 624.85 27.0 29.7