TricycleOpenMotor 1614.5 630.15 121.8 184.3
HeavyTruck 2064.95 487.5 197.1 145.0
EngineTruck 1143.8 477.55 156.0 167.9
Truck 2497.3 469.65 41.8 191.7
HeavyTruck 2445.4 455.3 76.4 163.0
Truck 2418.85 503.25 94.1 124.5
Truck 2393.65 512.1 110.9 118.6
HeavyTruck 2358.1 478.55 134.6 138.3
van 1498.0 608.75 46.4 48.7
TricycleOpenMotor 1614.5 630.15 121.8 184.3
HeavyTruck 2064.95 487.5 197.1 145.0
EngineTruck 1143.8 477.55 156.0 167.9
Truck 2497.3 469.65 41.8 191.7
HeavyTruck 2445.4 455.3 76.4 163.0
Truck 2418.85 503.25 94.1 124.5
Truck 2393.65 512.1 110.9 118.6
HeavyTruck 2358.1 478.55 134.6 138.3