Truck 2399.95 485.25 106.7 191.3
TricycleClosed 1574.55 649.25 37.1 64.9
van 1394.75 640.6 48.7 56.8
MotorCyclist 1489.3 649.8 5.8 24.4
EngineTruck 1045.25 507.85 156.5 190.1
van 2236.55 581.4 127.5 59.2
LightTruck 2039.4 580.3 81.2 29.0
TricycleOpenMotor 2026.15 691.0 355.9 389.6
Truck 2399.95 485.25 106.7 191.3
TricycleClosed 1574.55 649.25 37.1 64.9
van 1394.75 640.6 48.7 56.8
MotorCyclist 1489.3 649.8 5.8 24.4
EngineTruck 1045.25 507.85 156.5 190.1
van 2236.55 581.4 127.5 59.2
LightTruck 2039.4 580.3 81.2 29.0