MotorCyclist 1502.6 627.35 21.6 49.1
Car 1348.55 606.7 26.7 25.0
van 1125.4 615.25 152.4 172.9
Truck 973.8 589.6 45.6 28.4
Car 954.85 614.9 28.5 24.2
Truck 899.7 610.25 42.2 24.9
Truck 730.55 610.1 72.3 42.2
Truck 515.25 602.0 113.7 50.0
Truck 431.65 618.35 74.1 48.3
Truck 338.25 595.55 80.1 43.9
MotorCyclist 1689.1 654.1 53.4 126.6
MotorCyclist 1502.6 627.35 21.6 49.1
Car 1348.55 606.7 26.7 25.0
van 1125.4 615.25 152.4 172.9
Truck 973.8 589.6 45.6 28.4
Car 954.85 614.9 28.5 24.2
Truck 899.7 610.25 42.2 24.9
Truck 730.55 610.1 72.3 42.2
Truck 515.25 602.0 113.7 50.0
Truck 431.65 618.35 74.1 48.3
Truck 338.25 595.55 80.1 43.9