Truck 44.85 594.65 89.7 62.9
Car 202.15 659.7 128.3 65.4
Truck 170.35 574.0 167.9 73.2
MotorCyclist 1568.0 630.05 25.6 54.1
MotorCyclist 1551.25 614.3 14.9 34.2
HeavyTruck 479.35 569.8 111.1 64.8
Truck 586.25 579.05 51.3 54.9
Truck 595.1 578.45 60.6 47.7
Truck 756.8 594.45 59.2 31.3
Car 845.15 605.45 30.7 22.1
Truck 901.5 582.65 43.4 24.9
Truck 1047.9 569.85 59.8 44.9
van 1156.8 606.1 169.6 197.4
MotorCyclist 1951.75 678.65 82.7 175.7
Truck 44.85 594.65 89.7 62.9
Car 202.15 659.7 128.3 65.4
Truck 170.35 574.0 167.9 73.2
MotorCyclist 1568.0 630.05 25.6 54.1
MotorCyclist 1551.25 614.3 14.9 34.2
HeavyTruck 479.35 569.8 111.1 64.8
Truck 586.25 579.05 51.3 54.9
Truck 595.1 578.45 60.6 47.7
Truck 756.8 594.45 59.2 31.3
Car 845.15 605.45 30.7 22.1
Truck 901.5 582.65 43.4 24.9
Truck 1047.9 569.85 59.8 44.9
van 1156.8 606.1 169.6 197.4