MotorCyclist 1801.5 679.95 64.6 150.7
MotorCyclist 1528.95 645.45 22.3 50.9
van 1137.0 628.6 162 182.4
Truck 921.3 597.7 54.2 31.0
Car 878.2 621.4 44.0 23.2
Truck 825.65 619.75 52.5 26.7
Truck 593.55 591.65 122.3 56.9
Car 686.65 658.0 63.7 34.4
MotorCyclist 453.7 661.45 25.0 41.3
Truck 370.45 597.3 130.9 64.6
Truck 248.65 623.1 90.5 54.2
Pedestrian 1913.05 655.0 36.1 118
MotorCyclist 1801.5 679.95 64.6 150.7
MotorCyclist 1528.95 645.45 22.3 50.9
van 1137.0 628.6 162 182.4
Truck 921.3 597.7 54.2 31.0
Car 878.2 621.4 44.0 23.2
Truck 825.65 619.75 52.5 26.7
Truck 593.55 591.65 122.3 56.9
Car 686.65 658.0 63.7 34.4
MotorCyclist 453.7 661.45 25.0 41.3
Truck 370.45 597.3 130.9 64.6
Truck 248.65 623.1 90.5 54.2