Truck 1543.5 590.0 41.4 39.6
MotorCyclist 1585.7 620.15 8.6 20.7
MotorCyclist 1523.25 627.4 18.1 38.8
Car 1495.75 610.65 21.5 18.9
Truck 1373.5 593.0 25.0 38.8
van 1415.7 604.65 19.8 24.1
van 1154.65 612.85 135.3 136.9
Truck 991.85 611.45 57.7 34.5
Truck 904.0 617.9 50.8 30.2
Truck 809.4 623.15 50.8 33.5
Truck 504.85 604.65 96.5 51.7
Truck 445.95 623.9 71.5 42.2
Truck 277.5 599.9 103.4 76.6
MotorCyclist 1622.4 636.1 40.4 87.0
Truck 1543.5 590.0 41.4 39.6
MotorCyclist 1585.7 620.15 8.6 20.7
MotorCyclist 1523.25 627.4 18.1 38.8
Car 1495.75 610.65 21.5 18.9
Truck 1373.5 593.0 25.0 38.8
van 1415.7 604.65 19.8 24.1
van 1154.65 612.85 135.3 136.9
Truck 991.85 611.45 57.7 34.5
Truck 904.0 617.9 50.8 30.2
Truck 809.4 623.15 50.8 33.5
Truck 504.85 604.65 96.5 51.7
Truck 445.95 623.9 71.5 42.2
Truck 277.5 599.9 103.4 76.6