MotorCyclist 1568.1 662.75 25.0 61.1
MotorCyclist 1524.2 647.65 16.4 34.5
van 1128.05 642.85 181.7 214.5
LightTruck 1023.4 606.7 51.6 69.8
MotorCyclist 987.55 631.3 14.7 19.0
MediumBus 922.65 619.65 29.3 30.1
Truck 780.9 605.45 76.6 56.9
Car 662.5 649.45 43.0 24.1
Truck 556.55 631.7 72.3 37.0
Truck 156.45 619.25 130.1 74.1
Truck 252.15 614.1 83.5 70.6
Truck 290.9 617.9 81.8 64.6
Truck 20.3 621.85 40.6 68.9
Car 396.3 658.9 41.4 36.2
Car 426.55 654.55 43.1 37.9
Car 458.0 657.5 40.4 30.2
MotorCyclist 2200.15 728.6 111.1 213.6
MotorCyclist 1568.1 662.75 25.0 61.1
MotorCyclist 1524.2 647.65 16.4 34.5
van 1128.05 642.85 181.7 214.5
LightTruck 1023.4 606.7 51.6 69.8
MotorCyclist 987.55 631.3 14.7 19.0
MediumBus 922.65 619.65 29.3 30.1
Truck 780.9 605.45 76.6 56.9
Car 662.5 649.45 43.0 24.1
Truck 556.55 631.7 72.3 37.0
Truck 156.45 619.25 130.1 74.1
Truck 252.15 614.1 83.5 70.6
Truck 290.9 617.9 81.8 64.6
Truck 20.3 621.85 40.6 68.9
Car 396.3 658.9 41.4 36.2
Car 426.55 654.55 43.1 37.9
Car 458.0 657.5 40.4 30.2