MotorCyclist 2024.1 648.95 31.0 71.5
MotorCyclist 1719.25 650.2 24.1 50.0
Truck 1778.15 610.6 138.7 56.8
Car 82.3 696.3 164.6 87.0
Car 274.45 661.05 73.3 40.5
Truck 497.5 507.3 233.4 249.8
van 830.0 633.4 85.2 106.0
Pickup 904.45 639.1 62.1 75.8
Truck 975.6 598.65 56.0 46.5
MotorCyclist 2193.8 688.1 84.4 170.6
MotorCyclist 2024.1 648.95 31.0 71.5
MotorCyclist 1719.25 650.2 24.1 50.0
Truck 1778.15 610.6 138.7 56.8
Car 82.3 696.3 164.6 87.0
Car 274.45 661.05 73.3 40.5
Truck 497.5 507.3 233.4 249.8
van 830.0 633.4 85.2 106.0
Pickup 904.45 639.1 62.1 75.8
Truck 975.6 598.65 56.0 46.5