Truck 343.35 622.25 59.5 52.5
Car 439.8 638.15 66.4 32.7
Truck 555.65 593.0 101.7 45.6
Truck 686.15 610.7 21.5 25.8
Truck 661.2 587.85 68.0 35.3
Truck 833.45 549.9 102.5 131.8
van 994.9 615.85 25.8 63.7
HeavyTruck 1001.35 554.25 49.1 47.3
van 1128.0 619.3 192 222.2
Car 1588.8 613.3 90.4 31.0
MotorCyclist 1581.85 622.25 18.1 45.7
MotorCyclist 1708.45 638.15 30.1 70.7
MotorCyclist 2253.2 696.7 124.0 215.4
Truck 91.35 560.2 182.7 128.4
Truck 343.35 622.25 59.5 52.5
Car 439.8 638.15 66.4 32.7
Truck 555.65 593.0 101.7 45.6
Truck 686.15 610.7 21.5 25.8
Truck 661.2 587.85 68.0 35.3
Truck 833.45 549.9 102.5 131.8
van 994.9 615.85 25.8 63.7
HeavyTruck 1001.35 554.25 49.1 47.3
van 1128.0 619.3 192 222.2
Car 1588.8 613.3 90.4 31.0
MotorCyclist 1581.85 622.25 18.1 45.7
MotorCyclist 1708.45 638.15 30.1 70.7
MotorCyclist 2253.2 696.7 124.0 215.4