Truck 215.05 441.85 343.7 349.7
van 720.15 627.45 117.1 124.9
Pickup 846.8 624.45 74.0 98.1
HeavyTruck 952.25 562.75 57.7 71.5
van 1164.65 622.25 210.1 238.5
Truck 1488.8 601.6 135.2 62.8
MotorCyclist 1773.1 638.15 31.8 60.3
MotorCyclist 2068.0 641.2 39.6 73.2
MotorCyclist 2316.45 676.6 74.9 157.6
Car 46.55 693.3 93.1 81.0
Truck 215.05 441.85 343.7 349.7
van 720.15 627.45 117.1 124.9
Pickup 846.8 624.45 74.0 98.1
HeavyTruck 952.25 562.75 57.7 71.5
van 1164.65 622.25 210.1 238.5
Truck 1488.8 601.6 135.2 62.8
MotorCyclist 1773.1 638.15 31.8 60.3
MotorCyclist 2068.0 641.2 39.6 73.2
MotorCyclist 2316.45 676.6 74.9 157.6