van 566.0 627.35 163.6 155.9
Pickup 789.95 635.6 77.5 106.8
HeavyTruck 934.7 555.5 53.4 70.6
Truck 1030.7 602.85 131.8 68.9
van 1150.8 614.5 230.8 261
MotorCyclist 1828.25 637.35 35.3 65.5
MotorCyclist 2097.3 633.85 36.2 68.9
MotorCyclist 2320.3 661.05 75.8 147.3
Car 2497.35 588.2 26.7 22.4
Car 2022.85 599.35 35.3 20.7
Car 1880.7 605.05 37.0 18.1
Car 871.85 624.75 24.1 26.7
Truck 140.0 345.35 280 504.7
van 566.0 627.35 163.6 155.9
Pickup 789.95 635.6 77.5 106.8
HeavyTruck 934.7 555.5 53.4 70.6
Truck 1030.7 602.85 131.8 68.9
van 1150.8 614.5 230.8 261
MotorCyclist 1828.25 637.35 35.3 65.5
MotorCyclist 2097.3 633.85 36.2 68.9
MotorCyclist 2320.3 661.05 75.8 147.3
Car 2497.35 588.2 26.7 22.4
Car 2022.85 599.35 35.3 20.7
Car 1880.7 605.05 37.0 18.1
Car 871.85 624.75 24.1 26.7