MotorCyclist 1580.95 628.25 26.7 57.7
MotorCyclist 1541.85 613.3 13.7 31.0
van 1145.15 605.0 178.3 207.6
Truck 49.3 604.85 98.6 62.9
Truck 161.35 605.85 50.7 54.1
Truck 346.15 574.75 109.1 65.5
Truck 431.2 576.6 66.4 62.0
Truck 449.15 576.5 74.3 58.6
Truck 660.05 594.0 62.9 37.6
Car 747.4 608.45 38.4 20.9
Truck 812.1 584.85 45.4 29.7
Truck 913.75 568.7 74.3 49.8
Car 1050.9 594.1 16.6 16.6
MotorCyclist 2084.4 689.85 106.8 198.1
MotorCyclist 1580.95 628.25 26.7 57.7
MotorCyclist 1541.85 613.3 13.7 31.0
van 1145.15 605.0 178.3 207.6
Truck 49.3 604.85 98.6 62.9
Truck 161.35 605.85 50.7 54.1
Truck 346.15 574.75 109.1 65.5
Truck 431.2 576.6 66.4 62.0
Truck 449.15 576.5 74.3 58.6
Truck 660.05 594.0 62.9 37.6
Car 747.4 608.45 38.4 20.9
Truck 812.1 584.85 45.4 29.7
Truck 913.75 568.7 74.3 49.8
Car 1050.9 594.1 16.6 16.6