Truck 73.75 592.55 88.7 82.7
Truck 110.45 595.5 96.5 75
Car 239.65 640.35 41.3 43.9
Car 270.6 643.3 34.4 36.2
Car 288.3 636.9 42.2 37.0
Car 331.75 639.45 25.9 35.3
Truck 454.5 616.6 81.8 44.8
Car 313.3 639.45 47.4 35.3
Truck 618.65 575.7 86.1 69.8
MediumBus 868.75 592.6 31.9 34.4
Truck 960.5 563.3 81 93.0
van 1118.95 613.65 184.3 214.5
Truck 734.35 584.7 49.1 36.2
Car 1416.5 606.35 76.6 27.5
MotorCyclist 1521.55 614.15 14.7 32.7
MotorCyclist 1543.9 631.35 25.0 67.1
MotorCyclist 2306.55 693.35 117.1 218.7
Truck 41.8 600.65 83.6 85.3
Truck 73.75 592.55 88.7 82.7
Truck 110.45 595.5 96.5 75
Car 239.65 640.35 41.3 43.9
Car 270.6 643.3 34.4 36.2
Car 288.3 636.9 42.2 37.0
Car 331.75 639.45 25.9 35.3
Truck 454.5 616.6 81.8 44.8
Car 313.3 639.45 47.4 35.3
Truck 618.65 575.7 86.1 69.8
MediumBus 868.75 592.6 31.9 34.4
Truck 960.5 563.3 81 93.0
van 1118.95 613.65 184.3 214.5
Truck 734.35 584.7 49.1 36.2
Car 1416.5 606.35 76.6 27.5
MotorCyclist 1521.55 614.15 14.7 32.7
MotorCyclist 1543.9 631.35 25.0 67.1
MotorCyclist 2306.55 693.35 117.1 218.7