Car 2000.5 713.6 290.2 197.2
MotorCyclist 2462.95 665.25 64.7 142.1
Pickup 233.55 655.45 301.5 198.1
Car 53.0 670.0 106 320.4
Car 228.9 597.7 161.0 48.2
MediumBus 541.0 604.95 62 66.3
Car 736.65 638.1 46.5 36.2
HeavyTruck 868.75 538.75 93.9 116.3
van 1104.75 568.05 583.1 564.1
Car 2000.5 713.6 290.2 197.2
MotorCyclist 2462.95 665.25 64.7 142.1
Pickup 233.55 655.45 301.5 198.1
Car 53.0 670.0 106 320.4
Car 228.9 597.7 161.0 48.2
MediumBus 541.0 604.95 62 66.3
Car 736.65 638.1 46.5 36.2
HeavyTruck 868.75 538.75 93.9 116.3