Pickup 240.1 655.25 293.4 204.5
Car 612.4 652.3 66.0 40.6
Car 729.45 647.75 44.9 31.1
Car 794.35 637.7 15.5 15.8
Car 837.2 641.15 34.4 25.1
van 1105.3 575.4 584.6 576.4
Car 1892.35 710.95 367.9 199.5
HeavyTruck 1464.55 501.05 527.1 238.1
Car 51.5 667.1 103 323.0
Pickup 240.1 655.25 293.4 204.5
Car 612.4 652.3 66.0 40.6
Car 729.45 647.75 44.9 31.1
Car 794.35 637.7 15.5 15.8
Car 837.2 641.15 34.4 25.1
van 1105.3 575.4 584.6 576.4
Car 1892.35 710.95 367.9 199.5
HeavyTruck 1464.55 501.05 527.1 238.1