Car 2414.25 633.05 56.9 36.1
Car 2147.35 635.15 60.3 37.1
Car 2104.3 610.65 115.4 46.5
MotorCyclist 1453.5 643.35 13.0 43.1
van 1097.9 635.65 245.4 272.1
van 864.45 639.9 85.3 87.8
MotorCyclist 768.05 651.05 12.9 24.1
Car 607.85 660.6 30.1 22.4
Car 476.9 658.4 64.6 28.4
Truck 109.45 335.0 218.9 670
Car 2253.2 620.15 106.8 55.1
Car 2414.25 633.05 56.9 36.1
Car 2147.35 635.15 60.3 37.1
Car 2104.3 610.65 115.4 46.5
MotorCyclist 1453.5 643.35 13.0 43.1
van 1097.9 635.65 245.4 272.1
van 864.45 639.9 85.3 87.8
MotorCyclist 768.05 651.05 12.9 24.1
Car 607.85 660.6 30.1 22.4
Car 476.9 658.4 64.6 28.4
Truck 109.45 335.0 218.9 670