MotorCyclist 1593.1 653.7 19.8 43.0
Car 2503.0 632.2 38 34.4
Car 2109.0 623.6 73.2 34.4
Truck 2052.1 594.7 114.6 42.2
Pickup 999.2 645.05 55.2 56.9
van 816.25 647.25 109.3 109.3
Car 676.65 657.55 50.9 26.7
Car 368.35 658.4 54.3 28.4
Car 304.65 661.8 47.3 28.4
Truck 64.65 317.35 129.3 634.7
van 1140.05 635.6 271.3 303.2
MotorCyclist 1593.1 653.7 19.8 43.0
Car 2503.0 632.2 38 34.4
Car 2109.0 623.6 73.2 34.4
Truck 2052.1 594.7 114.6 42.2
Pickup 999.2 645.05 55.2 56.9
van 816.25 647.25 109.3 109.3
Car 676.65 657.55 50.9 26.7
Car 368.35 658.4 54.3 28.4
Car 304.65 661.8 47.3 28.4
Truck 64.65 317.35 129.3 634.7