van 1340.2 624.85 213.6 243.7
Truck 907.05 570.1 108.5 137.8
HeavyTruck 418.4 517.2 202.4 180.0
van 1126.75 645.9 27.5 31.0
EngineTruck 23.75 508.15 47.5 234.3
Car 130.65 692.8 68.1 38.8
Car 216.4 687.35 74.0 37.9
LargeBus 615.9 607.2 98.2 74.0
Car 1200.5 649.85 21.4 20.5
LightTruck 1727.05 615.4 125.7 73.2
van 1340.2 624.85 213.6 243.7
Truck 907.05 570.1 108.5 137.8
HeavyTruck 418.4 517.2 202.4 180.0
van 1126.75 645.9 27.5 31.0
EngineTruck 23.75 508.15 47.5 234.3
Car 130.65 692.8 68.1 38.8
Car 216.4 687.35 74.0 37.9
LargeBus 615.9 607.2 98.2 74.0
Car 1200.5 649.85 21.4 20.5