Car 168.0 638.8 71.2 39.6
Car 219.4 635.0 73.6 36.0
Car 458.3 607.25 72.6 36.5
Car 541.75 607.0 43.1 24.0
van 583.25 601.5 40.1 21.0
van 798.4 592.35 19.6 19.1
Truck 917.15 516.5 92.7 125.8
van 1337.75 576.3 178.3 211.4
Car 1185.15 582.6 19.5 17.6
van 1121.75 583.1 25.1 28.6
TricycleClosed 1616.0 588.35 55.6 67.1
Truck 1669.05 541.6 73.7 73.6
LightTruck 2048.95 542.4 164.3 111.2
LargeBus 49.15 499.1 98.3 216.2
Car 168.0 638.8 71.2 39.6
Car 219.4 635.0 73.6 36.0
Car 458.3 607.25 72.6 36.5
Car 541.75 607.0 43.1 24.0
van 583.25 601.5 40.1 21.0
van 798.4 592.35 19.6 19.1
Truck 917.15 516.5 92.7 125.8
van 1337.75 576.3 178.3 211.4
Car 1185.15 582.6 19.5 17.6
van 1121.75 583.1 25.1 28.6
TricycleClosed 1616.0 588.35 55.6 67.1
Truck 1669.05 541.6 73.7 73.6
LightTruck 2048.95 542.4 164.3 111.2