MotorCyclist 2036.2 693.65 44.8 102.5
Car 1583.2 682.6 79.2 62.8
Truck 1431.65 593.45 68.9 98.1
Car 1323.1 658.05 20.6 13.7
Car 1258.55 655.05 15.5 7.7
OtherCar 1012.1 644.15 46.6 48.3
HeavyTruck 659.1 628.3 43.0 54.2
Truck 577.7 638.1 31.8 53.4
van 2406.1 659.75 102.6 358.3
MotorCyclist 2036.2 693.65 44.8 102.5
Car 1583.2 682.6 79.2 62.8
Truck 1431.65 593.45 68.9 98.1
Car 1323.1 658.05 20.6 13.7
Car 1258.55 655.05 15.5 7.7
OtherCar 1012.1 644.15 46.6 48.3
HeavyTruck 659.1 628.3 43.0 54.2
Truck 577.7 638.1 31.8 53.4