Truck 223.25 650.2 118.9 67.2
Truck 18.55 675.65 37.1 52.5
Car 32.35 658.9 64.7 60.2
Truck 37.95 670.95 75.9 43.1
OtherCar 617.75 626.95 67.1 82.7
Car 1008.3 670.4 14.6 11.2
Car 1042.7 676.5 25.0 19.8
Car 1140.5 664.95 13.8 10.3
Truck 1209.35 614.85 72.3 96.5
Car 1425.1 693.65 69.8 57.7
MotorCyclist 1938.5 711.9 42.2 104.2
HeavyTruck 315.85 583.5 114.5 99
Truck 223.25 650.2 118.9 67.2
Truck 18.55 675.65 37.1 52.5
Car 32.35 658.9 64.7 60.2
Truck 37.95 670.95 75.9 43.1
OtherCar 617.75 626.95 67.1 82.7
Car 1008.3 670.4 14.6 11.2
Car 1042.7 676.5 25.0 19.8
Car 1140.5 664.95 13.8 10.3
Truck 1209.35 614.85 72.3 96.5
Car 1425.1 693.65 69.8 57.7
MotorCyclist 1938.5 711.9 42.2 104.2