Truck 1575.0 640.3 90.4 64.6
van 1344.6 684.35 191.2 217.9
Truck 919.95 613.6 99.9 128.4
LargeBus 275.75 598.2 206.7 152.4
HeavyTruck 56.45 438.8 112.9 326.4
Car 561.55 689.6 44.3 25.6
van 833.0 682.25 14.8 16.5
van 1130.95 677.45 22.3 26.9
Car 1196.35 676.55 22.3 17.9
LightTruck 1875.95 652.0 117.1 91.2
Truck 1575.0 640.3 90.4 64.6
van 1344.6 684.35 191.2 217.9
Truck 919.95 613.6 99.9 128.4
LargeBus 275.75 598.2 206.7 152.4
HeavyTruck 56.45 438.8 112.9 326.4
Car 561.55 689.6 44.3 25.6
van 833.0 682.25 14.8 16.5
van 1130.95 677.45 22.3 26.9
Car 1196.35 676.55 22.3 17.9