LightTruck 2345.35 599.9 143.1 155.8
TricycleClosed 1745.85 654.55 74.1 89.5
Truck 1721.0 600.65 106.8 85.3
van 1545.3 606.7 58.6 69.8
van 1339.0 643.4 169.6 191.2
Truck 937.3 587.85 93.0 114.5
van 1131.85 642.9 24.1 25.0
Car 1185.3 644.3 19.8 16.6
Car 777.65 651.7 20.5 17.8
MotorCyclist 729.65 658.35 31.7 31.9
van 539.75 659.75 45.5 24.7
Car 495.9 665.9 37.4 27.4
Car 366.65 664.15 80.5 38.3
Car 43.45 693.0 86.9 46.8
Car 25.35 697.35 50.7 48.3
Car 2426.8 1021.05 88.8 243.7
LightTruck 2345.35 599.9 143.1 155.8
TricycleClosed 1745.85 654.55 74.1 89.5
Truck 1721.0 600.65 106.8 85.3
van 1545.3 606.7 58.6 69.8
van 1339.0 643.4 169.6 191.2
Truck 937.3 587.85 93.0 114.5
van 1131.85 642.9 24.1 25.0
Car 1185.3 644.3 19.8 16.6
Car 777.65 651.7 20.5 17.8
MotorCyclist 729.65 658.35 31.7 31.9
van 539.75 659.75 45.5 24.7
Car 495.9 665.9 37.4 27.4
Car 366.65 664.15 80.5 38.3
Car 43.45 693.0 86.9 46.8
Car 25.35 697.35 50.7 48.3