Car 313.85 662.65 58.9 36.9
van 387.9 654.85 69.0 33.3
HeavyTruck 410.1 614.0 111.8 46.8
Car 625.7 652.8 39.4 18.4
van 739.15 649.7 39.5 24.2
MotorCyclist 750.05 652.3 40.9 31.0
Truck 984.5 576.75 86.2 115.1
van 1164.05 634.15 20.5 24.7
Car 1191.65 635.05 20.1 15.7
MotorCyclist 1239.2 631.3 7.2 13.0
MotorCyclist 1259.15 631.65 5.9 11.7
MotorCyclist 1273.25 631.85 6.1 13.7
van 1355.3 633.45 169.4 190.9
Truck 1697.65 589.45 109.3 105.7
Truck 2122.4 578.15 240.4 194.3
Car 1930.45 736.5 419.7 469
Car 95.05 666.05 116.1 54.1
Car 313.85 662.65 58.9 36.9
van 387.9 654.85 69.0 33.3
HeavyTruck 410.1 614.0 111.8 46.8
Car 625.7 652.8 39.4 18.4
van 739.15 649.7 39.5 24.2
MotorCyclist 750.05 652.3 40.9 31.0
Truck 984.5 576.75 86.2 115.1
van 1164.05 634.15 20.5 24.7
Car 1191.65 635.05 20.1 15.7
MotorCyclist 1239.2 631.3 7.2 13.0
MotorCyclist 1259.15 631.65 5.9 11.7
MotorCyclist 1273.25 631.85 6.1 13.7
van 1355.3 633.45 169.4 190.9
Truck 1697.65 589.45 109.3 105.7
Truck 2122.4 578.15 240.4 194.3
Car 1930.45 736.5 419.7 469