MotorCyclist 1104.35 661.5 20.7 31
Truck 977.3 639.9 59.4 25.8
Truck 909.65 585.65 79.3 113.7
Car 800.65 660.6 12.9 12.0
LightTruck 441.2 667.5 34.4 36.2
HeavyTruck 349.05 624.35 108.5 43.1
MotorCyclist 365.45 680.75 24.1 49.1
Car 57.3 639.05 114.6 51.7
Car 306.75 673.85 55.1 18.1
HeavyTruck 2362.15 427.65 131.9 283.3
MotorCyclist 1104.35 661.5 20.7 31
Truck 977.3 639.9 59.4 25.8
Truck 909.65 585.65 79.3 113.7
Car 800.65 660.6 12.9 12.0
LightTruck 441.2 667.5 34.4 36.2
HeavyTruck 349.05 624.35 108.5 43.1
MotorCyclist 365.45 680.75 24.1 49.1
Car 57.3 639.05 114.6 51.7
Car 306.75 673.85 55.1 18.1