Car 1110.3 646.35 53.4 38.7
Truck 973.45 579.6 75.7 101.6
MotorCyclist 690.45 655.9 12.9 19.8
LightTruck 591.9 644.2 25.8 27.6
Car 496.3 670.05 75.8 41.3
Truck 131.95 629.65 105.1 46.5
Car 63.0 678.3 84.4 19.8
Car 21.15 691.65 42.3 29.3
HeavyTruck 1783.9 546.45 284.2 124.9
Car 1110.3 646.35 53.4 38.7
Truck 973.45 579.6 75.7 101.6
MotorCyclist 690.45 655.9 12.9 19.8
LightTruck 591.9 644.2 25.8 27.6
Car 496.3 670.05 75.8 41.3
Truck 131.95 629.65 105.1 46.5
Car 63.0 678.3 84.4 19.8
Car 21.15 691.65 42.3 29.3