MotorCyclist 1119.85 648.95 13.7 26.7
Car 1043.2 652.45 39.6 40.5
Truck 947.95 582.2 76.7 106.8
LightTruck 524.5 653.75 25.4 30.3
MotorCyclist 591.5 664.05 16.2 32.9
Car 710.2 649.95 10.4 7.9
Car 413.4 668.7 52.8 25.4
Truck 31.45 628.6 62.9 57.6
MotorCyclist 149.75 682.2 34.3 57.6
HeavyTruck 2012.05 526.7 365.3 188.6
MotorCyclist 1119.85 648.95 13.7 26.7
Car 1043.2 652.45 39.6 40.5
Truck 947.95 582.2 76.7 106.8
LightTruck 524.5 653.75 25.4 30.3
MotorCyclist 591.5 664.05 16.2 32.9
Car 710.2 649.95 10.4 7.9
Car 413.4 668.7 52.8 25.4
Truck 31.45 628.6 62.9 57.6
MotorCyclist 149.75 682.2 34.3 57.6