MotorCyclist 1100.4 652.75 16.4 37.9
Car 1272.7 611.9 126.6 42.2
PersonSitting 1240.75 657.55 31.9 37.1
Truck 1000.55 631.35 61.1 32.7
MotorCyclist 1008.65 650.75 12.1 26.7
Car 712.45 648.5 18.9 8.6
MotorCyclist 680.65 645.45 6.9 12.9
Car 799.9 647.25 14.6 12.9
Car 441.5 648.5 25.0 19.0
HeavyTruck 222.35 604.25 144.7 57.7
LightTruck 307.7 647.3 43.0 37.0
Car 146.25 663.1 74.9 31.0
Car 21.15 617.1 42.3 69.8
Truck 858.45 568.9 80.1 121.4
MotorCyclist 1100.4 652.75 16.4 37.9
Car 1272.7 611.9 126.6 42.2
PersonSitting 1240.75 657.55 31.9 37.1
Truck 1000.55 631.35 61.1 32.7
MotorCyclist 1008.65 650.75 12.1 26.7
Car 712.45 648.5 18.9 8.6
MotorCyclist 680.65 645.45 6.9 12.9
Car 799.9 647.25 14.6 12.9
Car 441.5 648.5 25.0 19.0
HeavyTruck 222.35 604.25 144.7 57.7
LightTruck 307.7 647.3 43.0 37.0
Car 146.25 663.1 74.9 31.0
Car 21.15 617.1 42.3 69.8