Pedestrian 2427.1 729.9 75.8 143.8
HeavyTruck 1943.5 586.55 255.8 94.7
Truck 1317.05 611.0 136.1 61.2
HeavyTruck 1548.35 583.45 195.5 57.7
MotorCyclist 1206.4 642.15 11.2 26.7
MotorCyclist 1176.7 644.2 13.8 34.4
van 1082.35 625.3 14.7 20.6
Car 995.35 645.1 43.9 36.2
Truck 749.95 528.45 145.5 181.7
MotorCyclist 560.95 637.25 15.5 34.5
Car 284.0 659.25 130.0 68.1
Car 154.85 637.75 92.1 49.1
van 29.75 619.7 59.5 64.6
Truck 2298.85 616.2 174.1 106.0
Pedestrian 2427.1 729.9 75.8 143.8
HeavyTruck 1943.5 586.55 255.8 94.7
Truck 1317.05 611.0 136.1 61.2
HeavyTruck 1548.35 583.45 195.5 57.7
MotorCyclist 1206.4 642.15 11.2 26.7
MotorCyclist 1176.7 644.2 13.8 34.4
van 1082.35 625.3 14.7 20.6
Car 995.35 645.1 43.9 36.2
Truck 749.95 528.45 145.5 181.7
MotorCyclist 560.95 637.25 15.5 34.5
Car 284.0 659.25 130.0 68.1
Car 154.85 637.75 92.1 49.1
van 29.75 619.7 59.5 64.6