HeavyTruck 1594.4 571.45 198.0 74.9
MotorCyclist 1985.0 705.35 90.4 184.3
Car 1244.25 652.45 52.5 40.5
Truck 1035.35 581.8 65.5 95.6
Car 851.6 639.95 45.6 32.7
Car 376.95 674.3 99.1 63.8
MotorCyclist 540.25 664.05 18.9 36.1
MotorCyclist 736.1 645.45 14.6 23.3
MotorCyclist 802.0 640.8 12 17.2
Car 98.4 662.35 89.6 32.7
Car 34.95 687.3 69.9 31.0
van 2126.55 574.5 139.5 60.2
HeavyTruck 1594.4 571.45 198.0 74.9
MotorCyclist 1985.0 705.35 90.4 184.3
Car 1244.25 652.45 52.5 40.5
Truck 1035.35 581.8 65.5 95.6
Car 851.6 639.95 45.6 32.7
Car 376.95 674.3 99.1 63.8
MotorCyclist 540.25 664.05 18.9 36.1
MotorCyclist 736.1 645.45 14.6 23.3
MotorCyclist 802.0 640.8 12 17.2
Car 98.4 662.35 89.6 32.7
Car 34.95 687.3 69.9 31.0