HeavyTruck 1359.65 621.85 186.9 51.7
Pedestrian 1305.9 656.25 20.6 41.3
PersonSitting 1354.9 670.9 19.0 36.2
Truck 1214.15 646.8 54.3 22.4
Truck 1017.3 634.7 87.8 36.2
MotorCyclist 981.6 657.5 23.2 30.2
MotorCyclist 1116.75 665.35 14.7 38.7
Truck 807.15 577.9 94.7 132.6
Car 722.8 651.95 22.4 15.5
MotorCyclist 668.55 645.0 10.3 22.4
MotorCyclist 645.75 648.15 9.5 21.5
Car 376.95 656.25 37.1 24.1
HeavyTruck 92.65 602.35 185.3 71.5
LightTruck 125.1 651.9 53.4 53.4
Car 21.6 679.1 43.2 42.2
Truck 1671.8 577.05 191.2 103.3
HeavyTruck 1359.65 621.85 186.9 51.7
Pedestrian 1305.9 656.25 20.6 41.3
PersonSitting 1354.9 670.9 19.0 36.2
Truck 1214.15 646.8 54.3 22.4
Truck 1017.3 634.7 87.8 36.2
MotorCyclist 981.6 657.5 23.2 30.2
MotorCyclist 1116.75 665.35 14.7 38.7
Truck 807.15 577.9 94.7 132.6
Car 722.8 651.95 22.4 15.5
MotorCyclist 668.55 645.0 10.3 22.4
MotorCyclist 645.75 648.15 9.5 21.5
Car 376.95 656.25 37.1 24.1
HeavyTruck 92.65 602.35 185.3 71.5
LightTruck 125.1 651.9 53.4 53.4
Car 21.6 679.1 43.2 42.2