Truck 1427.75 584.0 178.3 79.2
HeavyTruck 1729.6 538.25 275.6 91.3
MotorCyclist 1363.95 648.45 37.1 91.3
MotorCyclist 1297.2 629.1 17.2 42.2
MotorCyclist 1271.0 623.95 16.4 31.9
van 1139.1 604.65 25.0 24.1
Car 1060.0 628.3 45.6 37.0
Truck 728.75 495.2 172.3 208.4
MotorCyclist 98.35 639.0 48.3 72.4
Car 6.5 658.4 13 45.6
HeavyTruck 2261.5 528.9 199 137.8
Truck 1427.75 584.0 178.3 79.2
HeavyTruck 1729.6 538.25 275.6 91.3
MotorCyclist 1363.95 648.45 37.1 91.3
MotorCyclist 1297.2 629.1 17.2 42.2
MotorCyclist 1271.0 623.95 16.4 31.9
van 1139.1 604.65 25.0 24.1
Car 1060.0 628.3 45.6 37.0
Truck 728.75 495.2 172.3 208.4
MotorCyclist 98.35 639.0 48.3 72.4
Car 6.5 658.4 13 45.6