Truck 979.45 611.1 29.3 37.0
MotorCyclist 928.15 632.55 9.5 14.7
Car 1069.05 635.95 36.1 31.9
van 1115.5 626.2 19 22.4
Car 1150.8 630.4 10.4 10.4
MotorCyclist 1226.15 621.75 9.5 20.7
MotorCyclist 1275.7 648.0 25.8 56
MotorCyclist 1399.25 643.75 28.5 54.3
MotorCyclist 1555.65 655.45 41.3 98.1
HeavyTruck 2191.6 531.75 245.6 99.1
HeavyTruck 1967.65 513.35 276.5 106.7
Truck 204.7 403.0 374.6 392.8
Truck 979.45 611.1 29.3 37.0
MotorCyclist 928.15 632.55 9.5 14.7
Car 1069.05 635.95 36.1 31.9
van 1115.5 626.2 19 22.4
Car 1150.8 630.4 10.4 10.4
MotorCyclist 1226.15 621.75 9.5 20.7
MotorCyclist 1275.7 648.0 25.8 56
MotorCyclist 1399.25 643.75 28.5 54.3
MotorCyclist 1555.65 655.45 41.3 98.1
HeavyTruck 2191.6 531.75 245.6 99.1
HeavyTruck 1967.65 513.35 276.5 106.7