MotorCyclist 1196.45 652.55 20.1 39.1
Pedestrian 1395.45 650.7 21.3 69.8
Motorcycle 1704.4 693.5 88.4 48.6
Car 1137.3 643.9 24.6 25.8
Machineshop 1466.65 588.95 112.9 112.3
Truck 149.6 344.15 299.2 688.3
HeavyTruck 635.8 532.35 136.8 155.5
HeavyTruck 868.95 587.35 59.1 65.9
MotorCyclist 1184.95 654.2 9.9 13.2
Car 986.85 658.0 23.3 13.6
Truck 2442.1 594.45 78.6 143.7
Truck 2252.35 611.75 103.9 98.7
Truck 2067.35 594.85 97.9 106.5
MotorCyclist 1161.75 656.1 8.7 15.4
MotorCyclist 1142.2 655.4 8.8 17.6
Car 1949.75 639.45 57.9 66.1
Motorcycle 1721.6 639.15 93.2 49.1
Car 1071.75 650.95 36.7 32.3
MotorCyclist 1196.45 652.55 20.1 39.1
Pedestrian 1395.45 650.7 21.3 69.8
Motorcycle 1704.4 693.5 88.4 48.6
Car 1137.3 643.9 24.6 25.8
Machineshop 1466.65 588.95 112.9 112.3
Truck 149.6 344.15 299.2 688.3
HeavyTruck 635.8 532.35 136.8 155.5
HeavyTruck 868.95 587.35 59.1 65.9
MotorCyclist 1184.95 654.2 9.9 13.2
Car 986.85 658.0 23.3 13.6
Truck 2442.1 594.45 78.6 143.7
Truck 2252.35 611.75 103.9 98.7
Truck 2067.35 594.85 97.9 106.5
MotorCyclist 1161.75 656.1 8.7 15.4
MotorCyclist 1142.2 655.4 8.8 17.6
Car 1949.75 639.45 57.9 66.1
Motorcycle 1721.6 639.15 93.2 49.1