Truck 853.7 583.9 53.4 58.6
Car 1000.0 620.55 22.4 21.5
Car 1129.75 621.9 33.5 31.0
van 1166.35 611.95 20.7 21.5
Truck 1078.95 609.85 21.5 24.1
MotorCyclist 2216.6 713.5 130.0 255.8
MotorCyclist 1556.4 644.2 39.6 89.6
MotorCyclist 1351.05 646.35 35.3 83.5
MotorCyclist 1294.7 614.95 8.6 20.7
Truck 185.65 291.05 371.3 530.5
Truck 853.7 583.9 53.4 58.6
Car 1000.0 620.55 22.4 21.5
Car 1129.75 621.9 33.5 31.0
van 1166.35 611.95 20.7 21.5
Truck 1078.95 609.85 21.5 24.1
MotorCyclist 2216.6 713.5 130.0 255.8
MotorCyclist 1556.4 644.2 39.6 89.6
MotorCyclist 1351.05 646.35 35.3 83.5
MotorCyclist 1294.7 614.95 8.6 20.7