MotorCyclist 1904.35 712.2 87.9 208.4
MotorCyclist 1630.05 695.05 62.9 153.3
Car 1116.0 639.5 33.6 31.8
LargeBus 1050.4 632.95 33.6 43.1
Car 1268.85 648.1 36.1 25.0
MotorCyclist 1410.9 642.05 13.8 23.3
MotorCyclist 1392.45 647.25 7.7 12.9
HeavyTruck 1247.75 616.2 21.5 33.6
Truck 241.2 282.05 482.4 564.1
HeavyTruck 2357.05 497.75 135.3 161.9
MotorCyclist 1904.35 712.2 87.9 208.4
MotorCyclist 1630.05 695.05 62.9 153.3
Car 1116.0 639.5 33.6 31.8
LargeBus 1050.4 632.95 33.6 43.1
Car 1268.85 648.1 36.1 25.0
MotorCyclist 1410.9 642.05 13.8 23.3
MotorCyclist 1392.45 647.25 7.7 12.9
HeavyTruck 1247.75 616.2 21.5 33.6
Truck 241.2 282.05 482.4 564.1