Car 1311.05 633.45 35.3 35.3
MotorCyclist 1443.8 644.5 15.6 44.2
LightTruck 1197.0 635.2 29.2 23.2
Car 916.15 624.8 27.1 47.2
Car 1084.0 644.8 42.4 25.6
Car 1386.9 641.6 19.4 13.6
HeavyTruck 1356.15 616.8 11.5 23.2
van 2325.4 635.35 36.8 55.1
Car 2380.3 662.15 119.8 111.9
MotorCyclist 1812.25 688.15 80.5 172.3
Car 1311.05 633.45 35.3 35.3
MotorCyclist 1443.8 644.5 15.6 44.2
LightTruck 1197.0 635.2 29.2 23.2
Car 916.15 624.8 27.1 47.2
Car 1084.0 644.8 42.4 25.6
Car 1386.9 641.6 19.4 13.6
HeavyTruck 1356.15 616.8 11.5 23.2
van 2325.4 635.35 36.8 55.1
Car 2380.3 662.15 119.8 111.9