Truck 95.6 469.05 191.2 214.9
Car 980.15 641.75 22.7 14.3
Car 1160.05 640.7 29.7 30.2
HeavyTruck 1215.1 621.15 15.0 22.7
MotorCyclist 1239.15 634.35 11.9 14.7
MotorCyclist 1264.9 639.95 5.8 18.7
Car 1159.0 639.6 30 31.2
Motorcycle 1404.65 634.95 29.3 30.7
Car 1490.4 649.8 30.4 44.8
HeavyTruck 1605.8 494.25 174.4 204.9
Car 794.75 647.4 54.7 34.0
Truck 95.6 469.05 191.2 214.9
Car 980.15 641.75 22.7 14.3
Car 1160.05 640.7 29.7 30.2
HeavyTruck 1215.1 621.15 15.0 22.7
MotorCyclist 1239.15 634.35 11.9 14.7
MotorCyclist 1264.9 639.95 5.8 18.7
Car 1159.0 639.6 30 31.2
Motorcycle 1404.65 634.95 29.3 30.7
Car 1490.4 649.8 30.4 44.8
HeavyTruck 1605.8 494.25 174.4 204.9