Pedestrian 1585.8 650.75 21.6 57.1
MotorCyclist 1336.2 655.35 29.6 66.3
Car 1100.05 644.25 16.5 20.9
MotorCyclist 1277.95 649.3 14.3 29.8
MotorCyclist 1256.65 644.7 8.9 19.0
Car 1164.6 644.65 34.0 28.9
Car 993.05 635.15 23.3 20.7
TricycleOpenMotor 1695.4 690.5 62.0 55.8
Car 1915.45 674.1 105.3 63.8
Pedestrian 1552.2 638.0 27.2 42.4
van 2455.9 632.95 69.4 63.9
Car 322.4 673.2 112.0 45.6
Pedestrian 1585.8 650.75 21.6 57.1
MotorCyclist 1336.2 655.35 29.6 66.3
Car 1100.05 644.25 16.5 20.9
MotorCyclist 1277.95 649.3 14.3 29.8
MotorCyclist 1256.65 644.7 8.9 19.0
Car 1164.6 644.65 34.0 28.9
Car 993.05 635.15 23.3 20.7
TricycleOpenMotor 1695.4 690.5 62.0 55.8
Car 1915.45 674.1 105.3 63.8
Pedestrian 1552.2 638.0 27.2 42.4
van 2455.9 632.95 69.4 63.9