Car 919.2 644.5 38.0 23.4
Car 1006.1 657.25 19.0 28.5
Car 1131.8 649.65 33.6 36.5
MotorCyclist 1260.45 656.95 16.5 41.1
MotorCyclist 1242.05 649.5 9.3 18.6
MotorCyclist 1199.1 647.9 9.4 15.8
MotorCyclist 1217.95 647.3 7.5 15.4
Car 1363.15 656.2 16.3 24.4
EngineTruck 186.6 448.9 318.8 216.6
Truck 677.95 561.5 75.1 103
Pedestrian 2279.45 696.35 99.7 365.5
EngineTruck 2028.1 497.0 354.6 467.2
Car 1049.7 644.4 26.2 19.2
Truck 1088.65 642.35 15.7 15.1
Truck 49.0 679.65 98 506.9
Car 919.2 644.5 38.0 23.4
Car 1006.1 657.25 19.0 28.5
Car 1131.8 649.65 33.6 36.5
MotorCyclist 1260.45 656.95 16.5 41.1
MotorCyclist 1242.05 649.5 9.3 18.6
MotorCyclist 1199.1 647.9 9.4 15.8
MotorCyclist 1217.95 647.3 7.5 15.4
Car 1363.15 656.2 16.3 24.4
EngineTruck 186.6 448.9 318.8 216.6
Truck 677.95 561.5 75.1 103
Pedestrian 2279.45 696.35 99.7 365.5
EngineTruck 2028.1 497.0 354.6 467.2
Car 1049.7 644.4 26.2 19.2
Truck 1088.65 642.35 15.7 15.1