TricycleOpenMotor 1530.8 669.6 29.2 39.2
Pedestrian 1485.6 651.4 22.8 39.2
Car 1870.0 679.75 137.6 108.3
Car 1700.8 664.3 64.0 41.4
MotorCyclist 344.4 674.35 32.0 53.9
Car 742.6 657.05 46.8 26.9
Car 1163.6 645.0 30.4 27.6
MotorCyclist 1280.95 647.65 11.5 29.7
MotorCyclist 1317.55 646.6 25.1 60.8
TricycleOpenMotor 1530.8 669.6 29.2 39.2
Pedestrian 1485.6 651.4 22.8 39.2
Car 1870.0 679.75 137.6 108.3
Car 1700.8 664.3 64.0 41.4
MotorCyclist 344.4 674.35 32.0 53.9
Car 742.6 657.05 46.8 26.9
Car 1163.6 645.0 30.4 27.6
MotorCyclist 1280.95 647.65 11.5 29.7