LightTruck 1113.65 625.45 35.7 26.5
MotorCyclist 1231.55 613.6 19.1 23.2
Car 1169.7 627.2 26.6 9.6
Car 1296.15 633.35 33.5 41.1
Car 1352.8 631.65 21.2 15.7
MotorCyclist 1389.75 642.3 10.3 17.8
MotorCyclist 1409.95 647.45 12.3 25.3
MotorCyclist 1452.5 652.15 15.4 39.1
MotorCyclist 2415.7 744.75 96.2 309.9
HeavyTruck 1583.5 593.25 57.8 91.7
Car 990.15 620.05 39.1 35.3
Car 879.85 647.4 82.1 44.0
LightTruck 1113.65 625.45 35.7 26.5
MotorCyclist 1231.55 613.6 19.1 23.2
Car 1169.7 627.2 26.6 9.6
Car 1296.15 633.35 33.5 41.1
Car 1352.8 631.65 21.2 15.7
MotorCyclist 1389.75 642.3 10.3 17.8
MotorCyclist 1409.95 647.45 12.3 25.3
MotorCyclist 1452.5 652.15 15.4 39.1
MotorCyclist 2415.7 744.75 96.2 309.9
HeavyTruck 1583.5 593.25 57.8 91.7
Car 990.15 620.05 39.1 35.3