Motorcycle 2036.15 652.35 155.1 110.3
EngineTruck 697.7 569.4 125.4 98.4
Pedestrian 1561.3 666.35 38.6 111.5
Car 1116.85 660.6 36.5 32.8
Car 1183.4 664.75 21.6 9.5
MotorCyclist 1239.9 672.2 15.8 40.0
MotorCyclist 1328.7 659.05 17.8 27.7
Car 983.9 666.35 17.8 12.3
Car 1026.5 665.95 12.6 11.5
Car 2421.55 680.1 92.3 84.6
Car 2399.0 631.3 65.6 54.2
EngineTruck 1669.4 553.3 178.4 174.2
HeavyTruck 359.85 388.3 186.9 226.6
Truck 111.05 378.9 222.1 707.4
Motorcycle 2059.25 711.25 158.5 92.1
Motorcycle 2036.15 652.35 155.1 110.3
EngineTruck 697.7 569.4 125.4 98.4
Pedestrian 1561.3 666.35 38.6 111.5
Car 1116.85 660.6 36.5 32.8
Car 1183.4 664.75 21.6 9.5
MotorCyclist 1239.9 672.2 15.8 40.0
MotorCyclist 1328.7 659.05 17.8 27.7
Car 983.9 666.35 17.8 12.3
Car 1026.5 665.95 12.6 11.5
Car 2421.55 680.1 92.3 84.6
Car 2399.0 631.3 65.6 54.2
EngineTruck 1669.4 553.3 178.4 174.2
HeavyTruck 359.85 388.3 186.9 226.6
Truck 111.05 378.9 222.1 707.4