MotorCyclist 1386.55 660.65 35.9 80.1
MotorCyclist 1297.8 652.25 13.6 29.3
Car 1686.75 648.45 60.3 46.9
Pedestrian 1826.2 675.7 22.8 77.0
TricycleOpenMotor 2181.1 744.0 156.2 120
Car 1264.35 645.55 11.9 15.5
Car 1090.1 646.2 24.2 16.0
Car 1136.4 644.05 14.8 11.7
Car 1228.25 653.15 8.9 11.1
Car 2471.2 711.55 59.2 111.9
Car 1184.65 649.65 28.9 27.7
MotorCyclist 1386.55 660.65 35.9 80.1
MotorCyclist 1297.8 652.25 13.6 29.3
Car 1686.75 648.45 60.3 46.9
Pedestrian 1826.2 675.7 22.8 77.0
TricycleOpenMotor 2181.1 744.0 156.2 120
Car 1264.35 645.55 11.9 15.5
Car 1090.1 646.2 24.2 16.0
Car 1136.4 644.05 14.8 11.7
Car 1228.25 653.15 8.9 11.1
Car 2471.2 711.55 59.2 111.9