Car 1170.75 642.3 16.7 17.8
Car 1243.7 644.6 35.0 30.4
MotorCyclist 1528.85 672.2 53.3 106.0
MotorCyclist 1356.05 651.45 12.1 34.9
MotorCyclist 1381.35 655.35 7.5 26.3
Car 1325.8 645.7 16.0 18.2
Car 1913.35 656.95 88.7 65.5
EngineTruck 2179.15 612.7 155.1 108.2
EngineTruck 2375.35 550.05 123.1 133.7
Car 1107.65 647.45 34.5 13.7
Car 1170.75 642.3 16.7 17.8
Car 1243.7 644.6 35.0 30.4
MotorCyclist 1528.85 672.2 53.3 106.0
MotorCyclist 1356.05 651.45 12.1 34.9
MotorCyclist 1381.35 655.35 7.5 26.3
Car 1325.8 645.7 16.0 18.2
Car 1913.35 656.95 88.7 65.5
EngineTruck 2179.15 612.7 155.1 108.2
EngineTruck 2375.35 550.05 123.1 133.7