LightTruck 567.1 638.95 130.2 95.1
Machineshop 759.75 614.3 46.3 51.8
MotorCyclist 893.9 660.15 10.2 18.3
TricycleClosed 964.9 638.4 17.4 24.4
van 1049.1 623.9 26.6 17.4
MotorCyclist 1107.05 607.4 20.5 29.6
HeavyTruck 1175.0 608.95 13.2 18.7
HeavyTruck 1225.95 602.4 15.5 16.4
Car 1205.2 638.85 36.0 34.9
Car 1266.8 627.95 13.6 13.1
MotorCyclist 1372.1 647.25 21.4 49.3
HeavyTruck 1856.5 540.5 345.4 175.0
Pedestrian 1543.85 629.2 22.1 29.2
Pedestrian 1584.55 616.35 19.1 25.1
TricycleOpenMotor 405.55 647.25 72.3 60.1
LightTruck 567.1 638.95 130.2 95.1
Machineshop 759.75 614.3 46.3 51.8
MotorCyclist 893.9 660.15 10.2 18.3
TricycleClosed 964.9 638.4 17.4 24.4
van 1049.1 623.9 26.6 17.4
MotorCyclist 1107.05 607.4 20.5 29.6
HeavyTruck 1175.0 608.95 13.2 18.7
HeavyTruck 1225.95 602.4 15.5 16.4
Car 1205.2 638.85 36.0 34.9
Car 1266.8 627.95 13.6 13.1
MotorCyclist 1372.1 647.25 21.4 49.3
HeavyTruck 1856.5 540.5 345.4 175.0
Pedestrian 1543.85 629.2 22.1 29.2
Pedestrian 1584.55 616.35 19.1 25.1