MotorCyclist 1595.65 646.15 27.3 64.7
Car 1312.3 637.0 42.6 36.4
van 1233.1 630.9 29.0 40.6
HeavyTruck 336.8 537.4 273.6 180.4
Car 876.7 640.9 22.6 15.0
van 939.95 627.45 44.3 21.3
HeavyTruck 1090.45 601.7 36.9 39.4
Pedestrian 1182.55 629.3 11.9 24.6
Pedestrian 1289.15 626.95 5.5 13.9
MotorCyclist 2095.8 706.75 78.8 179.1
MotorCyclist 1595.65 646.15 27.3 64.7
Car 1312.3 637.0 42.6 36.4
van 1233.1 630.9 29.0 40.6
HeavyTruck 336.8 537.4 273.6 180.4
Car 876.7 640.9 22.6 15.0
van 939.95 627.45 44.3 21.3
HeavyTruck 1090.45 601.7 36.9 39.4
Pedestrian 1182.55 629.3 11.9 24.6
Pedestrian 1289.15 626.95 5.5 13.9