HeavyTruck 1058.8 602.85 45.2 45.3
van 1227.45 636.55 36.1 37.9
van 906.35 632.0 51.9 25.2
MotorCyclist 1182.75 634.5 11.5 21.4
Car 1320.0 639.3 44.4 41.4
MotorCyclist 1652.45 647.9 31.3 64.6
Machineshop 2091.25 583.95 110.9 106.3
Machineshop 2319.15 580.45 102.3 80.9
Machineshop 2510.2 560.5 33.2 76.2
Car 827.35 649.9 27.9 22.6
HeavyTruck 1058.8 602.85 45.2 45.3
van 1227.45 636.55 36.1 37.9
van 906.35 632.0 51.9 25.2
MotorCyclist 1182.75 634.5 11.5 21.4
Car 1320.0 639.3 44.4 41.4
MotorCyclist 1652.45 647.9 31.3 64.6
Machineshop 2091.25 583.95 110.9 106.3
Machineshop 2319.15 580.45 102.3 80.9
Machineshop 2510.2 560.5 33.2 76.2