Car 930.45 626.85 15.7 15.7
van 978.1 613.95 39.8 19.5
HeavyTruck 1131.05 594.6 26.9 30.4
Pedestrian 1192.2 619.25 9.2 20.5
MotorCyclist 1559.45 662.6 26.9 30.4
van 1239.35 621.2 32.3 36.8
Car 1317.55 627.4 41.9 36.4
MotorCyclist 1802.75 607.6 74.3 72.8
MotorCyclist 1795.4 669.4 59.2 128.8
HeavyTruck 771.95 569.0 108.7 89.6
Car 930.45 626.85 15.7 15.7
van 978.1 613.95 39.8 19.5
HeavyTruck 1131.05 594.6 26.9 30.4
Pedestrian 1192.2 619.25 9.2 20.5
MotorCyclist 1559.45 662.6 26.9 30.4
van 1239.35 621.2 32.3 36.8
Car 1317.55 627.4 41.9 36.4
MotorCyclist 1802.75 607.6 74.3 72.8
MotorCyclist 1795.4 669.4 59.2 128.8