MotorCyclist 781.2 679.25 12.0 22.9
TricycleOpenMotor 34.9 703.8 69.8 70.0
Pedestrian 274.7 678.1 23.0 49.8
Motorcycle 377.8 685.0 43.6 35.2
TricycleClosed 880.15 658.6 24.3 30.4
Truck 1008.1 636.5 19.4 13.8
van 1009.45 635.4 32.9 18.4
Car 1068.45 624.05 24.9 24.5
HeavyTruck 1147.45 624.05 14.1 17.3
HeavyTruck 1204.45 618.05 10.9 18.5
Car 1179.8 650.85 39.6 38.5
Car 1244.85 641.05 17.3 16.5
Pedestrian 1285.95 642.3 7.9 15.0
MotorCyclist 1309.25 658.0 18.1 30.8
MotorCyclist 1349.65 668.4 23.3 54.4
MotorCyclist 1449.4 665.6 28.4 55.2
Pedestrian 1587.0 637.45 32.0 40.5
Pedestrian 1574.85 649.05 14.5 34.5
HeavyTruck 2134.45 473.35 283.7 319.1
Machineshop 611.25 618.65 62.9 76.5
MotorCyclist 781.2 679.25 12.0 22.9
TricycleOpenMotor 34.9 703.8 69.8 70.0
Pedestrian 274.7 678.1 23.0 49.8
Motorcycle 377.8 685.0 43.6 35.2
TricycleClosed 880.15 658.6 24.3 30.4
Truck 1008.1 636.5 19.4 13.8
van 1009.45 635.4 32.9 18.4
Car 1068.45 624.05 24.9 24.5
HeavyTruck 1147.45 624.05 14.1 17.3
HeavyTruck 1204.45 618.05 10.9 18.5
Car 1179.8 650.85 39.6 38.5
Car 1244.85 641.05 17.3 16.5
Pedestrian 1285.95 642.3 7.9 15.0
MotorCyclist 1309.25 658.0 18.1 30.8
MotorCyclist 1349.65 668.4 23.3 54.4
MotorCyclist 1449.4 665.6 28.4 55.2
Pedestrian 1587.0 637.45 32.0 40.5
Pedestrian 1574.85 649.05 14.5 34.5
HeavyTruck 2134.45 473.35 283.7 319.1