Car 669.35 673.5 41.1 27.4
HeavyTruck 867.1 575.5 88.2 97.8
Car 1087.65 649.6 16.5 14.0
MotorCyclist 1179.6 642.85 8.4 20.9
van 1229.75 644.25 33.5 38.9
Pickup 1210.25 638.6 27.3 19.6
Car 1323.5 652.3 46.2 40.6
MotorCyclist 1415.65 654.65 16.1 28.9
MotorCyclist 1837.9 663.35 47.0 92.3
Machineshop 461.85 621.25 67.3 67.3
Car 669.35 673.5 41.1 27.4
HeavyTruck 867.1 575.5 88.2 97.8
Car 1087.65 649.6 16.5 14.0
MotorCyclist 1179.6 642.85 8.4 20.9
van 1229.75 644.25 33.5 38.9
Pickup 1210.25 638.6 27.3 19.6
Car 1323.5 652.3 46.2 40.6
MotorCyclist 1415.65 654.65 16.1 28.9
MotorCyclist 1837.9 663.35 47.0 92.3