van 769.75 626.6 78.7 29.2
MotorCyclist 950.0 629.25 8.4 22.9
Car 1063.3 623.6 20.2 17.6
MotorCyclist 1163.45 621.0 9.7 22.4
Pickup 1195.05 615.2 22.5 21.6
van 1217.5 618.75 37.0 41.9
Car 1319.55 628.15 46.7 41.9
MotorCyclist 1408.3 614.75 10.6 25.5
MotorCyclist 1448.1 630.1 17.0 33.8
MotorCyclist 2007.85 654.5 61.7 121
HeavyTruck 287.5 462.6 292.2 262.0
van 769.75 626.6 78.7 29.2
MotorCyclist 950.0 629.25 8.4 22.9
Car 1063.3 623.6 20.2 17.6
MotorCyclist 1163.45 621.0 9.7 22.4
Pickup 1195.05 615.2 22.5 21.6
van 1217.5 618.75 37.0 41.9
Car 1319.55 628.15 46.7 41.9
MotorCyclist 1408.3 614.75 10.6 25.5
MotorCyclist 1448.1 630.1 17.0 33.8
MotorCyclist 2007.85 654.5 61.7 121