Truck 504.6 629.65 45.2 52.1
MotorCyclist 844.55 663.5 25.5 57.4
Truck 959.65 635.85 36.5 33.7
Car 990.5 663.05 10.2 31.7
van 1031.25 645.05 58.9 66.9
Car 1135.05 650.0 11.7 12.4
Car 1205.05 656.4 56.5 50.4
MotorCyclist 1323.0 669.1 33.2 73.4
MotorCyclist 1526.35 664.4 29.1 55.2
HeavyTruck 114.75 592.45 197.1 83.3
Truck 504.6 629.65 45.2 52.1
MotorCyclist 844.55 663.5 25.5 57.4
Truck 959.65 635.85 36.5 33.7
Car 990.5 663.05 10.2 31.7
van 1031.25 645.05 58.9 66.9
Car 1135.05 650.0 11.7 12.4
Car 1205.05 656.4 56.5 50.4
MotorCyclist 1323.0 669.1 33.2 73.4
MotorCyclist 1526.35 664.4 29.1 55.2