Truck 661.55 585.85 122.7 95.3
LightTruck 716.75 634.65 115.5 109.7
van 1114.4 623.55 81.2 91.9
Truck 1040.8 608.1 15.2 15.0
Car 990.05 625.45 11.3 10.1
Pedestrian 947.75 628.9 6.7 15.8
Car 1204.45 643.9 45.7 40.6
MotorCyclist 1290.5 636.35 11.8 23.5
TricycleOpenHuman 1300.6 624.15 16.4 23.5
MotorCyclist 1417.9 669.05 66.2 134.5
MotorCyclist 2027.65 684.9 93.7 155.0
Truck 22.05 610.95 44.1 95.1
Truck 661.55 585.85 122.7 95.3
LightTruck 716.75 634.65 115.5 109.7
van 1114.4 623.55 81.2 91.9
Truck 1040.8 608.1 15.2 15.0
Car 990.05 625.45 11.3 10.1
Pedestrian 947.75 628.9 6.7 15.8
Car 1204.45 643.9 45.7 40.6
MotorCyclist 1290.5 636.35 11.8 23.5
TricycleOpenHuman 1300.6 624.15 16.4 23.5
MotorCyclist 1417.9 669.05 66.2 134.5
MotorCyclist 2027.65 684.9 93.7 155.0