Truck 64.35 538.0 128.7 218.0
MotorCyclist 493.05 672.1 20.9 41.8
Motorcycle 987.5 641.7 14.6 14.6
HeavyTruck 1089.65 608.95 22.1 32.7
van 1157.25 644.8 84.1 100.8
MotorCyclist 1318.5 652.7 15.4 29.0
TricycleOpenHuman 1337.0 645.05 18 24.5
MotorCyclist 1475.7 662.85 23.8 57.7
MotorCyclist 1521.7 705.25 81.0 166.1
LightTruck 121.75 685.85 243.5 258.5
Truck 64.35 538.0 128.7 218.0
MotorCyclist 493.05 672.1 20.9 41.8
Motorcycle 987.5 641.7 14.6 14.6
HeavyTruck 1089.65 608.95 22.1 32.7
van 1157.25 644.8 84.1 100.8
MotorCyclist 1318.5 652.7 15.4 29.0
TricycleOpenHuman 1337.0 645.05 18 24.5
MotorCyclist 1475.7 662.85 23.8 57.7
MotorCyclist 1521.7 705.25 81.0 166.1