Truck 237.85 606.85 64.9 71.3
MotorCyclist 418.75 667.3 70.7 129.4
MotorCyclist 774.75 637.95 10.7 24.3
Truck 859.85 593.3 58.9 60.6
LightTruck 909.25 627.55 69.7 67.1
van 1082.15 619.45 77.1 83.3
Car 1202.25 630.1 54.1 50.2
MotorCyclist 1354.65 659.4 50.5 107.6
MotorCyclist 1746.35 657.35 53.5 95.5
HeavyTruck 22.0 609.5 44 80.6
Truck 237.85 606.85 64.9 71.3
MotorCyclist 418.75 667.3 70.7 129.4
MotorCyclist 774.75 637.95 10.7 24.3
Truck 859.85 593.3 58.9 60.6
LightTruck 909.25 627.55 69.7 67.1
van 1082.15 619.45 77.1 83.3
Car 1202.25 630.1 54.1 50.2
MotorCyclist 1354.65 659.4 50.5 107.6
MotorCyclist 1746.35 657.35 53.5 95.5