MotorCyclist 391.8 673.15 37.6 53.9
Car 745.15 649.55 64.7 49.9
HeavyTruck 884.5 524.35 115.8 117.9
Car 1064.3 612.95 27.0 22.3
van 1197.3 610.85 16.2 19.7
Car 1184.65 619.0 10.9 10.4
Car 1265.15 622.6 14.7 16.0
HeavyTruck 1303.8 598.85 17.6 26.9
Car 1315.95 626.25 15.5 15.7
Car 1346.3 634.25 40.6 39.3
Pedestrian 1408.7 633.15 9.8 21.1
van 1588.0 631.95 155.6 157.5
Motorcycle 1968.2 690.45 42.8 50.9
MotorCyclist 193.65 680.3 40.9 68.2
MotorCyclist 391.8 673.15 37.6 53.9
Car 745.15 649.55 64.7 49.9
HeavyTruck 884.5 524.35 115.8 117.9
Car 1064.3 612.95 27.0 22.3
van 1197.3 610.85 16.2 19.7
Car 1184.65 619.0 10.9 10.4
Car 1265.15 622.6 14.7 16.0
HeavyTruck 1303.8 598.85 17.6 26.9
Car 1315.95 626.25 15.5 15.7
Car 1346.3 634.25 40.6 39.3
Pedestrian 1408.7 633.15 9.8 21.1
van 1588.0 631.95 155.6 157.5
Motorcycle 1968.2 690.45 42.8 50.9