Car 560.9 654.55 36.2 27.5
Car 760.65 651.05 56.9 24.1
Pedestrian 712.85 650.25 6.1 18.9
LargeBus 945.05 616.7 46.5 37.8
TricycleOpenHuman 2293.7 641.15 143.0 173.1
van 1709.8 624.35 315.2 284.3
HeavyTruck 1547.0 592.5 62 58.6
MotorCyclist 1430.25 638.05 14.9 25.3
Car 1347.1 635.5 39.4 37.0
Car 1315.3 632.05 15.8 14.9
Car 1256.9 633.45 16.6 12.9
Car 1298.8 628.65 12.4 13.3
HeavyTruck 1290.1 603.5 16.6 27.8
Car 1250.0 627.0 11.2 11.6
Car 1210.05 628.2 12.9 9.2
LargeBus 1152.65 608.35 24.1 32.3
Car 1126.85 631.5 12.5 15.8
Car 468.7 657.1 41.4 25.8
Car 560.9 654.55 36.2 27.5
Car 760.65 651.05 56.9 24.1
Pedestrian 712.85 650.25 6.1 18.9
LargeBus 945.05 616.7 46.5 37.8
TricycleOpenHuman 2293.7 641.15 143.0 173.1
van 1709.8 624.35 315.2 284.3
HeavyTruck 1547.0 592.5 62 58.6
MotorCyclist 1430.25 638.05 14.9 25.3
Car 1347.1 635.5 39.4 37.0
Car 1315.3 632.05 15.8 14.9
Car 1256.9 633.45 16.6 12.9
Car 1298.8 628.65 12.4 13.3
HeavyTruck 1290.1 603.5 16.6 27.8
Car 1250.0 627.0 11.2 11.6
Car 1210.05 628.2 12.9 9.2
LargeBus 1152.65 608.35 24.1 32.3
Car 1126.85 631.5 12.5 15.8