Car 830.0 636.85 38.8 16.5
Car 1001.65 610.6 34.5 31.2
LargeBus 1155.25 605.4 18.5 25.2
Car 1137.9 620.65 9.8 11.7
Car 1231.5 625.15 15.4 12.7
Car 1285.1 624.4 14.2 13.6
Car 1318.05 630.15 41.3 37.5
MotorCyclist 1386.2 631.65 10.4 20.5
van 1620.25 630.9 190.1 179.0
Car 1193.15 623.65 7.9 10.1
HeavyTruck 187.25 306.8 374.5 432.0
Car 830.0 636.85 38.8 16.5
Car 1001.65 610.6 34.5 31.2
LargeBus 1155.25 605.4 18.5 25.2
Car 1137.9 620.65 9.8 11.7
Car 1231.5 625.15 15.4 12.7
Car 1285.1 624.4 14.2 13.6
Car 1318.05 630.15 41.3 37.5
MotorCyclist 1386.2 631.65 10.4 20.5
van 1620.25 630.9 190.1 179.0
Car 1193.15 623.65 7.9 10.1