TricycleOpenMotor 1076.25 637.05 18.9 21.7
Car 1160.55 634.75 27.1 19.1
HeavyTruck 1204.35 582.1 41.5 47.4
Car 1372.0 627.5 15.2 12.6
Car 1405.7 655.8 35.4 30.8
van 1464.4 633.3 105.6 124.2
Motorcycle 1689.05 656.9 16.5 21.8
MotorCyclist 1929.55 663.2 42.7 92.8
MotorCyclist 2318.65 774.4 160.9 362.0
MotorCyclist 948.45 650.25 17.7 28.1
TricycleOpenMotor 1076.25 637.05 18.9 21.7
Car 1160.55 634.75 27.1 19.1
HeavyTruck 1204.35 582.1 41.5 47.4
Car 1372.0 627.5 15.2 12.6
Car 1405.7 655.8 35.4 30.8
van 1464.4 633.3 105.6 124.2
Motorcycle 1689.05 656.9 16.5 21.8
MotorCyclist 1929.55 663.2 42.7 92.8
MotorCyclist 2318.65 774.4 160.9 362.0