Pedestrian 488.05 655.0 18.1 28.4
Car 556.1 654.9 37.0 25.0
Truck 671.55 633.95 43.9 37.9
Car 929.05 649.4 52.5 44.8
Car 1096.05 634.7 18.1 19.0
HeavyTruck 1131.0 608.0 22.4 27.6
Car 1217.5 630.4 19.8 17.2
Pedestrian 2491.45 680.85 45.7 131.7
MotorCyclist 1530.2 642.1 28.4 47.4
Car 1323.4 631.1 32.8 31.8
Car 1259.15 631.2 18.7 13.6
HeavyTruck 1213.9 596.5 20.2 28.6
MotorCyclist 747.25 665.35 18.9 27.1
Car 355.95 664.85 60.3 34.5
Pedestrian 488.05 655.0 18.1 28.4
Car 556.1 654.9 37.0 25.0
Truck 671.55 633.95 43.9 37.9
Car 929.05 649.4 52.5 44.8
Car 1096.05 634.7 18.1 19.0
HeavyTruck 1131.0 608.0 22.4 27.6
Car 1217.5 630.4 19.8 17.2
Pedestrian 2491.45 680.85 45.7 131.7
MotorCyclist 1530.2 642.1 28.4 47.4
Car 1323.4 631.1 32.8 31.8
Car 1259.15 631.2 18.7 13.6
HeavyTruck 1213.9 596.5 20.2 28.6
MotorCyclist 747.25 665.35 18.9 27.1