MotorCyclist 1457.95 653.0 19.1 36.8
Car 1298.35 647.2 33.5 31.2
Car 1237.0 640.25 18.8 15.7
Car 1195.95 643.25 19.1 15.7
HeavyTruck 1203.65 609.45 22.5 29.3
HeavyTruck 1135.05 623.3 17.7 21.0
Car 1118.55 642.6 13.1 13.2
Car 1075.7 645.2 22.2 18.4
Truck 787.35 644.0 25.1 24.8
Car 706.0 658.45 24.8 17.7
Car 636.75 665.05 33.5 23.3
Car 57.6 709.45 115.2 71.7
LightTruck 234.85 657.1 90.1 34.6
HeavyTruck 2185.15 484.1 249.9 199.8
MotorCyclist 1457.95 653.0 19.1 36.8
Car 1298.35 647.2 33.5 31.2
Car 1237.0 640.25 18.8 15.7
Car 1195.95 643.25 19.1 15.7
HeavyTruck 1203.65 609.45 22.5 29.3
HeavyTruck 1135.05 623.3 17.7 21.0
Car 1118.55 642.6 13.1 13.2
Car 1075.7 645.2 22.2 18.4
Truck 787.35 644.0 25.1 24.8
Car 706.0 658.45 24.8 17.7
Car 636.75 665.05 33.5 23.3
Car 57.6 709.45 115.2 71.7
LightTruck 234.85 657.1 90.1 34.6