Car 264.65 693.8 60.5 34.0
EngineTruck 303.65 610.45 77.3 100.5
LargeBus 531.5 515.0 228.2 204.0
van 896.15 649.1 41.9 53.8
Car 1132.65 639.75 15.7 12.7
HeavyTruck 1156.7 627.85 14.6 21.7
Car 1211.3 641.6 19.0 16.4
Car 1252.8 638.85 17.2 15.3
Car 1199.8 635.95 11.2 12.7
Car 1300.55 644.4 34.7 34.0
MotorCyclist 1432.5 650.05 15.0 31.7
HeavyTruck 1724.85 560.35 88.5 91.5
HeavyTruck 1887.65 551.65 106.5 93.3
Pedestrian 1485.25 648.0 9.7 27.6
HeavyTruck 1225.8 613.8 16.8 23.6
Car 202.95 671.2 35.9 21.6
Car 264.65 693.8 60.5 34.0
EngineTruck 303.65 610.45 77.3 100.5
LargeBus 531.5 515.0 228.2 204.0
van 896.15 649.1 41.9 53.8
Car 1132.65 639.75 15.7 12.7
HeavyTruck 1156.7 627.85 14.6 21.7
Car 1211.3 641.6 19.0 16.4
Car 1252.8 638.85 17.2 15.3
Car 1199.8 635.95 11.2 12.7
Car 1300.55 644.4 34.7 34.0
MotorCyclist 1432.5 650.05 15.0 31.7
HeavyTruck 1724.85 560.35 88.5 91.5
HeavyTruck 1887.65 551.65 106.5 93.3
Pedestrian 1485.25 648.0 9.7 27.6
HeavyTruck 1225.8 613.8 16.8 23.6