Car 1580.8 620.95 22.8 14.3
Car 1346.8 624.95 34.8 31.5
Car 1400.8 625.1 21.6 16.6
Car 1240.65 626.5 23.7 19.4
Car 1279.05 624.85 16.5 16.1
HeavyTruck 1226.55 592.75 24.3 31.5
HeavyTruck 1121.0 595.05 32.0 38.1
Car 1095.6 632.05 18.8 14.9
Car 986.45 640.1 48.1 39.8
MotorCyclist 755.0 650.55 20.4 38.7
Truck 436.25 633.4 74.5 46.4
Car 249.8 661.05 59.6 35.3
Pedestrian 186.2 678.45 14.4 39.3
Pedestrian 100.25 669.1 14.9 47.0
Pedestrian 31.05 672.45 22.1 46.9
MotorCyclist 1633.15 637.75 33.5 59.1
Car 1580.8 620.95 22.8 14.3
Car 1346.8 624.95 34.8 31.5
Car 1400.8 625.1 21.6 16.6
Car 1240.65 626.5 23.7 19.4
Car 1279.05 624.85 16.5 16.1
HeavyTruck 1226.55 592.75 24.3 31.5
HeavyTruck 1121.0 595.05 32.0 38.1
Car 1095.6 632.05 18.8 14.9
Car 986.45 640.1 48.1 39.8
MotorCyclist 755.0 650.55 20.4 38.7
Truck 436.25 633.4 74.5 46.4
Car 249.8 661.05 59.6 35.3
Pedestrian 186.2 678.45 14.4 39.3
Pedestrian 100.25 669.1 14.9 47.0
Pedestrian 31.05 672.45 22.1 46.9