van 162.05 668.3 51.7 41.4
Car 203.95 682.95 128.3 49.9
van 448.05 659.25 130.9 119.7
HeavyTruck 1879.05 538.25 136.9 118.9
HeavyTruck 2129.15 535.7 144.7 120.6
MotorCyclist 1442.9 651.85 15.4 31.3
Car 1297.7 639.95 33.0 31.9
Car 1245.35 633.35 18.7 14.3
Car 1216.5 604.2 22.6 26.4
Car 1203.85 635.85 19.3 14.9
Car 1194.55 629.8 11.5 11.6
HeavyTruck 1146.3 621.6 16.6 19.2
Pedestrian 1166.15 638.4 5.5 13.2
Car 1110.05 636.95 16.5 17.1
Car 722.65 654.6 29.7 19.2
Car 768.0 647.45 23.6 18.1
Car 837.4 636.2 19.2 22.0
EngineTruck 36.2 596.0 72.4 158.4
van 162.05 668.3 51.7 41.4
Car 203.95 682.95 128.3 49.9
van 448.05 659.25 130.9 119.7
HeavyTruck 1879.05 538.25 136.9 118.9
HeavyTruck 2129.15 535.7 144.7 120.6
MotorCyclist 1442.9 651.85 15.4 31.3
Car 1297.7 639.95 33.0 31.9
Car 1245.35 633.35 18.7 14.3
Car 1216.5 604.2 22.6 26.4
Car 1203.85 635.85 19.3 14.9
Car 1194.55 629.8 11.5 11.6
HeavyTruck 1146.3 621.6 16.6 19.2
Pedestrian 1166.15 638.4 5.5 13.2
Car 1110.05 636.95 16.5 17.1
Car 722.65 654.6 29.7 19.2
Car 768.0 647.45 23.6 18.1
Car 837.4 636.2 19.2 22.0