MotorCyclist 1942.7 666.55 64.6 110.3
Car 1721.45 634.8 35.3 22.4
Car 1449.7 640.8 36.2 27.6
Car 1314.05 632.6 40.5 38.8
Car 1199.05 640.35 34.5 26.7
Car 1181.4 639.55 23.2 21.5
HeavyTruck 1189.6 601.55 22.4 31.9
HeavyTruck 827.05 550.85 113.7 119.7
Car 1008.25 638.25 28.5 29.3
Car 1088.0 641.2 12 11.2
Car 1128.9 639.85 14.6 12.1
Car 730.55 651.45 37.9 18.1
MotorCyclist 750.75 644.65 9.5 35.3
MotorCyclist 487.7 651.95 144.6 43.1
Pedestrian 50.95 660.55 15.5 43.1
Pedestrian 2146.4 627.0 27.6 79.2
MotorCyclist 1942.7 666.55 64.6 110.3
Car 1721.45 634.8 35.3 22.4
Car 1449.7 640.8 36.2 27.6
Car 1314.05 632.6 40.5 38.8
Car 1199.05 640.35 34.5 26.7
Car 1181.4 639.55 23.2 21.5
HeavyTruck 1189.6 601.55 22.4 31.9
HeavyTruck 827.05 550.85 113.7 119.7
Car 1008.25 638.25 28.5 29.3
Car 1088.0 641.2 12 11.2
Car 1128.9 639.85 14.6 12.1
Car 730.55 651.45 37.9 18.1
MotorCyclist 750.75 644.65 9.5 35.3
MotorCyclist 487.7 651.95 144.6 43.1
Pedestrian 50.95 660.55 15.5 43.1