Truck 687.95 590.85 55.9 75.7
MotorCyclist 2244.2 703.65 102.4 170.5
Car 1829.4 646.4 44.8 28.4
Car 1915.15 633.85 43.9 34.5
Car 1786.85 638.55 35.3 26.7
Car 1510.3 657.6 47.4 33.6
Car 1313.55 647.25 43.1 40.5
Car 1197.7 650.25 35.4 29.3
HeavyTruck 1198.15 609.4 25.9 33.6
MotorCyclist 794.25 657.7 13.3 35.4
Pedestrian 776.05 661.0 6.5 27.2
Pedestrian 760.25 652.8 6.5 22.0
Truck 809.9 630.05 48.2 43.3
Car 907.3 650.15 47.0 37.1
MotorCyclist 1015.4 649.45 4.0 15.3
Car 1077.5 656.0 15.8 12.8
MotorCyclist 1116.15 649.8 11.9 12.8
Car 1141.95 650.2 9.1 13.6
HeavyTruck 184.8 452.65 369.6 322.9
Truck 687.95 590.85 55.9 75.7
MotorCyclist 2244.2 703.65 102.4 170.5
Car 1829.4 646.4 44.8 28.4
Car 1915.15 633.85 43.9 34.5
Car 1786.85 638.55 35.3 26.7
Car 1510.3 657.6 47.4 33.6
Car 1313.55 647.25 43.1 40.5
Car 1197.7 650.25 35.4 29.3
HeavyTruck 1198.15 609.4 25.9 33.6
MotorCyclist 794.25 657.7 13.3 35.4
Pedestrian 776.05 661.0 6.5 27.2
Pedestrian 760.25 652.8 6.5 22.0
Truck 809.9 630.05 48.2 43.3
Car 907.3 650.15 47.0 37.1
MotorCyclist 1015.4 649.45 4.0 15.3
Car 1077.5 656.0 15.8 12.8
MotorCyclist 1116.15 649.8 11.9 12.8
Car 1141.95 650.2 9.1 13.6