Car 2096.0 636.1 62.8 31.4
Car 1611.35 652.7 63.5 43.4
Pedestrian 1513.85 640.7 10.1 27.4
Car 1336.5 640.35 45.4 42.7
Car 1203.7 649.65 41.4 32.1
HeavyTruck 1213.35 596.9 28.7 33.4
Car 1109.2 638.3 18.0 17.4
Car 1143.2 643.0 14.0 16.0
Car 1065.35 649.75 18.7 18.7
Car 622.55 662.45 105.5 76.1
Truck 753.85 616.0 58.1 52.8
MotorCyclist 982.25 658.05 7.3 14.1
Car 1016.7 641.05 25.4 20.1
Pedestrian 404.5 668.5 27.4 53.4
MotorCyclist 562.85 662.45 15.3 44.1
MotorCyclist 175.4 672.45 84.8 72.1
BiCyclist 97.9 675.85 31.4 60.1
Truck 160.4 623.4 78.8 64.8
Pedestrian 1270.85 644.4 5.3 10.8
MotorCyclist 1301.35 643.45 7.9 14.9
Truck 1277.0 626.6 12.8 16.4
Car 1994.5 640.75 57.4 32.7
Car 2096.0 636.1 62.8 31.4
Car 1611.35 652.7 63.5 43.4
Pedestrian 1513.85 640.7 10.1 27.4
Car 1336.5 640.35 45.4 42.7
Car 1203.7 649.65 41.4 32.1
HeavyTruck 1213.35 596.9 28.7 33.4
Car 1109.2 638.3 18.0 17.4
Car 1143.2 643.0 14.0 16.0
Car 1065.35 649.75 18.7 18.7
Car 622.55 662.45 105.5 76.1
Truck 753.85 616.0 58.1 52.8
MotorCyclist 982.25 658.05 7.3 14.1
Car 1016.7 641.05 25.4 20.1
Pedestrian 404.5 668.5 27.4 53.4
MotorCyclist 562.85 662.45 15.3 44.1
MotorCyclist 175.4 672.45 84.8 72.1
BiCyclist 97.9 675.85 31.4 60.1
Truck 160.4 623.4 78.8 64.8
Pedestrian 1270.85 644.4 5.3 10.8
MotorCyclist 1301.35 643.45 7.9 14.9
Truck 1277.0 626.6 12.8 16.4