Truck 190.15 665.25 93.9 62.9
MotorCyclist 315.35 697.55 37.9 82.7
MotorCyclist 1700.85 670.8 37.7 72.4
Car 1414.15 655.55 26.3 19.1
Car 1343.9 653.05 39.0 34.1
Car 1238.85 655.95 27.7 22.7
Car 1275.4 656.25 12.8 17.7
Car 1225.8 654.15 12.8 13.5
HeavyTruck 1223.75 622.9 22.7 36.2
Car 1183.9 657.6 14.2 9.2
Car 1153.75 661.15 16.3 10.7
HeavyTruck 1083.45 617.2 43.3 47.6
Car 1050.85 661.2 14.9 19.2
Car 727.6 694.95 100.8 72.3
Car 16.0 698.05 32 45.7
Truck 190.15 665.25 93.9 62.9
MotorCyclist 315.35 697.55 37.9 82.7
MotorCyclist 1700.85 670.8 37.7 72.4
Car 1414.15 655.55 26.3 19.1
Car 1343.9 653.05 39.0 34.1
Car 1238.85 655.95 27.7 22.7
Car 1275.4 656.25 12.8 17.7
Car 1225.8 654.15 12.8 13.5
HeavyTruck 1223.75 622.9 22.7 36.2
Car 1183.9 657.6 14.2 9.2
Car 1153.75 661.15 16.3 10.7
HeavyTruck 1083.45 617.2 43.3 47.6
Car 1050.85 661.2 14.9 19.2
Car 727.6 694.95 100.8 72.3