Car 1356.55 639.35 60.3 49.9
Car 1213.85 641.2 44.1 34.8
Car 979.75 639.4 48.7 36.0
Car 1097.3 637.75 29.0 13.9
Car 1204.0 597.1 47.6 62.6
Car 1169.85 623.7 20.9 18.6
Pedestrian 1288.65 624.9 8.1 16.2
Truck 1301.5 611.6 15 22.0
Truck 281.9 588.6 177.4 95.6
Pedestrian 352.4 676.1 22.4 53.4
MotorCyclist 644.8 664.05 21.6 46.5
TricycleClosed 889.4 640.8 21.6 27.6
Car 19.1 696.9 38.2 46.6
Truck 2152.15 557.9 101.9 84.6
Machineshop 2462.5 609.1 65 48.6
Pedestrian 1866.65 633.05 18.5 64.9
Car 1356.55 639.35 60.3 49.9
Car 1213.85 641.2 44.1 34.8
Car 979.75 639.4 48.7 36.0
Car 1097.3 637.75 29.0 13.9
Car 1204.0 597.1 47.6 62.6
Car 1169.85 623.7 20.9 18.6
Pedestrian 1288.65 624.9 8.1 16.2
Truck 1301.5 611.6 15 22.0
Truck 281.9 588.6 177.4 95.6
Pedestrian 352.4 676.1 22.4 53.4
MotorCyclist 644.8 664.05 21.6 46.5
TricycleClosed 889.4 640.8 21.6 27.6
Car 19.1 696.9 38.2 46.6
Truck 2152.15 557.9 101.9 84.6
Machineshop 2462.5 609.1 65 48.6