BiCyclist 1923.45 657.4 53.3 113.6
Car 1500.25 639.45 88.1 77.7
Car 1187.9 654.45 84.6 66.1
HeavyTruck 1292.15 598.85 24.3 19.7
HeavyTruck 1220.85 572.25 30.1 54.5
Truck 1118.85 599.45 20.9 30.1
HeavyTruck 783.85 583.85 64.9 54.5
van 944.4 624.4 33.6 33.6
Car 1094.25 626.1 24.9 18.6
Pedestrian 1357.55 622.95 10.7 27.1
MotorCyclist 1377.35 633.9 12.7 28.2
MotorCyclist 767.95 640.75 19.9 37.9
Pickup 2219.2 639.95 227.2 83.5
BiCyclist 1923.45 657.4 53.3 113.6
Car 1500.25 639.45 88.1 77.7
Car 1187.9 654.45 84.6 66.1
HeavyTruck 1292.15 598.85 24.3 19.7
HeavyTruck 1220.85 572.25 30.1 54.5
Truck 1118.85 599.45 20.9 30.1
HeavyTruck 783.85 583.85 64.9 54.5
van 944.4 624.4 33.6 33.6
Car 1094.25 626.1 24.9 18.6
Pedestrian 1357.55 622.95 10.7 27.1
MotorCyclist 1377.35 633.9 12.7 28.2
MotorCyclist 767.95 640.75 19.9 37.9