Car 1177.35 678.8 105.5 82.4
Truck 1097.9 604.1 30.2 39.4
HeavyTruck 1238.3 584.35 27.8 37.1
Truck 1325.15 610.95 25.5 25.5
MotorCyclist 1393.1 641.1 17.4 30.2
MotorCyclist 1430.1 644.05 17.4 31.3
MotorCyclist 237.55 682.95 43.9 77.5
HeavyTruck 667.2 596.8 135.2 77.6
Car 1014.25 653.75 40.5 32.7
Truck 270.05 629.2 150.5 65.6
MotorCyclist 947.85 646.15 9.7 20.3
Car 2440.3 661.1 79.8 65.4
Car 1500.85 659.15 89.3 70.7
Car 1177.35 678.8 105.5 82.4
Truck 1097.9 604.1 30.2 39.4
HeavyTruck 1238.3 584.35 27.8 37.1
Truck 1325.15 610.95 25.5 25.5
MotorCyclist 1393.1 641.1 17.4 30.2
MotorCyclist 1430.1 644.05 17.4 31.3
MotorCyclist 237.55 682.95 43.9 77.5
HeavyTruck 667.2 596.8 135.2 77.6
Car 1014.25 653.75 40.5 32.7
Truck 270.05 629.2 150.5 65.6
MotorCyclist 947.85 646.15 9.7 20.3
Car 2440.3 661.1 79.8 65.4