Car 2375.65 631.3 122.9 61.4
Car 1499.15 648.15 95.1 81.1
Truck 1303.85 602.95 19.7 23.1
MotorCyclist 1387.2 635.9 10.4 29.0
MotorCyclist 1362.0 635.6 12 28.0
Car 1165.75 666.65 96.3 76.5
HeavyTruck 1215.1 583.25 27.8 53.3
Truck 1100.35 606.9 25.5 40.6
Car 1051.05 639.35 28.9 26.7
van 700.25 639.2 86.5 77.2
MotorCyclist 581.55 647.9 27.5 52.2
TricycleOpenMotor 879.1 622.7 31.8 43.0
MotorCyclist 954.6 638.85 7.2 16.9
BiCyclist 2263.25 697.35 88.1 175.1
Car 2375.65 631.3 122.9 61.4
Car 1499.15 648.15 95.1 81.1
Truck 1303.85 602.95 19.7 23.1
MotorCyclist 1387.2 635.9 10.4 29.0
MotorCyclist 1362.0 635.6 12 28.0
Car 1165.75 666.65 96.3 76.5
HeavyTruck 1215.1 583.25 27.8 53.3
Truck 1100.35 606.9 25.5 40.6
Car 1051.05 639.35 28.9 26.7
van 700.25 639.2 86.5 77.2
MotorCyclist 581.55 647.9 27.5 52.2
TricycleOpenMotor 879.1 622.7 31.8 43.0
MotorCyclist 954.6 638.85 7.2 16.9