Car 1416.8 647.55 78.8 70.7
Car 1190.75 647.6 71.9 56.8
Truck 1306.7 604.1 16.2 16.2
HeavyTruck 1246.35 578.05 25.5 42.9
Car 857.35 642.95 73.1 47.5
Car 1136.8 624.9 24.4 16.2
Truck 1156.5 606.95 17.4 26.7
van 1083.2 620.1 16.8 23.0
TricycleClosed 1030.1 626.65 19.8 19.7
Machineshop 1889.25 632.4 124.1 68.4
Pickup 1758.25 628.4 135.7 46.4
TricycleClosed 167.65 664.4 80.1 88.8
Motorcycle 1359.0 635.9 16.8 19.0
MotorCyclist 1306.95 626.0 6.3 11.2
HeavyTruck 908.0 598.1 54.4 48.6
BiCyclist 1622.65 645.2 31.3 56.8
Car 1416.8 647.55 78.8 70.7
Car 1190.75 647.6 71.9 56.8
Truck 1306.7 604.1 16.2 16.2
HeavyTruck 1246.35 578.05 25.5 42.9
Car 857.35 642.95 73.1 47.5
Car 1136.8 624.9 24.4 16.2
Truck 1156.5 606.95 17.4 26.7
van 1083.2 620.1 16.8 23.0
TricycleClosed 1030.1 626.65 19.8 19.7
Machineshop 1889.25 632.4 124.1 68.4
Pickup 1758.25 628.4 135.7 46.4
TricycleClosed 167.65 664.4 80.1 88.8
Motorcycle 1359.0 635.9 16.8 19.0
MotorCyclist 1306.95 626.0 6.3 11.2
HeavyTruck 908.0 598.1 54.4 48.6