MotorCyclist 1956.9 759.7 131.0 306.6
HeavyTruck 1708.4 522.3 157.6 149.0
MotorCyclist 1776.45 672.55 45.7 105.1
TricycleClosed 1561.2 636.05 45.6 69.7
Pickup 1400.6 634.25 34.4 35.3
Car 1288.65 652.8 68.9 55.2
Truck 1374.3 579.2 37.0 56.0
Car 1238.2 650.65 44.0 40.5
Truck 1219.2 605.9 33.6 37.0
Car 1174.9 645.95 24.2 20.7
LargeBus 1006.55 600.65 76.7 68.1
HeavyTruck 763.25 590.85 113.7 68.9
HeavyTruck 555.3 583.05 149.0 91.3
HeavyTruck 119.75 545.1 239.5 160.2
van 1126.85 628.8 23.7 27.2
Pedestrian 2249.75 641.55 37.9 122.3
MotorCyclist 1956.9 759.7 131.0 306.6
HeavyTruck 1708.4 522.3 157.6 149.0
MotorCyclist 1776.45 672.55 45.7 105.1
TricycleClosed 1561.2 636.05 45.6 69.7
Pickup 1400.6 634.25 34.4 35.3
Car 1288.65 652.8 68.9 55.2
Truck 1374.3 579.2 37.0 56.0
Car 1238.2 650.65 44.0 40.5
Truck 1219.2 605.9 33.6 37.0
Car 1174.9 645.95 24.2 20.7
LargeBus 1006.55 600.65 76.7 68.1
HeavyTruck 763.25 590.85 113.7 68.9
HeavyTruck 555.3 583.05 149.0 91.3
HeavyTruck 119.75 545.1 239.5 160.2
van 1126.85 628.8 23.7 27.2