MotorCyclist 1492.25 704.55 73.3 161.9
HeavyTruck 1435.4 552.1 135.2 105.0
TricycleClosed 1392.0 633.8 44.8 62.0
Car 1136.25 649.3 63.7 58.6
Pickup 1240.4 646.85 27.6 29.3
HeavyTruck 1218.35 584.4 31.9 45.6
Car 1070.25 653.2 52.5 38.8
Truck 1099.1 602.05 31.0 29.3
LargeBus 968.6 603.7 56.0 53.4
HeavyTruck 717.1 601.55 87.0 59.5
HeavyTruck 556.95 595.9 121.5 75.8
Truck 245.65 571.1 187.7 115.4
Pedestrian 1750.75 643.3 21.5 70.6
MotorCyclist 1492.25 704.55 73.3 161.9
HeavyTruck 1435.4 552.1 135.2 105.0
TricycleClosed 1392.0 633.8 44.8 62.0
Car 1136.25 649.3 63.7 58.6
Pickup 1240.4 646.85 27.6 29.3
HeavyTruck 1218.35 584.4 31.9 45.6
Car 1070.25 653.2 52.5 38.8
Truck 1099.1 602.05 31.0 29.3
LargeBus 968.6 603.7 56.0 53.4
HeavyTruck 717.1 601.55 87.0 59.5
HeavyTruck 556.95 595.9 121.5 75.8
Truck 245.65 571.1 187.7 115.4