MotorCyclist 1465.2 670.45 22.4 62.9
MotorCyclist 1322.55 667.5 26.7 53.4
HeavyTruck 1269.2 609.35 44.0 43.9
Car 1136.6 668.3 61.2 41.4
Car 1038.85 658.9 51.7 36.2
HeavyTruck 1122.0 595.55 28.4 37.1
Car 533.25 730.35 270.5 189.5
HeavyTruck 836.0 614.9 83.6 41.4
Truck 1717.05 600.35 74.9 49.9
MotorCyclist 1465.2 670.45 22.4 62.9
MotorCyclist 1322.55 667.5 26.7 53.4
HeavyTruck 1269.2 609.35 44.0 43.9
Car 1136.6 668.3 61.2 41.4
Car 1038.85 658.9 51.7 36.2
HeavyTruck 1122.0 595.55 28.4 37.1
Car 533.25 730.35 270.5 189.5
HeavyTruck 836.0 614.9 83.6 41.4