MotorCyclist 1575.05 655.05 35.3 97.3
HeavyTruck 1282.6 581.8 67.2 50.8
MotorCyclist 1327.8 651.6 33.6 73.2
MotorCyclist 1369.65 639.0 24.1 44.8
Car 1154.65 650.2 62.9 50.0
Car 998.4 645.1 56.8 43.0
Car 1072.8 625.7 33.6 25.0
Truck 1112.0 578.75 32.8 37.9
HeavyTruck 711.6 595.15 62.0 49.9
HeavyTruck 811.4 594.2 62.0 44.8
Car 171.45 786.35 342.9 335.9
Truck 1867.85 566.75 114.5 72.3
MotorCyclist 1575.05 655.05 35.3 97.3
HeavyTruck 1282.6 581.8 67.2 50.8
MotorCyclist 1327.8 651.6 33.6 73.2
MotorCyclist 1369.65 639.0 24.1 44.8
Car 1154.65 650.2 62.9 50.0
Car 998.4 645.1 56.8 43.0
Car 1072.8 625.7 33.6 25.0
Truck 1112.0 578.75 32.8 37.9
HeavyTruck 711.6 595.15 62.0 49.9
HeavyTruck 811.4 594.2 62.0 44.8
Car 171.45 786.35 342.9 335.9