van 351.2 684.8 110.4 80.8
Car 850.85 700.7 103.7 77.4
Car 933.3 694.9 76.6 62.6
Truck 1118.95 623.2 61.5 102.8
Car 1174.05 690.6 125.7 119.6
Truck 1342.15 668.15 45.9 64.7
MotorCyclist 1421.6 707.15 34.4 62.7
Pedestrian 1539.35 717.35 14.3 47.1
Pedestrian 1693.85 657.2 24.9 82.4
Car 42.9 733.15 85.8 47.9
van 351.2 684.8 110.4 80.8
Car 850.85 700.7 103.7 77.4
Car 933.3 694.9 76.6 62.6
Truck 1118.95 623.2 61.5 102.8
Car 1174.05 690.6 125.7 119.6
Truck 1342.15 668.15 45.9 64.7
MotorCyclist 1421.6 707.15 34.4 62.7
Pedestrian 1539.35 717.35 14.3 47.1
Pedestrian 1693.85 657.2 24.9 82.4