Car 897.55 637.0 93.1 68.8
Car 970.1 633.4 73.0 55.6
Truck 1132.45 567.6 58.9 95.2
Car 1176.25 612.95 122.9 119.9
HeavyTruck 1333.8 617.1 39.6 57.0
MotorCyclist 1409.75 638.05 27.1 58.9
Pedestrian 1493.25 645.8 12.1 35.2
Pedestrian 1557.2 606.65 16.0 58.5
van 698.65 638.7 57.7 42.2
Car 897.55 637.0 93.1 68.8
Car 970.1 633.4 73.0 55.6
Truck 1132.45 567.6 58.9 95.2
Car 1176.25 612.95 122.9 119.9
HeavyTruck 1333.8 617.1 39.6 57.0
MotorCyclist 1409.75 638.05 27.1 58.9
Pedestrian 1493.25 645.8 12.1 35.2
Pedestrian 1557.2 606.65 16.0 58.5