Pedestrian 614.7 727.7 17.0 41.0
Pedestrian 702.3 722.25 15.8 44.1
Car 806.3 718.7 112.6 86.2
Car 905.25 706.45 79.7 69.7
HeavyTruck 1122.85 620.8 67.7 107.2
Car 1178.05 708.95 127.3 119.5
HeavyTruck 1364.4 656.7 58.8 75.4
MotorCyclist 1451.9 718.8 29.8 69.6
Pedestrian 1612.7 722.5 18.6 53.8
Pedestrian 1970.9 652.45 47.8 133.3
MotorCyclist 473.9 736.05 17.0 42.1
Pedestrian 614.7 727.7 17.0 41.0
Pedestrian 702.3 722.25 15.8 44.1
Car 806.3 718.7 112.6 86.2
Car 905.25 706.45 79.7 69.7
HeavyTruck 1122.85 620.8 67.7 107.2
Car 1178.05 708.95 127.3 119.5
HeavyTruck 1364.4 656.7 58.8 75.4
MotorCyclist 1451.9 718.8 29.8 69.6
Pedestrian 1612.7 722.5 18.6 53.8
Pedestrian 1970.9 652.45 47.8 133.3