MotorCyclist 565.3 644.2 31.0 64.4
Car 633.4 634.6 86.4 58.8
Car 805.95 641.5 160.3 119.8
Car 1272.4 652.8 141.2 140.0
Car 975.75 614.45 38.3 24.5
Car 1054.35 604.0 33.9 24.8
MotorCyclist 1125.1 618.55 11.8 23.1
Truck 1214.2 560.45 32.0 44.5
LargeBus 1342.7 520.55 98.6 113.1
HeavyTruck 1681.4 507.2 221.2 193.6
MotorCyclist 1750.0 693.4 91.6 192.8
Car 173.9 738.5 347.8 248.2
MotorCyclist 565.3 644.2 31.0 64.4
Car 633.4 634.6 86.4 58.8
Car 805.95 641.5 160.3 119.8
Car 1272.4 652.8 141.2 140.0
Car 975.75 614.45 38.3 24.5
Car 1054.35 604.0 33.9 24.8
MotorCyclist 1125.1 618.55 11.8 23.1
Truck 1214.2 560.45 32.0 44.5
LargeBus 1342.7 520.55 98.6 113.1
HeavyTruck 1681.4 507.2 221.2 193.6
MotorCyclist 1750.0 693.4 91.6 192.8