Car 675.5 616.1 72.6 35.0
Car 937.65 626.25 152.9 122.1
HeavyTruck 1206.8 550.45 84.0 58.5
Pickup 1333.25 613.05 52.9 51.7
Car 1431.15 635.95 114.7 110.7
HeavyTruck 1480.55 507.75 79.9 101.9
LargeBus 1626.75 572.95 27.1 21.9
Car 1696.25 588.9 15.3 11.0
HeavyTruck 1993.45 418.2 377.7 365.2
MotorCyclist 2226.4 780.45 222.4 439.7
Car 187.25 765.15 374.5 357.1
Car 675.5 616.1 72.6 35.0
Car 937.65 626.25 152.9 122.1
HeavyTruck 1206.8 550.45 84.0 58.5
Pickup 1333.25 613.05 52.9 51.7
Car 1431.15 635.95 114.7 110.7
HeavyTruck 1480.55 507.75 79.9 101.9
LargeBus 1626.75 572.95 27.1 21.9
Car 1696.25 588.9 15.3 11.0
HeavyTruck 1993.45 418.2 377.7 365.2
MotorCyclist 2226.4 780.45 222.4 439.7