Car 356.15 648.9 77.9 46.2
van 551.75 634.85 65.1 44.5
Truck 547.35 608.55 77.9 51.1
Car 873.9 649.35 129.4 106.3
Truck 853.7 579.55 117.0 78.7
Car 1099.75 634.55 31.1 19.5
Pickup 1206.95 639.4 48.3 41.6
Car 1338.85 652.85 75.3 72.9
LargeBus 1293.5 607.35 29.8 31.1
HeavyTruck 1368.0 547.7 66.8 93.0
MotorCyclist 1569.2 627.45 9.2 22.9
HeavyTruck 1580.35 607.65 21.1 26.5
van 1620.85 623.3 9.7 14.6
Truck 1947.4 543.7 150.0 109.4
Car 157.1 798.3 314.2 381.4
Car 356.15 648.9 77.9 46.2
van 551.75 634.85 65.1 44.5
Truck 547.35 608.55 77.9 51.1
Car 873.9 649.35 129.4 106.3
Truck 853.7 579.55 117.0 78.7
Car 1099.75 634.55 31.1 19.5
Pickup 1206.95 639.4 48.3 41.6
Car 1338.85 652.85 75.3 72.9
LargeBus 1293.5 607.35 29.8 31.1
HeavyTruck 1368.0 547.7 66.8 93.0
MotorCyclist 1569.2 627.45 9.2 22.9
HeavyTruck 1580.35 607.65 21.1 26.5
van 1620.85 623.3 9.7 14.6
Truck 1947.4 543.7 150.0 109.4