Car 316.6 624.75 65.2 49.5
MotorCyclist 508.6 633.5 34.8 56.2
Car 476.85 626.75 78.5 53.5
MotorCyclist 663.2 632.6 24.0 45.2
Car 769.85 628.4 56.5 34.4
Car 878.35 638.05 159.9 125.3
HeavyTruck 1233.0 562.35 79.6 51.5
Car 1370.65 649.1 134.9 127.4
Pickup 1345.1 626.85 59.4 48.9
HeavyTruck 1433.45 516.45 88.5 101.3
MotorCyclist 1922.75 734.6 150.3 276.0
HeavyTruck 1888.4 483.55 421.2 266.7
Car 175.65 768.7 351.3 313.0
Car 316.6 624.75 65.2 49.5
MotorCyclist 508.6 633.5 34.8 56.2
Car 476.85 626.75 78.5 53.5
MotorCyclist 663.2 632.6 24.0 45.2
Car 769.85 628.4 56.5 34.4
Car 878.35 638.05 159.9 125.3
HeavyTruck 1233.0 562.35 79.6 51.5
Car 1370.65 649.1 134.9 127.4
Pickup 1345.1 626.85 59.4 48.9
HeavyTruck 1433.45 516.45 88.5 101.3
MotorCyclist 1922.75 734.6 150.3 276.0
HeavyTruck 1888.4 483.55 421.2 266.7