TricycleOpenHuman 393.55 664.2 36.3 52.8
Car 740.1 658.6 135.8 97.2
Car 862.0 644.95 96 79.1
Car 1012.7 628.5 28.6 19.0
Car 1062.95 618.3 25.1 20.2
HeavyTruck 1138.3 543.75 73.4 108.3
Car 1190.05 646.85 130.5 126.9
HeavyTruck 1393.95 574.25 64.3 86.5
MotorCyclist 1489.65 664.8 34.9 77.6
Pedestrian 1723.95 666.75 28.3 80.3
MotorCyclist 159.3 687.1 28.2 57.0
TricycleOpenHuman 393.55 664.2 36.3 52.8
Car 740.1 658.6 135.8 97.2
Car 862.0 644.95 96 79.1
Car 1012.7 628.5 28.6 19.0
Car 1062.95 618.3 25.1 20.2
HeavyTruck 1138.3 543.75 73.4 108.3
Car 1190.05 646.85 130.5 126.9
HeavyTruck 1393.95 574.25 64.3 86.5
MotorCyclist 1489.65 664.8 34.9 77.6
Pedestrian 1723.95 666.75 28.3 80.3