Car 477.6 702.8 118.8 89.2
Car 633.85 722.35 170.5 117.9
Car 823.35 691.45 110.3 89.7
Car 999.65 660.05 32.1 19.3
Car 1056.0 649.4 28.8 20.0
Truck 1048.9 636.65 24.2 20.9
HeavyTruck 1160.7 575.0 83.8 109.6
Car 1180.1 704.7 140.2 133.4
Car 1335.25 644.15 19.3 10.7
HeavyTruck 1434.05 600.1 77.7 99.0
MotorCyclist 1549.05 718.35 42.9 91.1
Pedestrian 1937.25 724.45 36.1 114.9
Car 266.3 674.7 60.2 33.0
Car 477.6 702.8 118.8 89.2
Car 633.85 722.35 170.5 117.9
Car 823.35 691.45 110.3 89.7
Car 999.65 660.05 32.1 19.3
Car 1056.0 649.4 28.8 20.0
Truck 1048.9 636.65 24.2 20.9
HeavyTruck 1160.7 575.0 83.8 109.6
Car 1180.1 704.7 140.2 133.4
Car 1335.25 644.15 19.3 10.7
HeavyTruck 1434.05 600.1 77.7 99.0
MotorCyclist 1549.05 718.35 42.9 91.1
Pedestrian 1937.25 724.45 36.1 114.9