Car 775.7 567.15 143.0 113.9
Car 533.85 556.85 74.1 40.5
Car 645.75 545.85 61.1 39.3
Car 935.25 540.55 58.5 33.9
van 1048.4 523.3 32.0 25.4
Car 1178.3 584.3 148.6 145.0
LargeBus 1261.0 440.0 94 105.2
HeavyTruck 1554.25 450.0 144.1 149.6
MotorCyclist 1674.95 608.7 64.7 149.0
Car 276.15 641.3 303.9 190.6
Car 775.7 567.15 143.0 113.9
Car 533.85 556.85 74.1 40.5
Car 645.75 545.85 61.1 39.3
Car 935.25 540.55 58.5 33.9
van 1048.4 523.3 32.0 25.4
Car 1178.3 584.3 148.6 145.0
LargeBus 1261.0 440.0 94 105.2
HeavyTruck 1554.25 450.0 144.1 149.6
MotorCyclist 1674.95 608.7 64.7 149.0