van 42.1 644.45 84.2 62.1
HeavyTruck 523.6 567.6 164.4 100.4
Car 741.3 651.5 144.2 110.6
Car 992.5 639.4 27.4 22.0
Car 876.3 644.8 43.8 22.0
LargeBus 1069.35 612.6 41.9 36.0
Pickup 1137.6 642.65 47.6 39.3
Car 1247.4 651.1 64.8 60.6
HeavyTruck 1276.3 554.15 63.4 91.5
HeavyTruck 1393.5 610.3 21.8 25.4
MotorCyclist 1459.95 646.1 8.3 14.6
Car 1481.4 635.05 15.2 11.3
van 1517.4 631.45 13.6 13.7
Car 1451.55 630.85 12.7 12.5
Pedestrian 1811.3 649.3 19.0 38.2
Car 21.45 1004.05 42.9 213.3
van 42.1 644.45 84.2 62.1
HeavyTruck 523.6 567.6 164.4 100.4
Car 741.3 651.5 144.2 110.6
Car 992.5 639.4 27.4 22.0
Car 876.3 644.8 43.8 22.0
LargeBus 1069.35 612.6 41.9 36.0
Pickup 1137.6 642.65 47.6 39.3
Car 1247.4 651.1 64.8 60.6
HeavyTruck 1276.3 554.15 63.4 91.5
HeavyTruck 1393.5 610.3 21.8 25.4
MotorCyclist 1459.95 646.1 8.3 14.6
Car 1481.4 635.05 15.2 11.3
van 1517.4 631.45 13.6 13.7
Car 1451.55 630.85 12.7 12.5
Pedestrian 1811.3 649.3 19.0 38.2