Car 718.25 655.1 154.9 115.4
Car 979.2 649.5 42.4 28.6
Car 1095.7 643.95 14.2 14.7
Pickup 1163.35 643.9 44.3 39.0
Car 1273.5 653.7 63 60.6
HeavyTruck 1290.05 559.4 62.1 94.4
Car 1433.35 642.1 16.3 11.4
MotorCyclist 1459.95 640.15 9.9 21.1
van 1532.15 633.9 27.9 15.8
Pedestrian 1527.75 648.65 9.9 18.1
LargeBus 991.9 614.8 46.2 44.4
HeavyTruck 338.05 562.95 218.1 129.1
Car 718.25 655.1 154.9 115.4
Car 979.2 649.5 42.4 28.6
Car 1095.7 643.95 14.2 14.7
Pickup 1163.35 643.9 44.3 39.0
Car 1273.5 653.7 63 60.6
HeavyTruck 1290.05 559.4 62.1 94.4
Car 1433.35 642.1 16.3 11.4
MotorCyclist 1459.95 640.15 9.9 21.1
van 1532.15 633.9 27.9 15.8
Pedestrian 1527.75 648.65 9.9 18.1
LargeBus 991.9 614.8 46.2 44.4