Car 521.4 658.85 65.6 39.7
Car 668.5 659.95 174.2 125.1
LargeBus 860.3 609.0 58.6 57.2
Car 1037.25 650.4 14.5 12.8
Pickup 1156.1 647.75 43.4 37.9
Car 1276.25 655.5 62.1 60.2
HeavyTruck 1279.9 556.95 61.4 89.1
MotorCyclist 1447.45 651.35 8.5 20.3
Car 1393.4 646.05 17.6 11.7
Car 1421.2 645.65 18.4 12.1
van 1514.55 637.3 13.5 15.8
HeavyTruck 120.6 525.7 241.2 165.8
Car 521.4 658.85 65.6 39.7
Car 668.5 659.95 174.2 125.1
LargeBus 860.3 609.0 58.6 57.2
Car 1037.25 650.4 14.5 12.8
Pickup 1156.1 647.75 43.4 37.9
Car 1276.25 655.5 62.1 60.2
HeavyTruck 1279.9 556.95 61.4 89.1
MotorCyclist 1447.45 651.35 8.5 20.3
Car 1393.4 646.05 17.6 11.7
Car 1421.2 645.65 18.4 12.1
van 1514.55 637.3 13.5 15.8