Car 1453.15 631.35 22.3 15.5
Pedestrian 1894.5 672.25 30.2 124.9
Car 1231.8 663.15 96.4 72.3
Car 1122.85 634.3 30.1 14.6
Pickup 956.55 640.7 76.7 58.6
Car 788.65 647.2 68.1 44.0
MotorCyclist 718.85 645.95 18.1 27.5
HeavyTruck 197.35 450.35 291.1 211.9
Car 66.35 660.1 132.7 59.4
LargeBus 1221.0 520.15 106 127.5
Car 1453.15 631.35 22.3 15.5
Pedestrian 1894.5 672.25 30.2 124.9
Car 1231.8 663.15 96.4 72.3
Car 1122.85 634.3 30.1 14.6
Pickup 956.55 640.7 76.7 58.6
Car 788.65 647.2 68.1 44.0
MotorCyclist 718.85 645.95 18.1 27.5
HeavyTruck 197.35 450.35 291.1 211.9
Car 66.35 660.1 132.7 59.4