Car 1441.95 635.25 20.7 12.9
HeavyTruck 1206.75 532.2 87.9 117.2
Car 1204.7 661.85 76.6 62.9
Pickup 997.15 638.2 61.1 50.0
Truck 735.7 540.45 127.4 109.3
Car 483.85 658.05 74.9 41.3
Car 344.2 655.4 78.4 39.6
Car 104.25 687.25 208.5 361.7
MotorCyclist 1479.85 636.85 24.1 40.5
Car 1441.95 635.25 20.7 12.9
HeavyTruck 1206.75 532.2 87.9 117.2
Car 1204.7 661.85 76.6 62.9
Pickup 997.15 638.2 61.1 50.0
Truck 735.7 540.45 127.4 109.3
Car 483.85 658.05 74.9 41.3
Car 344.2 655.4 78.4 39.6
Car 104.25 687.25 208.5 361.7