Car 134.15 667.5 88.7 53.4
Pickup 367.05 665.3 292.9 176.6
MotorCyclist 1035.4 630.05 44.8 40.5
Truck 1189.6 415.5 136.0 238.6
Car 1411.75 629.55 25.9 15.5
MotorCyclist 1445.8 629.15 11.2 21.5
van 1488.5 623.6 31.0 34.4
MotorCyclist 1481.95 629.95 14.7 26.7
Pedestrian 1553.85 631.7 17.3 30.2
Car 1702.9 642.9 105.0 52.6
van 1739.0 624.35 94.8 32.7
Car 1760.15 692.0 195.5 130.0
Car 52.15 646.4 104.3 62.8
Car 134.15 667.5 88.7 53.4
Pickup 367.05 665.3 292.9 176.6
MotorCyclist 1035.4 630.05 44.8 40.5
Truck 1189.6 415.5 136.0 238.6
Car 1411.75 629.55 25.9 15.5
MotorCyclist 1445.8 629.15 11.2 21.5
van 1488.5 623.6 31.0 34.4
MotorCyclist 1481.95 629.95 14.7 26.7
Pedestrian 1553.85 631.7 17.3 30.2
Car 1702.9 642.9 105.0 52.6
van 1739.0 624.35 94.8 32.7
Car 1760.15 692.0 195.5 130.0