BiCyclist 616.05 605.0 63.7 83.6
TricycleClosed 886.35 590.45 25.9 30.1
HeavyTruck 1143.55 341.5 167.9 283.4
Car 2273.05 689.9 191.3 211.8
Car 2053.85 634.8 238.5 101.6
van 1877.25 589.1 147.3 65.4
van 1805.75 577.9 59.5 53.4
van 1499.65 580.95 36.1 49.1
Pedestrian 1506.1 592.55 14.2 45.5
MotorCyclist 1456.65 592.05 12.9 23.3
Car 1439.7 588.25 19.8 18.9
van 1417.3 579.6 19.8 22.4
Pedestrian 1607.15 593.55 15.5 48.3
MotorCyclist 33.65 628.3 67.3 109.4
BiCyclist 616.05 605.0 63.7 83.6
TricycleClosed 886.35 590.45 25.9 30.1
HeavyTruck 1143.55 341.5 167.9 283.4
Car 2273.05 689.9 191.3 211.8
Car 2053.85 634.8 238.5 101.6
van 1877.25 589.1 147.3 65.4
van 1805.75 577.9 59.5 53.4
van 1499.65 580.95 36.1 49.1
Pedestrian 1506.1 592.55 14.2 45.5
MotorCyclist 1456.65 592.05 12.9 23.3
Car 1439.7 588.25 19.8 18.9
van 1417.3 579.6 19.8 22.4
Pedestrian 1607.15 593.55 15.5 48.3