MotorCyclist 2294.2 666.55 50.8 93.1
Car 2409.95 625.75 65.5 49.1
BiCyclist 2151.1 649.4 30.2 62.0
Car 1747.2 677.35 145.6 111.1
MotorCyclist 1626.25 633.05 51.7 36.1
Car 1606.8 615.8 44.0 22.4
Car 1526.7 628.3 25.0 19.8
Car 1511.25 615.35 18.1 14.7
Truck 1322.2 456.05 118.8 198.9
Car 1217.95 636.05 20.7 18.1
Car 1253.3 633.05 53.4 29.3
MotorCyclist 1066.85 636.95 35.3 26.7
MotorCyclist 1027.25 634.35 24.9 31.9
Pickup 782.15 644.7 161.9 104.2
Car 335.65 649.35 85.3 48.3
Car 111.65 645.95 130.1 82.7
Car 54.75 673.0 109.5 112.8
Pedestrian 2214.85 645.1 23.3 70.6
MotorCyclist 2294.2 666.55 50.8 93.1
Car 2409.95 625.75 65.5 49.1
BiCyclist 2151.1 649.4 30.2 62.0
Car 1747.2 677.35 145.6 111.1
MotorCyclist 1626.25 633.05 51.7 36.1
Car 1606.8 615.8 44.0 22.4
Car 1526.7 628.3 25.0 19.8
Car 1511.25 615.35 18.1 14.7
Truck 1322.2 456.05 118.8 198.9
Car 1217.95 636.05 20.7 18.1
Car 1253.3 633.05 53.4 29.3
MotorCyclist 1066.85 636.95 35.3 26.7
MotorCyclist 1027.25 634.35 24.9 31.9
Pickup 782.15 644.7 161.9 104.2
Car 335.65 649.35 85.3 48.3
Car 111.65 645.95 130.1 82.7
Car 54.75 673.0 109.5 112.8