Car 1768.7 682.6 171.4 118.0
Car 1587.85 616.65 23.3 24.1
Car 1571.95 621.0 25.9 29.2
Car 1562.05 620.95 12.9 32.7
MotorCyclist 1536.65 629.05 6.9 18.1
Car 1483.25 624.8 24.1 16.4
Truck 1282.2 434.05 124.8 220.5
Car 1190.45 633.05 51.7 29.3
MotorCyclist 1133.6 630.4 27.6 27.6
MotorCyclist 1057.35 636.45 37.1 29.3
Pickup 623.3 657.5 216.2 137.0
Car 401.95 648.95 83.5 26.7
Car 284.4 640.75 62.0 37.9
Car 45.25 651.6 90.5 45.6
Car 1735.65 630.0 125.7 50.8
Car 1768.7 682.6 171.4 118.0
Car 1587.85 616.65 23.3 24.1
Car 1571.95 621.0 25.9 29.2
Car 1562.05 620.95 12.9 32.7
MotorCyclist 1536.65 629.05 6.9 18.1
Car 1483.25 624.8 24.1 16.4
Truck 1282.2 434.05 124.8 220.5
Car 1190.45 633.05 51.7 29.3
MotorCyclist 1133.6 630.4 27.6 27.6
MotorCyclist 1057.35 636.45 37.1 29.3
Pickup 623.3 657.5 216.2 137.0
Car 401.95 648.95 83.5 26.7
Car 284.4 640.75 62.0 37.9
Car 45.25 651.6 90.5 45.6