MotorCyclist 17.7 758.8 35.4 67.2
BiCyclist 706.45 647.75 75.7 99.9
TricycleClosed 851.95 637.3 25.9 31.0
Truck 1181.4 395.8 157.6 264.4
van 1415.7 619.75 19.8 26.7
MotorCyclist 1471.6 636.85 11.2 23.3
van 1518.15 620.5 38.7 52.6
Pedestrian 1528.0 638.2 17.2 50.0
Pedestrian 1637.45 645.0 18.9 50
van 1931.1 622.65 155.0 74.1
Car 2196.85 683.35 242.1 126.7
Pedestrian 2261.0 639.9 29.2 43.0
Car 22.0 969.75 44 279.1
MotorCyclist 17.7 758.8 35.4 67.2
BiCyclist 706.45 647.75 75.7 99.9
TricycleClosed 851.95 637.3 25.9 31.0
Truck 1181.4 395.8 157.6 264.4
van 1415.7 619.75 19.8 26.7
MotorCyclist 1471.6 636.85 11.2 23.3
van 1518.15 620.5 38.7 52.6
Pedestrian 1528.0 638.2 17.2 50.0
Pedestrian 1637.45 645.0 18.9 50
van 1931.1 622.65 155.0 74.1
Car 2196.85 683.35 242.1 126.7
Pedestrian 2261.0 639.9 29.2 43.0