Car 1790.25 694.1 242.1 155.0
Pedestrian 1534.05 627.5 12.1 42.2
van 1458.25 613.15 29.3 37.9
Pedestrian 1456.6 622.25 12.0 35.3
Car 1415.2 612.8 22.4 23.2
MotorCyclist 1410.05 626.1 12.1 25.8
Car 1378.6 620.95 21.6 15.5
Truck 1128.4 393.65 151.6 260.1
MotorCyclist 1010.4 626.95 39.6 37.9
TricycleClosed 970.45 616.6 18.1 27.6
Pickup 154.2 672.15 308.4 262.7
van 1741.2 621.75 123.2 55.1
Car 1790.25 694.1 242.1 155.0
Pedestrian 1534.05 627.5 12.1 42.2
van 1458.25 613.15 29.3 37.9
Pedestrian 1456.6 622.25 12.0 35.3
Car 1415.2 612.8 22.4 23.2
MotorCyclist 1410.05 626.1 12.1 25.8
Car 1378.6 620.95 21.6 15.5
Truck 1128.4 393.65 151.6 260.1
MotorCyclist 1010.4 626.95 39.6 37.9
TricycleClosed 970.45 616.6 18.1 27.6
Pickup 154.2 672.15 308.4 262.7