Car 1546.6 665.7 33.6 36.2
MotorCyclist 1506.1 675.15 25.0 55.1
LargeBus 1067.35 514.6 94.7 157.6
Pickup 836.0 671.75 135.2 110.3
Car 545.8 667.95 112.8 71.5
Car 318.85 682.5 79.3 35.4
MotorCyclist 1389.65 662.0 12.9 33.6
MotorCyclist 1404.65 664.3 12.1 24.2
MotorCyclist 1360.9 660.15 9.4 24.3
MotorCyclist 1329.85 661.75 12.5 31.5
Car 1319.6 650.55 15.2 16.3
Car 1240.15 655.3 21.5 14.6
Car 1236.25 640.95 9.3 10.7
van 1869.95 644.15 194.7 161.9
Car 1546.6 665.7 33.6 36.2
MotorCyclist 1506.1 675.15 25.0 55.1
LargeBus 1067.35 514.6 94.7 157.6
Pickup 836.0 671.75 135.2 110.3
Car 545.8 667.95 112.8 71.5
Car 318.85 682.5 79.3 35.4
MotorCyclist 1389.65 662.0 12.9 33.6
MotorCyclist 1404.65 664.3 12.1 24.2
MotorCyclist 1360.9 660.15 9.4 24.3
MotorCyclist 1329.85 661.75 12.5 31.5
Car 1319.6 650.55 15.2 16.3
Car 1240.15 655.3 21.5 14.6
Car 1236.25 640.95 9.3 10.7