HeavyTruck 1245.55 432.3 134.3 227.4
BiCyclist 1666.75 669.2 156.7 174.0
van 2183.1 631.65 211.0 102.5
Pedestrian 2292.85 666.15 41.3 88.7
van 1985.35 628.35 77.5 71.5
Pedestrian 1608.2 646.4 22.4 62.8
Pedestrian 1757.2 654.9 17.2 69.8
van 1576.35 627.9 55.1 60.2
MotorCyclist 1477.7 644.65 19.8 45.7
Pickup 206.75 702.35 413.5 267.9
HeavyTruck 1245.55 432.3 134.3 227.4
BiCyclist 1666.75 669.2 156.7 174.0
van 2183.1 631.65 211.0 102.5
Pedestrian 2292.85 666.15 41.3 88.7
van 1985.35 628.35 77.5 71.5
Pedestrian 1608.2 646.4 22.4 62.8
Pedestrian 1757.2 654.9 17.2 69.8
van 1576.35 627.9 55.1 60.2
MotorCyclist 1477.7 644.65 19.8 45.7