TricycleClosed 230.2 653.75 67.2 60.3
MotorCyclist 388.55 676.55 122.3 116.3
Pickup 710.75 672.2 273.9 190.4
HeavyTruck 1148.25 447.35 118.9 205.9
MotorCyclist 1352.85 637.8 18.1 28.4
MotorCyclist 1408.25 631.25 12.1 29.3
MotorCyclist 1442.85 642.45 18.9 41.3
Car 1478.5 635.2 25 23.2
van 1612.45 625.65 86.1 90.5
Pedestrian 1699.45 650.7 29.3 99.0
van 1530.2 623.5 56.0 58.6
Pedestrian 1956.1 664.8 36.2 106.8
van 2211.0 629.55 156.8 105.1
Car 38.8 782.85 77.6 136.1
TricycleClosed 230.2 653.75 67.2 60.3
MotorCyclist 388.55 676.55 122.3 116.3
Pickup 710.75 672.2 273.9 190.4
HeavyTruck 1148.25 447.35 118.9 205.9
MotorCyclist 1352.85 637.8 18.1 28.4
MotorCyclist 1408.25 631.25 12.1 29.3
MotorCyclist 1442.85 642.45 18.9 41.3
Car 1478.5 635.2 25 23.2
van 1612.45 625.65 86.1 90.5
Pedestrian 1699.45 650.7 29.3 99.0
van 1530.2 623.5 56.0 58.6
Pedestrian 1956.1 664.8 36.2 106.8
van 2211.0 629.55 156.8 105.1