van 1655.85 642.45 124.9 113.7
MotorCyclist 1460.0 671.75 12 48.3
Car 1484.6 662.7 33.6 30.2
Truck 1031.15 510.2 105.1 162.8
Pickup 783.5 666.2 143.8 123.2
Car 721.9 661.05 65.4 47.3
Car 397.15 679.9 60.3 30.2
TricycleOpenMotor 203.05 683.85 74.9 51.7
MotorCyclist 1355.1 658.25 11.8 30.9
Pedestrian 1329.7 653.15 10.2 22.7
MotorCyclist 1296.05 660.9 10.5 30.2
Car 1282.5 644.7 15.8 18.2
Car 1186.7 648.1 25.8 16.6
Car 1206.75 637.9 8.7 11.8
MotorCyclist 1263.0 644.35 3.6 11.5
van 2176.15 669.2 255.9 394.4
van 1655.85 642.45 124.9 113.7
MotorCyclist 1460.0 671.75 12 48.3
Car 1484.6 662.7 33.6 30.2
Truck 1031.15 510.2 105.1 162.8
Pickup 783.5 666.2 143.8 123.2
Car 721.9 661.05 65.4 47.3
Car 397.15 679.9 60.3 30.2
TricycleOpenMotor 203.05 683.85 74.9 51.7
MotorCyclist 1355.1 658.25 11.8 30.9
Pedestrian 1329.7 653.15 10.2 22.7
MotorCyclist 1296.05 660.9 10.5 30.2
Car 1282.5 644.7 15.8 18.2
Car 1186.7 648.1 25.8 16.6
Car 1206.75 637.9 8.7 11.8
MotorCyclist 1263.0 644.35 3.6 11.5