MotorCyclist 1700.75 671.35 31.9 71.5
Pickup 1128.35 648.45 99.9 91.3
HeavyTruck 1013.4 497.85 100.8 148.1
LargeBus 886.45 596.05 46.5 41.3
Car 563.85 664.0 90.5 50.0
MotorCyclist 1496.35 648.05 18.7 55.3
BiCyclist 1457.0 635.7 12.4 41.4
MotorCyclist 1397.05 645.75 21.7 45.9
Pedestrian 1359.0 642.1 7.2 29.0
van 1315.95 620.75 21.1 22.3
Truck 2382.85 370.3 118.1 306.6
MotorCyclist 1700.75 671.35 31.9 71.5
Pickup 1128.35 648.45 99.9 91.3
HeavyTruck 1013.4 497.85 100.8 148.1
LargeBus 886.45 596.05 46.5 41.3
Car 563.85 664.0 90.5 50.0
MotorCyclist 1496.35 648.05 18.7 55.3
BiCyclist 1457.0 635.7 12.4 41.4
MotorCyclist 1397.05 645.75 21.7 45.9
Pedestrian 1359.0 642.1 7.2 29.0
van 1315.95 620.75 21.1 22.3