MotorCyclist 1516.45 664.45 24.9 57.7
BiCyclist 1490.1 654.1 13.8 47.4
MotorCyclist 1410.4 661.85 16.4 52.5
MotorCyclist 1362.3 653.35 9.0 31.5
van 1310.7 634.3 18.6 21.0
Pickup 1135.5 663.85 91.8 90.9
HeavyTruck 1010.5 520.3 99.4 149.0
LargeBus 856.2 605.05 51.2 45.3
HeavyTruck 741.4 599.85 55.2 45.7
Car 454.6 660.3 62.0 31.8
Car 18.5 721.1 37 99.4
MotorCyclist 1786.45 690.75 51.7 99.9
MotorCyclist 1516.45 664.45 24.9 57.7
BiCyclist 1490.1 654.1 13.8 47.4
MotorCyclist 1410.4 661.85 16.4 52.5
MotorCyclist 1362.3 653.35 9.0 31.5
van 1310.7 634.3 18.6 21.0
Pickup 1135.5 663.85 91.8 90.9
HeavyTruck 1010.5 520.3 99.4 149.0
LargeBus 856.2 605.05 51.2 45.3
HeavyTruck 741.4 599.85 55.2 45.7
Car 454.6 660.3 62.0 31.8
Car 18.5 721.1 37 99.4