MotorCyclist 1765.4 679.45 50.8 108.5
MotorCyclist 1435.05 643.4 13.7 39.6
MotorCyclist 1375.15 644.9 15.1 35.4
MotorCyclist 1324.0 642.8 14.0 36.0
MotorCyclist 1352.6 640.15 6.8 23.5
Car 1309.8 624.15 15.2 18.7
Car 1218.65 633.6 19.3 16.4
Pickup 979.3 656.25 123.0 96.1
HeavyTruck 1033.95 504.25 100.3 149.3
Truck 904.1 612.55 54.6 46.7
MotorCyclist 358.6 670.65 23.2 45.7
Car 1933.7 676.6 149.8 95.6
MotorCyclist 1765.4 679.45 50.8 108.5
MotorCyclist 1435.05 643.4 13.7 39.6
MotorCyclist 1375.15 644.9 15.1 35.4
MotorCyclist 1324.0 642.8 14.0 36.0
MotorCyclist 1352.6 640.15 6.8 23.5
Car 1309.8 624.15 15.2 18.7
Car 1218.65 633.6 19.3 16.4
Pickup 979.3 656.25 123.0 96.1
HeavyTruck 1033.95 504.25 100.3 149.3
Truck 904.1 612.55 54.6 46.7
MotorCyclist 358.6 670.65 23.2 45.7