MotorCyclist 2016.15 706.35 52.3 121.9
MotorCyclist 1748.6 704.7 44.8 95.4
HeavyTruck 1692.7 628.7 108.6 96.2
MotorCyclist 1426.8 699.25 11.6 24.9
MotorCyclist 1351.35 698.0 9.9 22.4
Car 1338.5 689.7 17.4 15.8
HeavyTruck 944.0 504.7 124.4 196.6
Car 828.7 697.7 49.8 28.2
Car 533.1 707.2 39.0 24.0
MotorCyclist 461.75 707.95 22.3 29.1
Car 353.8 722.15 55.6 20.7
Car 272.65 714.65 58.9 35.7
van 172.25 708.4 70.5 46.4
van 43.35 700.9 86.7 61.4
MotorCyclist 33.35 716.75 31.5 53.1
Pickup 1112.5 662.0 142.6 159.2
HeavyTruck 2006.8 440.95 368.8 267.9
MotorCyclist 2016.15 706.35 52.3 121.9
MotorCyclist 1748.6 704.7 44.8 95.4
HeavyTruck 1692.7 628.7 108.6 96.2
MotorCyclist 1426.8 699.25 11.6 24.9
MotorCyclist 1351.35 698.0 9.9 22.4
Car 1338.5 689.7 17.4 15.8
HeavyTruck 944.0 504.7 124.4 196.6
Car 828.7 697.7 49.8 28.2
Car 533.1 707.2 39.0 24.0
MotorCyclist 461.75 707.95 22.3 29.1
Car 353.8 722.15 55.6 20.7
Car 272.65 714.65 58.9 35.7
van 172.25 708.4 70.5 46.4
van 43.35 700.9 86.7 61.4
MotorCyclist 33.35 716.75 31.5 53.1
Pickup 1112.5 662.0 142.6 159.2