MotorCyclist 1539.65 654.15 30.1 71.5
MotorCyclist 1418.7 648.55 25.8 60.3
Pedestrian 1458.35 639.4 15.5 38.8
MotorCyclist 1366.15 646.75 10.3 32.7
Pickup 1147.85 657.55 86.9 88.7
HeavyTruck 1002.3 507.65 99.0 147.3
HeavyTruck 812.85 590.8 57.7 44.8
HeavyTruck 697.8 580.55 62.0 55.1
van 1305.5 623.55 19.8 20.7
MotorCyclist 1974.15 703.25 82.7 142.1
MotorCyclist 1539.65 654.15 30.1 71.5
MotorCyclist 1418.7 648.55 25.8 60.3
Pedestrian 1458.35 639.4 15.5 38.8
MotorCyclist 1366.15 646.75 10.3 32.7
Pickup 1147.85 657.55 86.9 88.7
HeavyTruck 1002.3 507.65 99.0 147.3
HeavyTruck 812.85 590.8 57.7 44.8
HeavyTruck 697.8 580.55 62.0 55.1
van 1305.5 623.55 19.8 20.7