MotorCyclist 1579.7 659.7 41.4 103.4
Pedestrian 1545.2 643.7 14.0 53.4
MotorCyclist 1446.05 651.1 29.3 71.8
MotorCyclist 1429.35 632.35 13.5 34.3
MotorCyclist 1366.7 643.15 16.2 39.5
van 1295.15 621.55 21.1 23.5
Pickup 1138.15 644.45 86.3 82.5
HeavyTruck 977.9 489.45 105.4 154.1
EngineTruck 687.65 575.05 73.3 61.3
HeavyTruck 537.9 567.3 100.6 68.2
MotorCyclist 101.75 667.3 22.7 43.8
MotorCyclist 143.1 658.35 43.4 37.9
HeavyTruck 251.25 629.4 67.3 48.8
Truck 169.95 630.35 53.1 52.7
BiCyclist 1700.7 642.95 25.0 93.9
MotorCyclist 1579.7 659.7 41.4 103.4
Pedestrian 1545.2 643.7 14.0 53.4
MotorCyclist 1446.05 651.1 29.3 71.8
MotorCyclist 1429.35 632.35 13.5 34.3
MotorCyclist 1366.7 643.15 16.2 39.5
van 1295.15 621.55 21.1 23.5
Pickup 1138.15 644.45 86.3 82.5
HeavyTruck 977.9 489.45 105.4 154.1
EngineTruck 687.65 575.05 73.3 61.3
HeavyTruck 537.9 567.3 100.6 68.2
MotorCyclist 101.75 667.3 22.7 43.8
MotorCyclist 143.1 658.35 43.4 37.9
HeavyTruck 251.25 629.4 67.3 48.8
Truck 169.95 630.35 53.1 52.7