MotorCyclist 1875.5 680.75 81.8 183.5
MotorCyclist 1628.3 666.15 42.2 105.9
MotorCyclist 1559.2 646.95 15.2 47.1
MotorCyclist 1472.7 652.1 16.2 49.4
van 1333.4 636.3 20.8 25.8
Pickup 1180.6 653.05 96.0 93.7
HeavyTruck 1005.45 486.9 116.5 164.6
Car 893.9 641.8 47.8 36.0
Car 774.25 641.85 66.5 44.1
EngineTruck 545.75 578.3 110.7 77.4
HeavyTruck 326.35 559.3 121.1 97.8
Car 2327.35 644.15 155.1 55.1
MotorCyclist 1875.5 680.75 81.8 183.5
MotorCyclist 1628.3 666.15 42.2 105.9
MotorCyclist 1559.2 646.95 15.2 47.1
MotorCyclist 1472.7 652.1 16.2 49.4
van 1333.4 636.3 20.8 25.8
Pickup 1180.6 653.05 96.0 93.7
HeavyTruck 1005.45 486.9 116.5 164.6
Car 893.9 641.8 47.8 36.0
Car 774.25 641.85 66.5 44.1
EngineTruck 545.75 578.3 110.7 77.4
HeavyTruck 326.35 559.3 121.1 97.8