Truck 1909.15 542.1 110.3 62.2
MotorCyclist 2008.75 686.45 77.1 138.5
Truck 1556.3 588.15 28.2 21.5
TricycleOpenHuman 1592.25 612.15 14.1 29.9
MotorCyclist 1649.1 633.3 15.0 39.0
van 1511.9 610.85 19.0 24.1
MotorCyclist 1538.85 630.35 16.5 29.9
HeavyTruck 1220.3 522.25 86.2 115.3
LightTruck 1336.85 608.4 83.7 102.0
MediumBus 254.5 552.25 188.6 128.5
van 1117.65 612.5 28.9 16.2
Car 1077.45 620.05 34.9 16.9
Car 1025.8 615.55 27.6 17.5
van 648.9 622.75 42.6 36.7
Car 540.45 637.15 49.3 34.3
Truck 2293.0 533.8 178 201.6
Truck 1909.15 542.1 110.3 62.2
MotorCyclist 2008.75 686.45 77.1 138.5
Truck 1556.3 588.15 28.2 21.5
TricycleOpenHuman 1592.25 612.15 14.1 29.9
MotorCyclist 1649.1 633.3 15.0 39.0
van 1511.9 610.85 19.0 24.1
MotorCyclist 1538.85 630.35 16.5 29.9
HeavyTruck 1220.3 522.25 86.2 115.3
LightTruck 1336.85 608.4 83.7 102.0
MediumBus 254.5 552.25 188.6 128.5
van 1117.65 612.5 28.9 16.2
Car 1077.45 620.05 34.9 16.9
Car 1025.8 615.55 27.6 17.5
van 648.9 622.75 42.6 36.7
Car 540.45 637.15 49.3 34.3