MotorCyclist 2136.05 693.45 69.7 149.3
HeavyTruck 1776.4 596.0 166.8 113.6
MotorCyclist 1764.05 680.15 48.9 99.5
LargeBus 1457.85 636.65 24.1 15.7
MotorCyclist 1431.8 669.35 11.6 28.3
Car 1369.15 659.45 19.1 14.9
MotorCyclist 1360.0 670.2 10.8 23.2
Car 1269.3 659.9 28.2 29.0
HeavyTruck 921.7 491.1 129.4 185.8
MotorCyclist 829.95 669.75 9.1 19.1
Car 563.8 677.2 90.4 44.0
Car 422.3 681.5 39.8 29.0
MotorCyclist 390.3 678.95 15.8 30.7
MotorCyclist 339.75 685.6 20.7 34.0
BiCyclist 262.55 685.1 19.1 39.8
Car 224.05 695.15 71.3 29.9
Car 86.0 691.35 80.4 42.3
van 24.7 683.45 49.4 56.5
Motorcycle 58.55 711.75 32.3 33.1
Pickup 1088.35 636.6 141.1 155.2
HeavyTruck 2127.55 431.7 288.3 309.4
MotorCyclist 2136.05 693.45 69.7 149.3
HeavyTruck 1776.4 596.0 166.8 113.6
MotorCyclist 1764.05 680.15 48.9 99.5
LargeBus 1457.85 636.65 24.1 15.7
MotorCyclist 1431.8 669.35 11.6 28.3
Car 1369.15 659.45 19.1 14.9
MotorCyclist 1360.0 670.2 10.8 23.2
Car 1269.3 659.9 28.2 29.0
HeavyTruck 921.7 491.1 129.4 185.8
MotorCyclist 829.95 669.75 9.1 19.1
Car 563.8 677.2 90.4 44.0
Car 422.3 681.5 39.8 29.0
MotorCyclist 390.3 678.95 15.8 30.7
MotorCyclist 339.75 685.6 20.7 34.0
BiCyclist 262.55 685.1 19.1 39.8
Car 224.05 695.15 71.3 29.9
Car 86.0 691.35 80.4 42.3
van 24.7 683.45 49.4 56.5
Motorcycle 58.55 711.75 32.3 33.1
Pickup 1088.35 636.6 141.1 155.2