MotorCyclist 2034.45 715.85 72.1 127.7
MotorCyclist 1655.25 652.75 14.1 31.5
Car 1620.3 629.9 19.8 13.0
MotorCyclist 1590.65 647.45 14.1 27.3
van 1527.25 637.05 26.5 26.5
MediumBus 1423.5 613.35 28.2 29.1
Truck 1132.4 506.5 126.0 163.4
LightTruck 1243.0 653.7 135.2 152.6
Car 1049.35 636.25 19.9 24.9
Car 1003.75 646.6 31.5 22.4
Car 759.15 654.1 43.1 30.6
MotorCyclist 389.15 676.05 33.1 58.1
Car 98.45 685.6 82.1 47.2
HeavyTruck 2463.55 506.4 64.3 236.4
MotorCyclist 2034.45 715.85 72.1 127.7
MotorCyclist 1655.25 652.75 14.1 31.5
Car 1620.3 629.9 19.8 13.0
MotorCyclist 1590.65 647.45 14.1 27.3
van 1527.25 637.05 26.5 26.5
MediumBus 1423.5 613.35 28.2 29.1
Truck 1132.4 506.5 126.0 163.4
LightTruck 1243.0 653.7 135.2 152.6
Car 1049.35 636.25 19.9 24.9
Car 1003.75 646.6 31.5 22.4
Car 759.15 654.1 43.1 30.6
MotorCyclist 389.15 676.05 33.1 58.1
Car 98.45 685.6 82.1 47.2