Truck 1641.0 610.25 24.8 19.7
Car 1603.85 619.35 14.5 8.7
TricycleOpenHuman 1607.9 637.6 13.8 24.8
MotorCyclist 1646.45 651.75 15.3 38.7
van 1516.4 632.8 20.4 24.0
MotorCyclist 1550.55 647.0 13.1 29.2
Car 171.2 671.4 86.0 48.8
LargeBus 1215.5 540.05 93.0 118.9
LightTruck 1318.0 646.25 88.4 96.9
Car 1133.95 639.2 21.9 15.2
Car 1093.05 640.0 23.7 19.2
MediumBus 798.45 602.0 90.1 71.6
Car 730.1 643.35 36.6 32.7
Car 667.5 657.25 49.0 30.9
MotorCyclist 1954.75 695.9 65.5 127.8
Truck 1641.0 610.25 24.8 19.7
Car 1603.85 619.35 14.5 8.7
TricycleOpenHuman 1607.9 637.6 13.8 24.8
MotorCyclist 1646.45 651.75 15.3 38.7
van 1516.4 632.8 20.4 24.0
MotorCyclist 1550.55 647.0 13.1 29.2
Car 171.2 671.4 86.0 48.8
LargeBus 1215.5 540.05 93.0 118.9
LightTruck 1318.0 646.25 88.4 96.9
Car 1133.95 639.2 21.9 15.2
Car 1093.05 640.0 23.7 19.2
MediumBus 798.45 602.0 90.1 71.6
Car 730.1 643.35 36.6 32.7
Car 667.5 657.25 49.0 30.9