Truck 2224.6 498.2 223.6 146.8
MotorCyclist 1624.6 655.25 22.4 56.5
TricycleOpenHuman 1562.1 645.8 16.6 34.0
van 1485.8 631.6 23.2 22.4
MotorCyclist 1501.9 644.45 15.8 34.9
Car 45.0 675.55 90 53.9
van 288.35 651.55 63.9 52.3
HeavyTruck 1208.55 549.75 81.1 105.9
LightTruck 1348.85 640.0 77.7 85.6
MotorCyclist 1155.05 638.0 5.7 14.0
Car 996.5 645.2 24.2 15.2
Car 969.2 638.5 19.2 17.4
MotorCyclist 980.2 643.65 9.6 25.3
Car 917.95 646.45 38.3 19.7
Car 852.6 644.1 42.8 24.2
MotorCyclist 2338.45 717.1 116.1 196.6
Truck 2224.6 498.2 223.6 146.8
MotorCyclist 1624.6 655.25 22.4 56.5
TricycleOpenHuman 1562.1 645.8 16.6 34.0
van 1485.8 631.6 23.2 22.4
MotorCyclist 1501.9 644.45 15.8 34.9
Car 45.0 675.55 90 53.9
van 288.35 651.55 63.9 52.3
HeavyTruck 1208.55 549.75 81.1 105.9
LightTruck 1348.85 640.0 77.7 85.6
MotorCyclist 1155.05 638.0 5.7 14.0
Car 996.5 645.2 24.2 15.2
Car 969.2 638.5 19.2 17.4
MotorCyclist 980.2 643.65 9.6 25.3
Car 917.95 646.45 38.3 19.7
Car 852.6 644.1 42.8 24.2