MotorCyclist 1619.4 649.85 34.4 80.1
TricycleOpenHuman 1593.05 638.2 23.3 50.0
MotorCyclist 1485.85 637.7 18.9 35.4
Car 1480.3 613.2 25.0 27.6
Car 1319.25 644.2 74.9 72.4
HeavyTruck 1209.4 537.05 89.6 102.5
Truck 1056.05 594.65 51.7 45.7
MotorCyclist 864.4 633.85 16.4 24.1
Car 827.8 627.05 32.8 24.1
Car 714.55 632.6 43.9 28.4
Car 635.35 632.6 43.9 28.4
MotorCyclist 482.45 638.6 24.1 50.8
Truck 1896.6 560.7 134.4 115.4
MotorCyclist 1619.4 649.85 34.4 80.1
TricycleOpenHuman 1593.05 638.2 23.3 50.0
MotorCyclist 1485.85 637.7 18.9 35.4
Car 1480.3 613.2 25.0 27.6
Car 1319.25 644.2 74.9 72.4
HeavyTruck 1209.4 537.05 89.6 102.5
Truck 1056.05 594.65 51.7 45.7
MotorCyclist 864.4 633.85 16.4 24.1
Car 827.8 627.05 32.8 24.1
Car 714.55 632.6 43.9 28.4
Car 635.35 632.6 43.9 28.4
MotorCyclist 482.45 638.6 24.1 50.8