MotorCyclist 1566.0 670.1 34.4 75.8
van 1588.25 634.25 24.1 28.5
Pedestrian 1704.95 639.05 9.5 24.1
HeavyTruck 1846.75 593.35 82.7 70.7
Car 1317.85 650.65 79.3 74.9
HeavyTruck 1273.95 547.7 94.7 103.4
MotorCyclist 1170.15 638.6 14.7 23.2
Car 1098.75 640.75 33.5 20.7
MotorCyclist 634.9 656.25 25.8 41.3
Car 480.75 665.35 55.1 31.9
Car 456.7 663.65 48.2 24.9
Car 407.15 670.5 38.7 25
LightTruck 297.75 662.25 61.1 39.7
MotorCyclist 166.0 665.7 45.6 63.8
Car 2270.5 633.85 65.4 34.5
MotorCyclist 1566.0 670.1 34.4 75.8
van 1588.25 634.25 24.1 28.5
Pedestrian 1704.95 639.05 9.5 24.1
HeavyTruck 1846.75 593.35 82.7 70.7
Car 1317.85 650.65 79.3 74.9
HeavyTruck 1273.95 547.7 94.7 103.4
MotorCyclist 1170.15 638.6 14.7 23.2
Car 1098.75 640.75 33.5 20.7
MotorCyclist 634.9 656.25 25.8 41.3
Car 480.75 665.35 55.1 31.9
Car 456.7 663.65 48.2 24.9
Car 407.15 670.5 38.7 25
LightTruck 297.75 662.25 61.1 39.7
MotorCyclist 166.0 665.7 45.6 63.8