TricycleOpenHuman 1558.55 644.6 26.7 38.8
MotorCyclist 1480.65 646.75 12.1 32.7
van 1469.45 623.9 24.1 25.0
LightTruck 1329.5 648.0 75 73.2
HeavyTruck 1192.1 546.85 86.2 101.7
Car 898.95 634.8 26.7 22.4
MotorCyclist 1015.2 636.0 11.2 21.6
MotorCyclist 771.85 642.95 17.3 31.9
Car 817.15 641.6 38.7 22.4
van 29.75 644.2 59.5 62.0
Car 748.65 637.25 29.3 24.1
MotorCyclist 1594.75 655.35 26.7 60.3
TricycleOpenHuman 1558.55 644.6 26.7 38.8
MotorCyclist 1480.65 646.75 12.1 32.7
van 1469.45 623.9 24.1 25.0
LightTruck 1329.5 648.0 75 73.2
HeavyTruck 1192.1 546.85 86.2 101.7
Car 898.95 634.8 26.7 22.4
MotorCyclist 1015.2 636.0 11.2 21.6
MotorCyclist 771.85 642.95 17.3 31.9
Car 817.15 641.6 38.7 22.4
van 29.75 644.2 59.5 62.0
Car 748.65 637.25 29.3 24.1