Car 2085.65 633.85 40.5 17.3
van 1563.35 629.2 25.9 28.4
MotorCyclist 1512.55 661.85 27.5 62.9
Car 1276.95 650.65 76.7 68.1
HeavyTruck 1249.8 543.0 101.6 100.8
MotorCyclist 873.85 642.15 18.1 26.7
BiCyclist 1041.45 632.95 12.1 25.9
Car 1158.15 635.55 31.9 20.7
MotorCyclist 656.05 647.25 30.1 40.5
Car 623.7 649.4 41.4 27.6
Car 2171.0 633.45 62.8 23.3
Car 2085.65 633.85 40.5 17.3
van 1563.35 629.2 25.9 28.4
MotorCyclist 1512.55 661.85 27.5 62.9
Car 1276.95 650.65 76.7 68.1
HeavyTruck 1249.8 543.0 101.6 100.8
MotorCyclist 873.85 642.15 18.1 26.7
BiCyclist 1041.45 632.95 12.1 25.9
Car 1158.15 635.55 31.9 20.7
MotorCyclist 656.05 647.25 30.1 40.5
Car 623.7 649.4 41.4 27.6