Car 1719.7 633.05 42.2 46.5
MotorCyclist 1506.15 644.55 21.5 49.1
HeavyTruck 1446.7 617.9 9.4 13.0
Car 1412.2 632.55 16.4 14.7
van 1356.2 631.7 38.8 47.4
HeavyTruck 1083.2 526.15 95.6 122.3
Pickup 1227.45 649.35 101.7 99.9
LightTruck 977.7 628.25 36.2 30.1
Pedestrian 851.5 649.75 7.8 14.7
HeavyTruck 2078.05 491.3 321.3 166.2
Car 1719.7 633.05 42.2 46.5
MotorCyclist 1506.15 644.55 21.5 49.1
HeavyTruck 1446.7 617.9 9.4 13.0
Car 1412.2 632.55 16.4 14.7
van 1356.2 631.7 38.8 47.4
HeavyTruck 1083.2 526.15 95.6 122.3
Pickup 1227.45 649.35 101.7 99.9
LightTruck 977.7 628.25 36.2 30.1
Pedestrian 851.5 649.75 7.8 14.7