Car 2088.2 620.6 56.0 45.6
van 1966.35 615.8 60.3 39.6
TricycleOpenMotor 1922.45 633.8 24.1 27.6
Car 1840.7 624.8 70.6 68.0
MotorCyclist 1561.25 641.6 24.9 56.8
MotorCyclist 1475.95 631.75 9.5 16.3
van 1379.45 625.75 40.5 49.1
Car 1225.75 645.45 105.1 102.5
LargeBus 1097.85 521.1 97.3 122.2
Pedestrian 889.5 639.5 14.6 25.0
van 751.7 633.0 59.4 50
BiCyclist 961.7 631.65 7.8 23.3
HeavyTruck 2367.4 365.2 128.4 327.2
Car 2088.2 620.6 56.0 45.6
van 1966.35 615.8 60.3 39.6
TricycleOpenMotor 1922.45 633.8 24.1 27.6
Car 1840.7 624.8 70.6 68.0
MotorCyclist 1561.25 641.6 24.9 56.8
MotorCyclist 1475.95 631.75 9.5 16.3
van 1379.45 625.75 40.5 49.1
Car 1225.75 645.45 105.1 102.5
LargeBus 1097.85 521.1 97.3 122.2
Pedestrian 889.5 639.5 14.6 25.0
van 751.7 633.0 59.4 50
BiCyclist 961.7 631.65 7.8 23.3