Truck 1907.8 543.8 129.2 140.4
MotorCyclist 1546.5 659.65 13 34.5
Car 1488.8 651.6 11.2 11.2
Car 1426.5 649.35 31.0 37.9
LightTruck 1325.7 665.3 87.8 87.0
LargeBus 1179.25 556.4 91.3 113.6
Car 845.5 656.7 54.2 42.2
Car 475.95 688.5 138.7 81.8
Car 401.05 672.2 57.7 28.4
TricycleOpenMotor 322.35 668.35 37.9 55.1
HeavyTruck 2368.6 387.15 127.6 212.7
Truck 1907.8 543.8 129.2 140.4
MotorCyclist 1546.5 659.65 13 34.5
Car 1488.8 651.6 11.2 11.2
Car 1426.5 649.35 31.0 37.9
LightTruck 1325.7 665.3 87.8 87.0
LargeBus 1179.25 556.4 91.3 113.6
Car 845.5 656.7 54.2 42.2
Car 475.95 688.5 138.7 81.8
Car 401.05 672.2 57.7 28.4
TricycleOpenMotor 322.35 668.35 37.9 55.1