van 1418.2 642.55 45.6 55.1
Car 1362.65 646.8 24.1 22.4
Pickup 1219.7 663.2 110.2 106.8
HeavyTruck 1112.1 533.15 98.2 129.1
van 921.75 646.0 44.7 34.4
Car 1000.95 651.45 37.9 18.1
BiCyclist 813.6 654.5 11.2 31.0
Pedestrian 699.15 663.25 9.5 24.1
Pedestrian 678.8 666.25 10.4 30.1
BiCyclist 614.25 670.85 12.1 29.3
MotorCyclist 1697.7 671.8 43.0 89.6
van 1418.2 642.55 45.6 55.1
Car 1362.65 646.8 24.1 22.4
Pickup 1219.7 663.2 110.2 106.8
HeavyTruck 1112.1 533.15 98.2 129.1
van 921.75 646.0 44.7 34.4
Car 1000.95 651.45 37.9 18.1
BiCyclist 813.6 654.5 11.2 31.0
Pedestrian 699.15 663.25 9.5 24.1
Pedestrian 678.8 666.25 10.4 30.1
BiCyclist 614.25 670.85 12.1 29.3