Pickup 2115.0 654.15 112.8 78.3
Car 1958.3 555.9 188.6 119.8
HeavyTruck 1807.1 512.85 110.2 112.9
MotorCyclist 1495.65 647.65 18.1 41.3
Car 1439.8 642.5 16.4 13.8
van 1364.35 639.5 31.1 42.2
Pickup 1258.95 656.65 95.5 90.5
HeavyTruck 1096.15 535.75 93.9 117.1
Car 1006.2 652.0 17.2 12
Pedestrian 922.1 651.05 7.8 24.1
Truck 2421.7 397.0 92.2 263.6
Pickup 2115.0 654.15 112.8 78.3
Car 1958.3 555.9 188.6 119.8
HeavyTruck 1807.1 512.85 110.2 112.9
MotorCyclist 1495.65 647.65 18.1 41.3
Car 1439.8 642.5 16.4 13.8
van 1364.35 639.5 31.1 42.2
Pickup 1258.95 656.65 95.5 90.5
HeavyTruck 1096.15 535.75 93.9 117.1
Car 1006.2 652.0 17.2 12
Pedestrian 922.1 651.05 7.8 24.1