Car 783.15 659.75 59.5 22.3
Truck 903.8 630.95 24.0 35.9
HeavyTruck 1078.15 538.45 88.3 133.3
Pickup 1111.65 665.75 104.9 103.1
Car 1261.4 644.35 8.8 7.1
Car 1287.5 649.0 19 15.6
MotorCyclist 1365.9 649.4 9.0 18.8
van 1418.85 646.7 68.1 77.4
Truck 2080.45 439.75 319.7 259.9
HeavyTruck 1792.7 533.5 170.2 150.2
HeavyTruck 1611.4 595.0 84.4 74.8
BiCyclist 443.3 670.9 21.4 47.8
Car 783.15 659.75 59.5 22.3
Truck 903.8 630.95 24.0 35.9
HeavyTruck 1078.15 538.45 88.3 133.3
Pickup 1111.65 665.75 104.9 103.1
Car 1261.4 644.35 8.8 7.1
Car 1287.5 649.0 19 15.6
MotorCyclist 1365.9 649.4 9.0 18.8
van 1418.85 646.7 68.1 77.4
Truck 2080.45 439.75 319.7 259.9
HeavyTruck 1792.7 533.5 170.2 150.2
HeavyTruck 1611.4 595.0 84.4 74.8