MotorCyclist 481.9 675.7 36.2 35.0
HeavyTruck 717.95 620.7 50.3 50.6
MotorCyclist 838.2 658.95 12.0 23.5
Car 892.55 663.85 120.3 107.7
HeavyTruck 1047.35 525.7 95.1 133.0
Car 1216.1 639.9 9.4 8.6
Car 1250.35 646.4 20.3 17.6
MotorCyclist 1339.9 647.1 10.2 23.4
van 1521.35 647.35 125.5 131.5
LargeBus 2042.05 490.5 345.3 252.2
Car 448.55 671.35 93.9 38.3
MotorCyclist 481.9 675.7 36.2 35.0
HeavyTruck 717.95 620.7 50.3 50.6
MotorCyclist 838.2 658.95 12.0 23.5
Car 892.55 663.85 120.3 107.7
HeavyTruck 1047.35 525.7 95.1 133.0
Car 1216.1 639.9 9.4 8.6
Car 1250.35 646.4 20.3 17.6
MotorCyclist 1339.9 647.1 10.2 23.4
van 1521.35 647.35 125.5 131.5
LargeBus 2042.05 490.5 345.3 252.2