MotorCyclist 264.7 677.05 43.8 46.1
Car 138.95 685.7 107.9 39.0
HeavyTruck 664.0 605.65 122.4 56.1
MotorCyclist 688.5 651.15 16.2 29.5
Car 827.15 658.2 142.7 113.6
Truck 1048.5 507.85 99.4 139.3
Car 1248.6 634.7 20.8 18.2
MotorCyclist 1303.85 626.75 7.7 17.9
MotorCyclist 1349.7 634.85 9.0 22.5
Car 1211.8 625.25 10.4 10.1
Car 1214.8 623.2 7.6 9.6
van 1644.9 639.55 187.0 184.7
Truck 2348.35 549.9 141.1 138.2
HeavyTruck 1895.6 566.5 107.2 78.2
Car 248.75 668.35 116.3 46.7
MotorCyclist 264.7 677.05 43.8 46.1
Car 138.95 685.7 107.9 39.0
HeavyTruck 664.0 605.65 122.4 56.1
MotorCyclist 688.5 651.15 16.2 29.5
Car 827.15 658.2 142.7 113.6
Truck 1048.5 507.85 99.4 139.3
Car 1248.6 634.7 20.8 18.2
MotorCyclist 1303.85 626.75 7.7 17.9
MotorCyclist 1349.7 634.85 9.0 22.5
Car 1211.8 625.25 10.4 10.1
Car 1214.8 623.2 7.6 9.6
van 1644.9 639.55 187.0 184.7
Truck 2348.35 549.9 141.1 138.2
HeavyTruck 1895.6 566.5 107.2 78.2