Car 698.95 654.15 72.7 27.5
Car 740.6 674.5 28.0 16.2
HeavyTruck 856.2 619.15 38.0 40.7
LargeBus 1072.45 521.85 87.7 123.3
Pickup 1072.1 653.9 107.4 102.6
Car 1275.8 639.0 19.2 16.8
Car 1249.6 634.1 10.0 7.8
MotorCyclist 1359.85 639.4 11.3 18.8
van 1437.45 635.75 78.9 87.5
HeavyTruck 1696.1 577.7 137.0 97.0
HeavyTruck 1985.85 507.25 294.9 190.1
HeavyTruck 2346.85 412.45 142.1 284.1
BiCyclist 232.9 674.25 25.4 62.5
Car 698.95 654.15 72.7 27.5
Car 740.6 674.5 28.0 16.2
HeavyTruck 856.2 619.15 38.0 40.7
LargeBus 1072.45 521.85 87.7 123.3
Pickup 1072.1 653.9 107.4 102.6
Car 1275.8 639.0 19.2 16.8
Car 1249.6 634.1 10.0 7.8
MotorCyclist 1359.85 639.4 11.3 18.8
van 1437.45 635.75 78.9 87.5
HeavyTruck 1696.1 577.7 137.0 97.0
HeavyTruck 1985.85 507.25 294.9 190.1
HeavyTruck 2346.85 412.45 142.1 284.1