HeavyTruck 346.0 584.4 125.6 69.2
HeavyTruck 677.0 605.25 58 48.1
BiCyclist 621.15 651.75 9.5 19.9
MotorCyclist 425.75 659.95 21.5 43.1
HeavyTruck 799.65 608.95 60.9 38.7
Car 823.65 662.75 190.5 152.3
HeavyTruck 935.55 493.55 101.1 163.5
Car 1153.45 638.3 24.5 19.4
MotorCyclist 1211.75 631.3 9.1 18.2
MotorCyclist 1272.95 641.3 11.9 29.4
MotorCyclist 1309.6 637.95 11.6 23.9
Car 1113.25 628.1 9.3 7.4
HeavyTruck 1124.6 615.65 9.6 13.7
HeavyTruck 1306.75 602.8 24.3 32.8
HeavyTruck 1540.5 556.45 119.0 92.5
HeavyTruck 2015.95 432.6 362.7 255.2
HeavyTruck 84.25 573.55 168.5 89.1
HeavyTruck 346.0 584.4 125.6 69.2
HeavyTruck 677.0 605.25 58 48.1
BiCyclist 621.15 651.75 9.5 19.9
MotorCyclist 425.75 659.95 21.5 43.1
HeavyTruck 799.65 608.95 60.9 38.7
Car 823.65 662.75 190.5 152.3
HeavyTruck 935.55 493.55 101.1 163.5
Car 1153.45 638.3 24.5 19.4
MotorCyclist 1211.75 631.3 9.1 18.2
MotorCyclist 1272.95 641.3 11.9 29.4
MotorCyclist 1309.6 637.95 11.6 23.9
Car 1113.25 628.1 9.3 7.4
HeavyTruck 1124.6 615.65 9.6 13.7
HeavyTruck 1306.75 602.8 24.3 32.8
HeavyTruck 1540.5 556.45 119.0 92.5
HeavyTruck 2015.95 432.6 362.7 255.2