BiCyclist 557.55 639.5 10.3 25.8
HeavyTruck 610.85 588.25 68.9 55.7
HeavyTruck 761.4 591.45 40.8 36.1
MotorCyclist 756.25 629.4 8.9 20.4
Pickup 894.75 652.7 191.1 159.0
HeavyTruck 910.35 475.45 111.9 173.3
Car 1161.05 620.7 26.9 22.6
MotorCyclist 1219.15 614.5 7.5 19.0
MotorCyclist 1284.3 628.65 15.4 29.3
MotorCyclist 1327.55 626.75 13.1 27.9
HeavyTruck 1330.9 581.75 35.0 32.3
HeavyTruck 2321.65 383.65 158.9 255.7
HeavyTruck 1652.7 511.0 170.2 115.2
HeavyTruck 136.05 569.95 180.5 94.3
BiCyclist 557.55 639.5 10.3 25.8
HeavyTruck 610.85 588.25 68.9 55.7
HeavyTruck 761.4 591.45 40.8 36.1
MotorCyclist 756.25 629.4 8.9 20.4
Pickup 894.75 652.7 191.1 159.0
HeavyTruck 910.35 475.45 111.9 173.3
Car 1161.05 620.7 26.9 22.6
MotorCyclist 1219.15 614.5 7.5 19.0
MotorCyclist 1284.3 628.65 15.4 29.3
MotorCyclist 1327.55 626.75 13.1 27.9
HeavyTruck 1330.9 581.75 35.0 32.3
HeavyTruck 2321.65 383.65 158.9 255.7
HeavyTruck 1652.7 511.0 170.2 115.2