MotorCyclist 760.9 644.95 12.6 31.5
HeavyTruck 824.05 606.6 54.1 44.0
Car 873.85 657.0 179.3 140.8
HeavyTruck 1058.45 495.2 94.1 154.4
Car 1246.15 636.95 22.3 20.3
MotorCyclist 1302.15 630.5 6.7 16.2
MotorCyclist 1365.7 640.8 13.0 25.6
Car 1202.85 624.25 8.5 9.3
HeavyTruck 1214.05 616.3 10.1 14.2
HeavyTruck 1687.75 522.25 319.9 157.3
HeavyTruck 2349.7 533.85 140.2 142.5
HeavyTruck 403.55 592.2 210.3 85.2
MotorCyclist 760.9 644.95 12.6 31.5
HeavyTruck 824.05 606.6 54.1 44.0
Car 873.85 657.0 179.3 140.8
HeavyTruck 1058.45 495.2 94.1 154.4
Car 1246.15 636.95 22.3 20.3
MotorCyclist 1302.15 630.5 6.7 16.2
MotorCyclist 1365.7 640.8 13.0 25.6
Car 1202.85 624.25 8.5 9.3
HeavyTruck 1214.05 616.3 10.1 14.2
HeavyTruck 1687.75 522.25 319.9 157.3
HeavyTruck 2349.7 533.85 140.2 142.5