MotorCyclist 347.6 672.3 31.6 62.2
HeavyTruck 583.85 602.7 154.9 71.0
Car 852.4 656.65 164.8 122.5
HeavyTruck 1083.0 500.3 98.4 148.6
Car 1276.55 633.9 22.7 19.0
MotorCyclist 1329.35 628.2 6.3 14.4
MotorCyclist 1388.45 636.05 12.1 24.5
van 2021.8 644.85 358.8 348.5
HeavyTruck 1666.55 540.85 167.5 112.5
Car 47.65 678.15 95.3 59.5
MotorCyclist 347.6 672.3 31.6 62.2
HeavyTruck 583.85 602.7 154.9 71.0
Car 852.4 656.65 164.8 122.5
HeavyTruck 1083.0 500.3 98.4 148.6
Car 1276.55 633.9 22.7 19.0
MotorCyclist 1329.35 628.2 6.3 14.4
MotorCyclist 1388.45 636.05 12.1 24.5
van 2021.8 644.85 358.8 348.5
HeavyTruck 1666.55 540.85 167.5 112.5