HeavyTruck 655.85 662.1 19.3 26.6
HeavyTruck 912.7 467.9 131.4 183.8
Pickup 1158.6 623.35 160.8 178.7
MotorCyclist 1406.65 644.9 17.3 53.0
MotorCyclist 1438.15 637.0 17.9 45.6
HeavyTruck 1491.85 571.45 67.7 70.1
Car 1636.8 624.65 54.8 23.3
Car 2213.5 647.3 125.4 45.4
Car 2426.5 649.45 89 55.3
HeavyTruck 413.55 590.8 117.1 72.4
HeavyTruck 655.85 662.1 19.3 26.6
HeavyTruck 912.7 467.9 131.4 183.8
Pickup 1158.6 623.35 160.8 178.7
MotorCyclist 1406.65 644.9 17.3 53.0
MotorCyclist 1438.15 637.0 17.9 45.6
HeavyTruck 1491.85 571.45 67.7 70.1
Car 1636.8 624.65 54.8 23.3
Car 2213.5 647.3 125.4 45.4
Car 2426.5 649.45 89 55.3