MotorCyclist 381.6 681.6 25.2 30.0
BiCyclist 495.35 667.8 11.5 25.6
HeavyTruck 561.25 609.4 84.9 68.0
HeavyTruck 756.3 609.3 48.2 41.0
HeavyTruck 928.7 487.2 127.0 178.8
Car 1019.65 665.45 175.7 164.5
MotorCyclist 1336.1 642.35 19.0 36.3
MotorCyclist 1370.15 646.35 13.1 21.9
MotorCyclist 1265.45 631.15 9.7 20.3
HeavyTruck 1382.75 590.7 33.5 36.6
Car 1496.85 623.65 37.7 15.3
HeavyTruck 1890.75 457.7 287.5 180.6
HeavyTruck 51.85 581.7 103.7 109.0
MotorCyclist 381.6 681.6 25.2 30.0
BiCyclist 495.35 667.8 11.5 25.6
HeavyTruck 561.25 609.4 84.9 68.0
HeavyTruck 756.3 609.3 48.2 41.0
HeavyTruck 928.7 487.2 127.0 178.8
Car 1019.65 665.45 175.7 164.5
MotorCyclist 1336.1 642.35 19.0 36.3
MotorCyclist 1370.15 646.35 13.1 21.9
MotorCyclist 1265.45 631.15 9.7 20.3
HeavyTruck 1382.75 590.7 33.5 36.6
Car 1496.85 623.65 37.7 15.3
HeavyTruck 1890.75 457.7 287.5 180.6