HeavyTruck 935.05 493.0 130.1 180.0
LightTruck 1064.3 639.95 154.2 173.9
Car 1265.35 663.2 32.7 34.4
HeavyTruck 1946.15 477.95 274.7 184.3
Pedestrian 1941.95 664.4 49.1 123.2
MotorCyclist 1708.55 674.35 43.9 105.1
MotorCyclist 1369.45 652.2 12.9 32.0
MotorCyclist 1347.45 652.05 11.3 25.7
MotorCyclist 1330.05 652.85 7.3 16.9
MotorCyclist 1621.75 681.65 53.5 118.5
Car 448.85 684.7 91.3 53.4
HeavyTruck 935.05 493.0 130.1 180.0
LightTruck 1064.3 639.95 154.2 173.9
Car 1265.35 663.2 32.7 34.4
HeavyTruck 1946.15 477.95 274.7 184.3
Pedestrian 1941.95 664.4 49.1 123.2
MotorCyclist 1708.55 674.35 43.9 105.1
MotorCyclist 1369.45 652.2 12.9 32.0
MotorCyclist 1347.45 652.05 11.3 25.7
MotorCyclist 1330.05 652.85 7.3 16.9
MotorCyclist 1621.75 681.65 53.5 118.5