BiCyclist 385.3 668.65 13.0 30.1
HeavyTruck 464.2 595.8 111.6 78.4
BiCyclist 610.15 652.95 10.7 31.5
HeavyTruck 724.55 604.2 60.7 49.6
Car 818.4 641.45 50.4 36.5
HeavyTruck 951.35 479.05 124.7 179.7
Pickup 1114.0 668.3 171.2 163.8
MotorCyclist 1382.4 642.6 17.6 38.8
MotorCyclist 1396.65 635.65 13.3 32.5
Car 1545.85 619.85 43.7 15.3
HeavyTruck 2153.65 415.75 270.9 221.5
MotorCyclist 304.95 676.9 29.9 35.8
BiCyclist 385.3 668.65 13.0 30.1
HeavyTruck 464.2 595.8 111.6 78.4
BiCyclist 610.15 652.95 10.7 31.5
HeavyTruck 724.55 604.2 60.7 49.6
Car 818.4 641.45 50.4 36.5
HeavyTruck 951.35 479.05 124.7 179.7
Pickup 1114.0 668.3 171.2 163.8
MotorCyclist 1382.4 642.6 17.6 38.8
MotorCyclist 1396.65 635.65 13.3 32.5
Car 1545.85 619.85 43.7 15.3
HeavyTruck 2153.65 415.75 270.9 221.5