MotorCyclist 551.0 658.9 23.2 25.8
HeavyTruck 918.65 466.4 124.9 185.2
Car 1154.35 620.9 161.9 177.4
Car 1711.65 624.3 71.7 24.6
MotorCyclist 1425.25 647.45 34.1 60.1
MotorCyclist 1479.85 643.0 20.5 54
HeavyTruck 1558.0 559.75 81.2 86.7
HeavyTruck 246.9 577.9 159.4 81.0
MotorCyclist 551.0 658.9 23.2 25.8
HeavyTruck 918.65 466.4 124.9 185.2
Car 1154.35 620.9 161.9 177.4
Car 1711.65 624.3 71.7 24.6
MotorCyclist 1425.25 647.45 34.1 60.1
MotorCyclist 1479.85 643.0 20.5 54
HeavyTruck 1558.0 559.75 81.2 86.7