Car 812.4 655.8 39.6 33.6
HeavyTruck 911.75 483.6 138.7 185.2
Pickup 1082.75 627.6 156.7 177.6
MotorCyclist 1320.95 640.75 8.7 26.3
MotorCyclist 1342.5 638.4 11.4 29.6
MotorCyclist 1502.25 661.35 45.7 91.5
MotorCyclist 1584.6 648.45 27.6 82.1
Pedestrian 1635.85 644.4 24.9 74.0
HeavyTruck 1747.45 516.6 164.9 125.2
Motorcycle 1966.5 638.8 45.8 27.6
Car 27.6 696.7 55.2 70.6
Car 812.4 655.8 39.6 33.6
HeavyTruck 911.75 483.6 138.7 185.2
Pickup 1082.75 627.6 156.7 177.6
MotorCyclist 1320.95 640.75 8.7 26.3
MotorCyclist 1342.5 638.4 11.4 29.6
MotorCyclist 1502.25 661.35 45.7 91.5
MotorCyclist 1584.6 648.45 27.6 82.1
Pedestrian 1635.85 644.4 24.9 74.0
HeavyTruck 1747.45 516.6 164.9 125.2
Motorcycle 1966.5 638.8 45.8 27.6