MotorCyclist 2331.25 700.2 152.5 287.6
Car 2148.95 624.4 105.1 50.0
Car 1849.7 627.8 81.8 39.6
Pedestrian 1437.25 627.05 18.1 41.3
MotorCyclist 1390.65 640.35 18.1 43.9
Car 1259.3 655.35 75.8 60.3
HeavyTruck 962.65 494.3 109.3 148.2
Car 908.75 661.05 132.7 119.7
Car 752.55 659.7 43.9 31.0
van 2388.1 618.45 114.6 68.9
MotorCyclist 2331.25 700.2 152.5 287.6
Car 2148.95 624.4 105.1 50.0
Car 1849.7 627.8 81.8 39.6
Pedestrian 1437.25 627.05 18.1 41.3
MotorCyclist 1390.65 640.35 18.1 43.9
Car 1259.3 655.35 75.8 60.3
HeavyTruck 962.65 494.3 109.3 148.2
Car 908.75 661.05 132.7 119.7
Car 752.55 659.7 43.9 31.0