MotorCyclist 341.75 695.4 21.5 44.0
MotorCyclist 700.45 670.1 18.9 37.8
HeavyTruck 963.9 504.7 122.6 178.6
LightTruck 1080.45 648.8 152.9 170.4
Car 1274.1 669.45 43.0 38.9
MotorCyclist 1348.7 661.5 9.0 17.4
MotorCyclist 1378.4 659.5 13.2 29.8
MotorCyclist 1414.55 661.9 15.9 40.2
Car 2050.3 657.3 94.6 32.6
Car 2000.75 653.25 74.3 35.7
Car 1918.75 654.45 72.3 30.1
MotorCyclist 2218.75 779.9 227.5 347.0
MotorCyclist 341.75 695.4 21.5 44.0
MotorCyclist 700.45 670.1 18.9 37.8
HeavyTruck 963.9 504.7 122.6 178.6
LightTruck 1080.45 648.8 152.9 170.4
Car 1274.1 669.45 43.0 38.9
MotorCyclist 1348.7 661.5 9.0 17.4
MotorCyclist 1378.4 659.5 13.2 29.8
MotorCyclist 1414.55 661.9 15.9 40.2
Car 2050.3 657.3 94.6 32.6
Car 2000.75 653.25 74.3 35.7
Car 1918.75 654.45 72.3 30.1