Car 1915.1 620.05 47.4 17.3
Car 1863.9 620.05 48.2 24.1
van 1861.4 605.0 56.8 21.6
Car 1786.8 617.15 56.0 21.5
MotorCyclist 1475.45 643.35 29.3 60.3
MotorCyclist 1385.45 636.0 18.1 38.8
Car 1249.05 671.7 113.7 93.0
HeavyTruck 1171.15 616.6 26.7 17.2
Car 1186.6 630.4 16.4 10.4
HeavyTruck 999.25 509.4 103.3 140.4
Car 870.4 654.1 118.0 92.2
MotorCyclist 748.55 649.4 15.5 27.6
Car 45.7 921.55 91.4 223.9
Pedestrian 2131.3 640.7 59.4 182.6
Car 1915.1 620.05 47.4 17.3
Car 1863.9 620.05 48.2 24.1
van 1861.4 605.0 56.8 21.6
Car 1786.8 617.15 56.0 21.5
MotorCyclist 1475.45 643.35 29.3 60.3
MotorCyclist 1385.45 636.0 18.1 38.8
Car 1249.05 671.7 113.7 93.0
HeavyTruck 1171.15 616.6 26.7 17.2
Car 1186.6 630.4 16.4 10.4
HeavyTruck 999.25 509.4 103.3 140.4
Car 870.4 654.1 118.0 92.2
MotorCyclist 748.55 649.4 15.5 27.6
Car 45.7 921.55 91.4 223.9