Pedestrian 567.75 668.9 11.1 33.0
LargeBus 684.8 618.4 77.6 55.2
Car 686.8 702.75 190.4 131.5
Car 1055.55 654.1 17.1 12.6
HeavyTruck 1111.6 533.25 80.4 120.5
Pickup 1255.3 637.95 47.0 48.7
Car 1331.0 708.5 226.8 192.6
MotorCyclist 1665.7 657.5 39.4 93.0
Truck 2521.0 511.1 26 57.4
Car 2460.1 610.0 66.6 26.8
MotorCyclist 457.4 675.75 22.4 39.5
Pedestrian 567.75 668.9 11.1 33.0
LargeBus 684.8 618.4 77.6 55.2
Car 686.8 702.75 190.4 131.5
Car 1055.55 654.1 17.1 12.6
HeavyTruck 1111.6 533.25 80.4 120.5
Pickup 1255.3 637.95 47.0 48.7
Car 1331.0 708.5 226.8 192.6
MotorCyclist 1665.7 657.5 39.4 93.0
Truck 2521.0 511.1 26 57.4
Car 2460.1 610.0 66.6 26.8