BiCyclist 778.5 624.25 9.4 24.1
Car 868.4 625.7 45.6 28.6
LargeBus 888.35 598.0 29.9 39.6
Car 1001.65 631.25 104.9 84.5
HeavyTruck 1032.8 492.45 89.6 128.5
Car 1199.35 618.75 13.5 9.9
Truck 1165.05 600.8 12.9 18.0
Car 1261.55 664.85 149.5 125.3
Car 1954.15 613.2 62.7 29.6
van 2080.8 604.55 66.4 31.9
Car 2091.2 611.55 61.2 30.3
Car 2172.85 617.35 59.7 29.1
MotorCyclist 2498.4 639.2 21.2 24.8
MotorCyclist 1546.05 635.45 30.1 71.7
HeavyTruck 2003.0 514.25 8.4 14.5
Car 151.1 741.0 302.2 260.0
BiCyclist 778.5 624.25 9.4 24.1
Car 868.4 625.7 45.6 28.6
LargeBus 888.35 598.0 29.9 39.6
Car 1001.65 631.25 104.9 84.5
HeavyTruck 1032.8 492.45 89.6 128.5
Car 1199.35 618.75 13.5 9.9
Truck 1165.05 600.8 12.9 18.0
Car 1261.55 664.85 149.5 125.3
Car 1954.15 613.2 62.7 29.6
van 2080.8 604.55 66.4 31.9
Car 2091.2 611.55 61.2 30.3
Car 2172.85 617.35 59.7 29.1
MotorCyclist 2498.4 639.2 21.2 24.8
MotorCyclist 1546.05 635.45 30.1 71.7
HeavyTruck 2003.0 514.25 8.4 14.5