Pedestrian 649.25 683.85 11.3 45.3
Pedestrian 676.35 685.65 5.9 42.9
Pedestrian 715.95 685.05 13.1 43.3
LargeBus 798.7 629.75 92.2 75.9
Car 1096.4 706.15 152.4 114.3
Truck 1343.4 553.95 70.4 115.1
Car 1457.6 662.35 11.6 9.1
Car 1484.55 659.35 9.5 13.5
Car 1530.3 663.5 63.4 62.2
Car 1739.0 753.75 303.2 230.3
BiCyclist 362.6 700.6 28.0 63.6
Pedestrian 649.25 683.85 11.3 45.3
Pedestrian 676.35 685.65 5.9 42.9
Pedestrian 715.95 685.05 13.1 43.3
LargeBus 798.7 629.75 92.2 75.9
Car 1096.4 706.15 152.4 114.3
Truck 1343.4 553.95 70.4 115.1
Car 1457.6 662.35 11.6 9.1
Car 1484.55 659.35 9.5 13.5
Car 1530.3 663.5 63.4 62.2
Car 1739.0 753.75 303.2 230.3