Pedestrian 529.6 682.5 12.8 50.6
Pedestrian 583.0 684.05 15.2 49.7
LargeBus 659.15 608.95 124.3 96.7
HeavyTruck 982.2 635.65 63.6 37.7
Car 1164.7 659.5 33.8 19.4
Car 1282.95 693.55 127.1 105.5
HeavyTruck 1376.75 543.8 66.7 110.8
MotorCyclist 1482.9 655.3 11.0 19.4
MotorCyclist 1515.45 654.65 6.1 12.9
MotorCyclist 1535.65 655.95 7.7 15.5
Pickup 1589.45 656.3 64.9 59.0
Pedestrian 1821.15 656.05 11.5 42.1
MotorCyclist 1905.85 669.75 34.9 63.9
Car 2086.75 798.95 315.5 325.9
Pedestrian 487.05 679.4 20.5 53.6
Pedestrian 529.6 682.5 12.8 50.6
Pedestrian 583.0 684.05 15.2 49.7
LargeBus 659.15 608.95 124.3 96.7
HeavyTruck 982.2 635.65 63.6 37.7
Car 1164.7 659.5 33.8 19.4
Car 1282.95 693.55 127.1 105.5
HeavyTruck 1376.75 543.8 66.7 110.8
MotorCyclist 1482.9 655.3 11.0 19.4
MotorCyclist 1515.45 654.65 6.1 12.9
MotorCyclist 1535.65 655.95 7.7 15.5
Pickup 1589.45 656.3 64.9 59.0
Pedestrian 1821.15 656.05 11.5 42.1
MotorCyclist 1905.85 669.75 34.9 63.9
Car 2086.75 798.95 315.5 325.9