Car 2032.8 621.35 62.0 19.9
Car 1965.55 615.35 65.5 21.5
van 1953.95 597.65 55.9 24.1
Car 1864.75 613.7 60.3 25.0
Car 1817.8 619.65 38.8 23.3
MotorCyclist 1519.9 640.3 25.0 64.6
MotorCyclist 1417.8 629.15 17.2 31.9
Car 1255.5 671.35 133.4 105.9
Truck 1166.1 607.1 15.4 18.6
Car 1203.55 620.35 9.5 11.1
Car 107.9 804.6 215.8 333.6
MotorCyclist 551.2 649.05 22.4 41.3
HeavyTruck 1023.95 503.5 95.5 141.4
LightTruck 928.55 640.15 116.7 94.3
Car 2345.75 606.25 71.5 34.5
Car 2032.8 621.35 62.0 19.9
Car 1965.55 615.35 65.5 21.5
van 1953.95 597.65 55.9 24.1
Car 1864.75 613.7 60.3 25.0
Car 1817.8 619.65 38.8 23.3
MotorCyclist 1519.9 640.3 25.0 64.6
MotorCyclist 1417.8 629.15 17.2 31.9
Car 1255.5 671.35 133.4 105.9
Truck 1166.1 607.1 15.4 18.6
Car 1203.55 620.35 9.5 11.1
Car 107.9 804.6 215.8 333.6
MotorCyclist 551.2 649.05 22.4 41.3
HeavyTruck 1023.95 503.5 95.5 141.4
LightTruck 928.55 640.15 116.7 94.3