Car 422.7 697.3 242.2 158.2
LargeBus 701.15 599.55 56.3 49.1
Truck 1004.0 511.8 83.2 126.8
LightTruck 1097.3 629.9 68.2 73.4
Car 1209.45 689.8 199.7 165.2
van 2389.2 589.95 88.0 42.3
Car 2206.7 605.65 81.0 28.9
MotorCyclist 1530.85 639.9 34.9 82.6
Car 13.4 685.65 26.8 47.7
Car 422.7 697.3 242.2 158.2
LargeBus 701.15 599.55 56.3 49.1
Truck 1004.0 511.8 83.2 126.8
LightTruck 1097.3 629.9 68.2 73.4
Car 1209.45 689.8 199.7 165.2
van 2389.2 589.95 88.0 42.3
Car 2206.7 605.65 81.0 28.9
MotorCyclist 1530.85 639.9 34.9 82.6