Car 601.35 709.85 242.3 181.7
TricycleOpenMotor 1015.1 637.45 42.2 35.3
HeavyTruck 1105.35 598.5 32.3 45.8
Truck 1164.55 535.3 67.9 116.2
Pedestrian 1271.95 633.75 5.1 12.7
Car 1348.25 635.2 49.7 29.6
LightTruck 1380.7 643.85 61.4 52.9
Truck 1865.7 590.25 145.0 66.1
MotorCyclist 2522.35 764.8 25.1 110.0
Pedestrian 2188.5 678.95 15.0 40.3
Motorcycle 2310.75 654.75 50.7 45.9
MotorCyclist 1299.6 634.7 5.6 12.6
HeavyTruck 229.85 602.25 94.5 94.5
Car 601.35 709.85 242.3 181.7
TricycleOpenMotor 1015.1 637.45 42.2 35.3
HeavyTruck 1105.35 598.5 32.3 45.8
Truck 1164.55 535.3 67.9 116.2
Pedestrian 1271.95 633.75 5.1 12.7
Car 1348.25 635.2 49.7 29.6
LightTruck 1380.7 643.85 61.4 52.9
Truck 1865.7 590.25 145.0 66.1
MotorCyclist 2522.35 764.8 25.1 110.0
Pedestrian 2188.5 678.95 15.0 40.3
Motorcycle 2310.75 654.75 50.7 45.9
MotorCyclist 1299.6 634.7 5.6 12.6