HeavyTruck 469.2 607.55 68.8 58.7
Car 841.8 633.5 62.0 44.6
Car 1089.95 668.5 155.1 132.2
HeavyTruck 1084.5 580.35 14.6 27.1
LightTruck 1367.0 617.25 67.6 55.7
Truck 1712.15 584.45 137.9 57.7
Pedestrian 2333.15 645.15 29.1 115.1
MotorCyclist 2156.7 652.4 74.2 124.8
TricycleClosed 1140.0 492.55 70.4 97.9
Car 281.15 655.1 142.7 48.6
HeavyTruck 469.2 607.55 68.8 58.7
Car 841.8 633.5 62.0 44.6
Car 1089.95 668.5 155.1 132.2
HeavyTruck 1084.5 580.35 14.6 27.1
LightTruck 1367.0 617.25 67.6 55.7
Truck 1712.15 584.45 137.9 57.7
Pedestrian 2333.15 645.15 29.1 115.1
MotorCyclist 2156.7 652.4 74.2 124.8
TricycleClosed 1140.0 492.55 70.4 97.9