HeavyTruck 915.3 581.8 69.8 85.2
HeavyTruck 1054.8 565.9 62.8 87.8
Car 1150.3 647.2 19.8 16.4
Truck 1221.4 549.9 62.0 104.2
Pickup 1357.05 655.05 57.7 52.5
Car 1556.0 651.95 128.4 49.9
MotorCyclist 1739.95 666.95 20.7 49.1
MotorCyclist 1879.35 666.6 37.9 62.0
BiCyclist 240.0 692.9 66.4 59.4
HeavyTruck 915.3 581.8 69.8 85.2
HeavyTruck 1054.8 565.9 62.8 87.8
Car 1150.3 647.2 19.8 16.4
Truck 1221.4 549.9 62.0 104.2
Pickup 1357.05 655.05 57.7 52.5
Car 1556.0 651.95 128.4 49.9
MotorCyclist 1739.95 666.95 20.7 49.1
MotorCyclist 1879.35 666.6 37.9 62.0