TricycleOpenMotor 829.2 676.45 56.0 57.7
Truck 1209.35 574.95 65.5 105.9
HeavyTruck 1134.4 621.0 39.6 56.8
HeavyTruck 1085.45 627.85 24.1 46.5
Car 1411.75 677.8 60.3 50.0
MotorCyclist 1530.15 678.2 14.7 33.6
van 1483.2 669.25 62.0 29.3
MotorCyclist 1620.65 671.7 12.9 31.0
BiCyclist 696.1 696.8 20.6 29.2
TricycleOpenMotor 829.2 676.45 56.0 57.7
Truck 1209.35 574.95 65.5 105.9
HeavyTruck 1134.4 621.0 39.6 56.8
HeavyTruck 1085.45 627.85 24.1 46.5
Car 1411.75 677.8 60.3 50.0
MotorCyclist 1530.15 678.2 14.7 33.6
van 1483.2 669.25 62.0 29.3
MotorCyclist 1620.65 671.7 12.9 31.0