Car 277.55 713.95 144.7 94.7
Truck 432.5 646.8 86.2 67.2
HeavyTruck 658.2 582.6 96.4 100.8
Car 875.15 659.25 20.7 12.9
Truck 945.45 590.85 47.3 75.7
Truck 1016.0 635.6 16.4 17.2
Car 1088.4 652.4 33.6 33.6
MotorCyclist 1291.2 660.6 22.4 39.6
Pedestrian 1347.2 656.35 17.2 37.9
MotorCyclist 1412.7 652.8 13.8 34.4
MotorCyclist 2398.3 713.1 107.8 217.0
HeavyTruck 53.9 267.4 107.8 490.0
Car 277.55 713.95 144.7 94.7
Truck 432.5 646.8 86.2 67.2
HeavyTruck 658.2 582.6 96.4 100.8
Car 875.15 659.25 20.7 12.9
Truck 945.45 590.85 47.3 75.7
Truck 1016.0 635.6 16.4 17.2
Car 1088.4 652.4 33.6 33.6
MotorCyclist 1291.2 660.6 22.4 39.6
Pedestrian 1347.2 656.35 17.2 37.9
MotorCyclist 1412.7 652.8 13.8 34.4
MotorCyclist 2398.3 713.1 107.8 217.0