Car 327.05 683.35 85.3 71.5
van 400.65 634.35 63.7 49.1
HeavyTruck 557.85 577.5 68.1 76.6
Car 681.8 645.1 16.4 8.6
Truck 760.65 569.2 46.5 84.4
Car 900.25 643.8 36.1 33.6
MotorCyclist 1105.6 646.75 23.2 43.1
MotorCyclist 1211.95 643.4 15.5 29.2
MotorCyclist 2276.4 697.65 174.0 175.7
HeavyTruck 80.55 271.7 161.1 543.4
Car 327.05 683.35 85.3 71.5
van 400.65 634.35 63.7 49.1
HeavyTruck 557.85 577.5 68.1 76.6
Car 681.8 645.1 16.4 8.6
Truck 760.65 569.2 46.5 84.4
Car 900.25 643.8 36.1 33.6
MotorCyclist 1105.6 646.75 23.2 43.1
MotorCyclist 1211.95 643.4 15.5 29.2
MotorCyclist 2276.4 697.65 174.0 175.7