BiCyclist 874.75 660.2 34.7 26.8
MotorCyclist 979.3 649.4 8.2 16.4
Car 1077.4 654.15 28.0 21.1
HeavyTruck 1118.6 623.05 20.4 27.3
Truck 1175.2 626.3 38.0 34.6
HeavyTruck 1211.05 584.05 39.3 68.5
Pickup 1301.5 644.0 24.2 22.0
Car 1272.75 636.5 12.3 9.4
MotorCyclist 1383.9 648.6 9.4 17.6
MotorCyclist 1372.7 646.35 7.4 15.1
BiCyclist 1508.9 651.45 10.2 25.3
MotorCyclist 1743.0 662.05 30 63.3
Car 2018.85 555.35 314.1 121.1
MotorCyclist 2193.45 671.55 38.5 63.1
MotorCyclist 677.25 665.25 13.3 30.1
BiCyclist 874.75 660.2 34.7 26.8
MotorCyclist 979.3 649.4 8.2 16.4
Car 1077.4 654.15 28.0 21.1
HeavyTruck 1118.6 623.05 20.4 27.3
Truck 1175.2 626.3 38.0 34.6
HeavyTruck 1211.05 584.05 39.3 68.5
Pickup 1301.5 644.0 24.2 22.0
Car 1272.75 636.5 12.3 9.4
MotorCyclist 1383.9 648.6 9.4 17.6
MotorCyclist 1372.7 646.35 7.4 15.1
BiCyclist 1508.9 651.45 10.2 25.3
MotorCyclist 1743.0 662.05 30 63.3
Car 2018.85 555.35 314.1 121.1
MotorCyclist 2193.45 671.55 38.5 63.1