HeavyTruck 594.9 575.5 129.8 106.2
HeavyTruck 693.55 577.45 106.3 88.9
TricycleOpenMotor 929.7 606.9 37.8 42.2
MotorCyclist 850.0 643.5 9.2 19.4
HeavyTruck 1057.0 570.85 47.2 76.1
Pickup 1144.35 638.1 20.3 19.0
MotorCyclist 1287.85 645.1 12.1 23.8
BiCyclist 1272.05 640.55 7.7 18.7
Truck 1206.5 633.65 10.2 12.9
Car 186.95 690.05 118.3 71.7
HeavyTruck 594.9 575.5 129.8 106.2
HeavyTruck 693.55 577.45 106.3 88.9
TricycleOpenMotor 929.7 606.9 37.8 42.2
MotorCyclist 850.0 643.5 9.2 19.4
HeavyTruck 1057.0 570.85 47.2 76.1
Pickup 1144.35 638.1 20.3 19.0
MotorCyclist 1287.85 645.1 12.1 23.8
BiCyclist 1272.05 640.55 7.7 18.7
Truck 1206.5 633.65 10.2 12.9