Car 621.3 640.0 56.6 35.2
HeavyTruck 766.2 568.1 68.4 68.6
HeavyTruck 860.2 573.65 61.6 58.9
HeavyTruck 948.75 587.7 30.3 39.8
HeavyTruck 1064.75 548.35 43.5 73.9
Pickup 1143.45 613.35 18.9 19.5
MotorCyclist 1277.95 619.85 10.3 24.5
BiCyclist 1262.9 616.35 6.6 18.3
BiCyclist 1729.3 645.55 26.6 72.3
Truck 2023.5 556.7 135 106.2
MotorCyclist 2456.65 651.85 38.1 77.3
Car 2305.35 611.45 83.9 39.7
MotorCyclist 393.4 653.85 125.2 128.5
Car 621.3 640.0 56.6 35.2
HeavyTruck 766.2 568.1 68.4 68.6
HeavyTruck 860.2 573.65 61.6 58.9
HeavyTruck 948.75 587.7 30.3 39.8
HeavyTruck 1064.75 548.35 43.5 73.9
Pickup 1143.45 613.35 18.9 19.5
MotorCyclist 1277.95 619.85 10.3 24.5
BiCyclist 1262.9 616.35 6.6 18.3
BiCyclist 1729.3 645.55 26.6 72.3
Truck 2023.5 556.7 135 106.2
MotorCyclist 2456.65 651.85 38.1 77.3
Car 2305.35 611.45 83.9 39.7