MotorCyclist 844.65 674.0 39.3 33.6
MotorCyclist 916.15 668.65 9.9 20.5
Car 1009.25 673.5 36.9 28.6
Car 1073.0 664.55 19.2 13.9
HeavyTruck 1089.15 635.1 23.1 28.2
HeavyTruck 1142.7 638.1 23.4 28.2
HeavyTruck 1197.95 598.2 40.7 68.8
Pickup 1280.55 660.55 20.7 19.9
MotorCyclist 1374.8 664.9 11.2 17.8
BiCyclist 1530.45 670.9 10.9 28.6
Truck 1625.5 635.4 39.4 39.2
MotorCyclist 1812.65 687.6 38.5 73.6
HeavyTruck 2180.35 539.4 253.1 174.4
MotorCyclist 2514.1 706.85 30.6 76.5
MotorCyclist 613.85 685.6 16.5 30.0
MotorCyclist 844.65 674.0 39.3 33.6
MotorCyclist 916.15 668.65 9.9 20.5
Car 1009.25 673.5 36.9 28.6
Car 1073.0 664.55 19.2 13.9
HeavyTruck 1089.15 635.1 23.1 28.2
HeavyTruck 1142.7 638.1 23.4 28.2
HeavyTruck 1197.95 598.2 40.7 68.8
Pickup 1280.55 660.55 20.7 19.9
MotorCyclist 1374.8 664.9 11.2 17.8
BiCyclist 1530.45 670.9 10.9 28.6
Truck 1625.5 635.4 39.4 39.2
MotorCyclist 1812.65 687.6 38.5 73.6
HeavyTruck 2180.35 539.4 253.1 174.4
MotorCyclist 2514.1 706.85 30.6 76.5