Car 833.2 663.15 61.6 45.1
Car 990.1 646.05 22.2 16.5
HeavyTruck 1016.5 612.75 28.2 32.3
HeavyTruck 1077.3 614.75 26.6 28.3
HeavyTruck 1148.55 577.3 42.3 69.4
Pickup 1226.9 639.15 21.4 19.9
Truck 1306.2 620.85 19.2 23.3
MotorCyclist 1333.7 646.55 9.4 17.1
MotorCyclist 1323.0 639.35 7.2 15.1
BiCyclist 1532.2 654.55 15.2 35.5
Truck 1647.15 610.85 47.1 49.3
MotorCyclist 1935.9 675.45 47.0 94.5
HeavyTruck 2455.45 455.15 69.7 213.5
MotorCyclist 774.45 657.75 35.3 41.5
Car 833.2 663.15 61.6 45.1
Car 990.1 646.05 22.2 16.5
HeavyTruck 1016.5 612.75 28.2 32.3
HeavyTruck 1077.3 614.75 26.6 28.3
HeavyTruck 1148.55 577.3 42.3 69.4
Pickup 1226.9 639.15 21.4 19.9
Truck 1306.2 620.85 19.2 23.3
MotorCyclist 1333.7 646.55 9.4 17.1
MotorCyclist 1323.0 639.35 7.2 15.1
BiCyclist 1532.2 654.55 15.2 35.5
Truck 1647.15 610.85 47.1 49.3
MotorCyclist 1935.9 675.45 47.0 94.5
HeavyTruck 2455.45 455.15 69.7 213.5