MotorCyclist 714.25 649.75 15.7 33.5
HeavyTruck 826.95 580.2 77.5 70.4
Car 1000.65 638.4 28.1 21.6
HeavyTruck 1119.05 565.5 53.3 80.6
Pickup 1214.7 636.05 19.0 19.3
MotorCyclist 1379.45 645.75 13.3 27.1
MotorCyclist 1348.75 640.55 11.9 21.9
MotorCyclist 1326.15 632.8 9.5 20.4
MotorCyclist 1288.45 636.25 4.9 11.3
HeavyTruck 1232.25 623.0 15.3 15.6
Car 1194.95 618.85 15.9 21.3
TricycleClosed 610.85 650.75 28.9 40.3
MotorCyclist 714.25 649.75 15.7 33.5
HeavyTruck 826.95 580.2 77.5 70.4
Car 1000.65 638.4 28.1 21.6
HeavyTruck 1119.05 565.5 53.3 80.6
Pickup 1214.7 636.05 19.0 19.3
MotorCyclist 1379.45 645.75 13.3 27.1
MotorCyclist 1348.75 640.55 11.9 21.9
MotorCyclist 1326.15 632.8 9.5 20.4
MotorCyclist 1288.45 636.25 4.9 11.3
HeavyTruck 1232.25 623.0 15.3 15.6
Car 1194.95 618.85 15.9 21.3