BiCyclist 719.55 641.6 11.9 27.2
Car 866.6 631.75 40.0 26.3
HeavyTruck 1087.8 543.25 60.4 94.9
Pickup 1208.55 624.3 17.5 20.6
Truck 1182.45 606.6 18.1 23.2
HeavyTruck 1228.95 616.15 13.9 18.3
TricycleClosed 1279.35 623.85 12.7 17.7
MotorCyclist 1303.55 632.25 6.3 15.7
MotorCyclist 1336.5 640.7 6.2 14.2
MotorCyclist 1379.65 639.05 17.3 38.1
MotorCyclist 1420.9 640.3 17.4 33.0
MotorCyclist 1454.8 648.4 22.8 52.0
BiCyclist 2376.85 670.9 32.5 68.2
MotorCyclist 508.0 651.45 19.6 38.1
BiCyclist 719.55 641.6 11.9 27.2
Car 866.6 631.75 40.0 26.3
HeavyTruck 1087.8 543.25 60.4 94.9
Pickup 1208.55 624.3 17.5 20.6
Truck 1182.45 606.6 18.1 23.2
HeavyTruck 1228.95 616.15 13.9 18.3
TricycleClosed 1279.35 623.85 12.7 17.7
MotorCyclist 1303.55 632.25 6.3 15.7
MotorCyclist 1336.5 640.7 6.2 14.2
MotorCyclist 1379.65 639.05 17.3 38.1
MotorCyclist 1420.9 640.3 17.4 33.0
MotorCyclist 1454.8 648.4 22.8 52.0
BiCyclist 2376.85 670.9 32.5 68.2