Car 631.5 649.25 75.4 48.5
HeavyTruck 1086.5 544.3 63.0 99.0
Pickup 1214.0 632.4 16.8 19.2
TricycleClosed 1289.1 626.0 14.6 19.2
Car 1185.95 609.9 20.3 24.2
MotorCyclist 1313.9 635.35 5.8 16.7
MotorCyclist 1348.0 637.35 8 19.9
MotorCyclist 1400.75 641.0 19.1 42.8
MotorCyclist 1476.25 654.2 28.5 62.4
MotorCyclist 1451.25 642.55 18.9 40.3
MotorCyclist 522.8 658.15 17.6 36.7
Car 631.5 649.25 75.4 48.5
HeavyTruck 1086.5 544.3 63.0 99.0
Pickup 1214.0 632.4 16.8 19.2
TricycleClosed 1289.1 626.0 14.6 19.2
Car 1185.95 609.9 20.3 24.2
MotorCyclist 1313.9 635.35 5.8 16.7
MotorCyclist 1348.0 637.35 8 19.9
MotorCyclist 1400.75 641.0 19.1 42.8
MotorCyclist 1476.25 654.2 28.5 62.4
MotorCyclist 1451.25 642.55 18.9 40.3