MotorCyclist 842.95 648.0 31.9 56
HeavyTruck 842.1 612.0 47.4 28.4
HeavyTruck 960.45 461.2 136.1 192.0
Truck 2433.25 539.65 84.5 142.1
Pedestrian 2311.3 647.65 30.2 68.9
Pedestrian 1994.4 625.65 23.2 52.5
Motorcycle 1888.9 626.15 43.0 43.1
MotorCyclist 1785.15 660.1 55.9 104.2
MotorCyclist 1526.3 629.2 48.2 90.4
MotorCyclist 1636.6 624.4 17.2 22.4
TricycleClosed 1453.5 616.7 47.4 75.8
MotorCyclist 1367.8 628.65 10.4 24.1
Car 1302.0 629.15 23.2 21.5
Pickup 1212.0 629.05 22.4 18.1
Truck 1211.6 605.4 28.4 32.8
MotorCyclist 74.25 684.35 41.3 66.3
MotorCyclist 842.95 648.0 31.9 56
HeavyTruck 842.1 612.0 47.4 28.4
HeavyTruck 960.45 461.2 136.1 192.0
Truck 2433.25 539.65 84.5 142.1
Pedestrian 2311.3 647.65 30.2 68.9
Pedestrian 1994.4 625.65 23.2 52.5
Motorcycle 1888.9 626.15 43.0 43.1
MotorCyclist 1785.15 660.1 55.9 104.2
MotorCyclist 1526.3 629.2 48.2 90.4
MotorCyclist 1636.6 624.4 17.2 22.4
TricycleClosed 1453.5 616.7 47.4 75.8
MotorCyclist 1367.8 628.65 10.4 24.1
Car 1302.0 629.15 23.2 21.5
Pickup 1212.0 629.05 22.4 18.1
Truck 1211.6 605.4 28.4 32.8