MotorCyclist 1871.7 647.2 98.2 185.2
TricycleClosed 1626.25 609.4 103.3 130.0
BiCyclist 1793.35 638.6 10.3 23.2
van 1531.15 626.55 26.7 26.7
Pedestrian 1421.6 629.55 11.2 25.9
MotorCyclist 1389.85 629.6 12.9 29.2
Car 1294.7 627.4 25.8 21.6
Pickup 1198.2 628.3 22.4 19.8
HeavyTruck 956.25 442.65 148.1 210.1
MotorCyclist 92.3 690.8 115.4 213.6
HeavyTruck 730.5 604.55 48.2 37.9
Truck 812.8 614.0 23.2 22.4
Motorcycle 2402.7 635.25 64.6 74.9
MotorCyclist 1871.7 647.2 98.2 185.2
TricycleClosed 1626.25 609.4 103.3 130.0
BiCyclist 1793.35 638.6 10.3 23.2
van 1531.15 626.55 26.7 26.7
Pedestrian 1421.6 629.55 11.2 25.9
MotorCyclist 1389.85 629.6 12.9 29.2
Car 1294.7 627.4 25.8 21.6
Pickup 1198.2 628.3 22.4 19.8
HeavyTruck 956.25 442.65 148.1 210.1
MotorCyclist 92.3 690.8 115.4 213.6
HeavyTruck 730.5 604.55 48.2 37.9
Truck 812.8 614.0 23.2 22.4