Truck 2061.95 540.5 144.7 143.8
Truck 1906.1 606.3 81.0 86.2
LightTruck 1810.05 600.25 68.1 74.1
Pedestrian 1772.6 646.3 17.2 42.2
Pedestrian 1702.85 641.1 18.9 42.2
MotorCyclist 1513.35 655.85 25.9 57.7
MotorCyclist 1395.8 643.35 28.4 60.3
TricycleClosed 1361.35 627.8 31.9 50.0
MotorCyclist 132.35 700.15 37.1 60.3
MotorCyclist 324.4 688.6 28.4 50.8
Pedestrian 709.4 665.6 15.6 28.4
EngineTruck 868.2 627.85 28.4 26.1
HeavyTruck 957.55 500.15 120.3 160.3
Pickup 1157.65 641.15 21.7 19.5
MotorCyclist 1321.85 644.8 7.3 20.0
Pedestrian 1304.85 642.0 8.9 21.2
Car 1269.8 639.2 21.2 20.0
Car 1466.55 624.7 25.1 17.8
Pedestrian 1644.9 633.1 27.8 27.8
Truck 1169.35 615.5 18.3 30.6
Truck 1206.3 620.3 19.0 22.2
TricycleOpenMotor 2370.7 626.2 87.0 84.4
Truck 2061.95 540.5 144.7 143.8
Truck 1906.1 606.3 81.0 86.2
LightTruck 1810.05 600.25 68.1 74.1
Pedestrian 1772.6 646.3 17.2 42.2
Pedestrian 1702.85 641.1 18.9 42.2
MotorCyclist 1513.35 655.85 25.9 57.7
MotorCyclist 1395.8 643.35 28.4 60.3
TricycleClosed 1361.35 627.8 31.9 50.0
MotorCyclist 132.35 700.15 37.1 60.3
MotorCyclist 324.4 688.6 28.4 50.8
Pedestrian 709.4 665.6 15.6 28.4
EngineTruck 868.2 627.85 28.4 26.1
HeavyTruck 957.55 500.15 120.3 160.3
Pickup 1157.65 641.15 21.7 19.5
MotorCyclist 1321.85 644.8 7.3 20.0
Pedestrian 1304.85 642.0 8.9 21.2
Car 1269.8 639.2 21.2 20.0
Car 1466.55 624.7 25.1 17.8
Pedestrian 1644.9 633.1 27.8 27.8
Truck 1169.35 615.5 18.3 30.6
Truck 1206.3 620.3 19.0 22.2