Pedestrian 813.3 645.6 12.2 30.0
Pedestrian 858.65 652.9 10.1 17.4
Pedestrian 891.1 650.8 7.4 21.6
HeavyTruck 944.4 611.0 14.8 20.0
HeavyTruck 1015.0 512.15 92.8 132.3
Pickup 1196.45 625.55 18.9 19.5
Truck 1178.8 603.65 21.6 28.5
Truck 1225.75 610.8 16.3 21.6
Car 1278.9 629.8 17.4 15.2
TricycleClosed 1319.75 621.35 21.1 36.3
MotorCyclist 1361.9 631.15 19.0 41.1
MotorCyclist 1397.1 637.95 11.0 29.5
MotorCyclist 1654.95 643.95 16.3 31.1
Truck 1611.9 580.4 50.6 49.6
MotorCyclist 745.1 646.9 12.6 24.2
Pedestrian 813.3 645.6 12.2 30.0
Pedestrian 858.65 652.9 10.1 17.4
Pedestrian 891.1 650.8 7.4 21.6
HeavyTruck 944.4 611.0 14.8 20.0
HeavyTruck 1015.0 512.15 92.8 132.3
Pickup 1196.45 625.55 18.9 19.5
Truck 1178.8 603.65 21.6 28.5
Truck 1225.75 610.8 16.3 21.6
Car 1278.9 629.8 17.4 15.2
TricycleClosed 1319.75 621.35 21.1 36.3
MotorCyclist 1361.9 631.15 19.0 41.1
MotorCyclist 1397.1 637.95 11.0 29.5
MotorCyclist 1654.95 643.95 16.3 31.1
Truck 1611.9 580.4 50.6 49.6