MotorCyclist 1853.65 682.1 58.5 120.6
MotorCyclist 1692.95 661.8 54.3 118.0
HeavyTruck 1048.3 535.25 81.0 119.7
MotorCyclist 606.75 659.05 15.9 35.3
Car 868.35 643.45 44.7 39.7
MotorCyclist 952.7 647.35 9.0 15.9
Pickup 1220.4 635.75 20.4 20.3
MotorCyclist 1343.55 637.7 18.3 36.2
Truck 1504.3 602.9 34.2 40.2
TricycleClosed 1308.8 634.25 20.4 29.3
Car 1284.5 636.3 15.4 15.4
HeavyTruck 1185.75 617.2 22.3 28.8
MotorCyclist 2368.6 742.85 127.6 283.3
MotorCyclist 1853.65 682.1 58.5 120.6
MotorCyclist 1692.95 661.8 54.3 118.0
HeavyTruck 1048.3 535.25 81.0 119.7
MotorCyclist 606.75 659.05 15.9 35.3
Car 868.35 643.45 44.7 39.7
MotorCyclist 952.7 647.35 9.0 15.9
Pickup 1220.4 635.75 20.4 20.3
MotorCyclist 1343.55 637.7 18.3 36.2
Truck 1504.3 602.9 34.2 40.2
TricycleClosed 1308.8 634.25 20.4 29.3
Car 1284.5 636.3 15.4 15.4
HeavyTruck 1185.75 617.2 22.3 28.8