MotorCyclist 453.6 669.1 28.4 53.4
MotorCyclist 602.55 669.25 26.7 29.3
EngineTruck 894.25 613.6 24.1 28.4
HeavyTruck 982.45 497.3 107.7 154.2
Pickup 1169.75 630.35 20.7 20.7
Truck 1832.9 563.35 86.2 99.9
Truck 1713.25 593.4 63.7 67.2
MotorCyclist 1668.35 634.7 15.5 36.2
MotorCyclist 1462.25 636.05 17.7 46.5
MotorCyclist 1377.95 631.25 30.7 51.3
TricycleClosed 1346.15 618.9 30.7 43.0
Car 1274.5 628.95 21.8 18.3
Pedestrian 1300.15 629.5 9.5 21.8
Truck 1219.1 611.35 18.2 22.3
MotorCyclist 277.55 679.95 27.5 61.1
MotorCyclist 453.6 669.1 28.4 53.4
MotorCyclist 602.55 669.25 26.7 29.3
EngineTruck 894.25 613.6 24.1 28.4
HeavyTruck 982.45 497.3 107.7 154.2
Pickup 1169.75 630.35 20.7 20.7
Truck 1832.9 563.35 86.2 99.9
Truck 1713.25 593.4 63.7 67.2
MotorCyclist 1668.35 634.7 15.5 36.2
MotorCyclist 1462.25 636.05 17.7 46.5
MotorCyclist 1377.95 631.25 30.7 51.3
TricycleClosed 1346.15 618.9 30.7 43.0
Car 1274.5 628.95 21.8 18.3
Pedestrian 1300.15 629.5 9.5 21.8
Truck 1219.1 611.35 18.2 22.3