Car 2146.45 654.5 120.5 58.6
van 2084.8 626.1 90.4 63.8
Car 1785.6 647.2 91.2 33.6
MotorCyclist 1602.55 652.35 38.7 81.9
MotorCyclist 1436.35 643.7 26.7 47.4
Car 1512.05 646.4 57.7 28.4
Truck 1288.15 605.85 37.1 50.9
Car 1084.85 641.15 40.5 31.9
HeavyTruck 900.65 468.15 119.7 195.5
Car 738.35 646.4 15.5 11.2
MotorCyclist 712.9 640.35 9.4 16.3
Car 2256.7 665.35 155.0 66.3
Car 2146.45 654.5 120.5 58.6
van 2084.8 626.1 90.4 63.8
Car 1785.6 647.2 91.2 33.6
MotorCyclist 1602.55 652.35 38.7 81.9
MotorCyclist 1436.35 643.7 26.7 47.4
Car 1512.05 646.4 57.7 28.4
Truck 1288.15 605.85 37.1 50.9
Car 1084.85 641.15 40.5 31.9
HeavyTruck 900.65 468.15 119.7 195.5
Car 738.35 646.4 15.5 11.2
MotorCyclist 712.9 640.35 9.4 16.3