MotorCyclist 216.3 693.75 36.2 61.1
van 607.8 666.6 78.4 62.0
HeavyTruck 926.85 493.95 124.1 185.1
Car 1126.2 659.35 33.6 26.7
MotorCyclist 1472.55 663.1 26.7 58.6
MotorCyclist 1442.8 656.7 22.4 31.8
Car 1589.25 655.8 63.7 33.6
van 1747.15 637.3 66.3 31.0
Car 1823.95 665.35 88.7 38.7
MotorCyclist 16.0 627.35 32 76.7
MotorCyclist 216.3 693.75 36.2 61.1
van 607.8 666.6 78.4 62.0
HeavyTruck 926.85 493.95 124.1 185.1
Car 1126.2 659.35 33.6 26.7
MotorCyclist 1472.55 663.1 26.7 58.6
MotorCyclist 1442.8 656.7 22.4 31.8
Car 1589.25 655.8 63.7 33.6
van 1747.15 637.3 66.3 31.0
Car 1823.95 665.35 88.7 38.7