HeavyTruck 532.8 617.15 56.0 38.7
MotorCyclist 456.3 672.3 19.8 42.2
MotorCyclist 656.9 658.0 14.6 34.4
MotorCyclist 703.75 652.45 15.5 30.1
MotorCyclist 851.5 649.8 7.8 21.6
Car 903.65 642.5 18.9 20.6
HeavyTruck 985.5 465.5 120.6 193.8
Car 1184.85 637.7 30.1 25.0
MotorCyclist 1365.25 638.95 18.9 37.9
Car 1308.85 635.2 23.3 16.4
Car 1416.05 633.9 41.3 20.6
Car 2296.65 634.75 97.3 49.9
van 1782.5 632.2 75.0 51.6
Car 1920.4 624.9 85.2 37.0
van 1798.4 611.5 72.4 31
EngineTruck 334.0 591.6 95.6 50.0
HeavyTruck 532.8 617.15 56.0 38.7
MotorCyclist 456.3 672.3 19.8 42.2
MotorCyclist 656.9 658.0 14.6 34.4
MotorCyclist 703.75 652.45 15.5 30.1
MotorCyclist 851.5 649.8 7.8 21.6
Car 903.65 642.5 18.9 20.6
HeavyTruck 985.5 465.5 120.6 193.8
Car 1184.85 637.7 30.1 25.0
MotorCyclist 1365.25 638.95 18.9 37.9
Car 1308.85 635.2 23.3 16.4
Car 1416.05 633.9 41.3 20.6
Car 2296.65 634.75 97.3 49.9
van 1782.5 632.2 75.0 51.6
Car 1920.4 624.9 85.2 37.0
van 1798.4 611.5 72.4 31