EngineTruck 136.65 602.5 124.9 64.6
MotorCyclist 445.85 682.1 23.3 41.4
HeavyTruck 412.75 632.1 60.3 48.2
MotorCyclist 771.8 668.75 10.4 21.5
HeavyTruck 935.45 483.55 113.7 188.7
Car 868.75 658.8 21.5 22.4
Car 1134.4 649.4 32.8 27.6
MotorCyclist 1352.85 652.75 18.1 37.9
van 1971.55 640.0 122.3 84.4
Car 2112.05 628.75 68.9 37.9
van 1882.8 611.85 89.6 45.7
Car 1529.3 642.45 47.4 24.1
Car 1418.15 642.95 49.1 21.5
MotorCyclist 50.6 712.75 38.8 61.1
EngineTruck 136.65 602.5 124.9 64.6
MotorCyclist 445.85 682.1 23.3 41.4
HeavyTruck 412.75 632.1 60.3 48.2
MotorCyclist 771.8 668.75 10.4 21.5
HeavyTruck 935.45 483.55 113.7 188.7
Car 868.75 658.8 21.5 22.4
Car 1134.4 649.4 32.8 27.6
MotorCyclist 1352.85 652.75 18.1 37.9
van 1971.55 640.0 122.3 84.4
Car 2112.05 628.75 68.9 37.9
van 1882.8 611.85 89.6 45.7
Car 1529.3 642.45 47.4 24.1
Car 1418.15 642.95 49.1 21.5