Truck 799.0 593.85 33.6 23.3
HeavyTruck 986.8 429.3 147.2 211.0
Pickup 1207.25 613.65 23.3 18.1
HeavyTruck 1234.0 587.4 28.4 34.4
Car 1308.45 614.9 29.3 24.2
MotorCyclist 1420.85 618.3 12.9 31.0
MotorCyclist 2237.7 651.55 182.6 314.3
TricycleClosed 1825.55 580.4 161.1 196.4
Car 1729.95 601.15 49.1 27.5
Car 1679.2 596.45 33.6 24.9
van 1590.95 607.6 32.7 33.6
Car 1454.5 612.3 42.2 19.0
EngineTruck 697.35 583.85 54.3 34.5
Truck 799.0 593.85 33.6 23.3
HeavyTruck 986.8 429.3 147.2 211.0
Pickup 1207.25 613.65 23.3 18.1
HeavyTruck 1234.0 587.4 28.4 34.4
Car 1308.45 614.9 29.3 24.2
MotorCyclist 1420.85 618.3 12.9 31.0
MotorCyclist 2237.7 651.55 182.6 314.3
TricycleClosed 1825.55 580.4 161.1 196.4
Car 1729.95 601.15 49.1 27.5
Car 1679.2 596.45 33.6 24.9
van 1590.95 607.6 32.7 33.6
Car 1454.5 612.3 42.2 19.0