Car 2003.95 655.4 111.1 39.6
van 1888.85 627.8 74.1 39.6
Car 1682.7 651.1 81.8 31.0
MotorCyclist 1542.3 651.5 31.8 69.8
MotorCyclist 1438.4 641.55 27.6 43.1
Car 1394.95 645.55 26.7 16.3
Car 1472.85 651.05 51.7 24.1
Truck 1274.35 612.75 37.1 43.9
Car 1127.6 649.3 29.2 31.0
HeavyTruck 932.45 481.05 124.9 186.9
MotorCyclist 737.85 655.85 7.7 12.9
Car 720.65 649.75 18.1 14.7
LightTruck 2318.35 641.7 161.1 87.8
Car 2003.95 655.4 111.1 39.6
van 1888.85 627.8 74.1 39.6
Car 1682.7 651.1 81.8 31.0
MotorCyclist 1542.3 651.5 31.8 69.8
MotorCyclist 1438.4 641.55 27.6 43.1
Car 1394.95 645.55 26.7 16.3
Car 1472.85 651.05 51.7 24.1
Truck 1274.35 612.75 37.1 43.9
Car 1127.6 649.3 29.2 31.0
HeavyTruck 932.45 481.05 124.9 186.9
MotorCyclist 737.85 655.85 7.7 12.9
Car 720.65 649.75 18.1 14.7