MotorCyclist 414.2 651.75 21.2 35.9
Truck 485.95 586.5 31.5 37
Car 637.6 622.4 13.6 11.2
HeavyTruck 632.85 598.8 14.5 18.4
HeavyTruck 774.45 392.05 197.3 275.7
Car 1144.5 637.35 49 42.3
HeavyTruck 1094.2 593.6 53.2 51.6
van 1343.7 630.0 28.6 32.4
HeavyTruck 1283.2 602.35 79.6 40.7
Car 1595.85 645.85 57.7 43.7
Car 1778.8 661.9 98.8 51.0
Pickup 1840.3 648.75 101.4 68.7
Truck 1992.75 528.95 192.3 192.3
BiCyclist 2461.0 692.85 45.6 103.7
Car 2492.35 686.05 45.1 71.3
Car 262.05 659.95 101.3 61.5
MotorCyclist 414.2 651.75 21.2 35.9
Truck 485.95 586.5 31.5 37
Car 637.6 622.4 13.6 11.2
HeavyTruck 632.85 598.8 14.5 18.4
HeavyTruck 774.45 392.05 197.3 275.7
Car 1144.5 637.35 49 42.3
HeavyTruck 1094.2 593.6 53.2 51.6
van 1343.7 630.0 28.6 32.4
HeavyTruck 1283.2 602.35 79.6 40.7
Car 1595.85 645.85 57.7 43.7
Car 1778.8 661.9 98.8 51.0
Pickup 1840.3 648.75 101.4 68.7
Truck 1992.75 528.95 192.3 192.3
BiCyclist 2461.0 692.85 45.6 103.7
Car 2492.35 686.05 45.1 71.3