HeavyTruck 446.15 226.65 398.3 453.3
Car 1024.55 627.9 73.5 57.0
HeavyTruck 1110.75 570.3 94.7 63.4
Car 1365.3 617.0 44.2 32.8
Truck 1488.1 578.2 177.8 96.8
van 1749.4 625.7 103.2 99.4
van 1886.7 643.4 63.0 49.6
Car 2319.85 663.9 160.1 69.4
HeavyTruck 56.85 549.2 113.7 83.2
HeavyTruck 446.15 226.65 398.3 453.3
Car 1024.55 627.9 73.5 57.0
HeavyTruck 1110.75 570.3 94.7 63.4
Car 1365.3 617.0 44.2 32.8
Truck 1488.1 578.2 177.8 96.8
van 1749.4 625.7 103.2 99.4
van 1886.7 643.4 63.0 49.6
Car 2319.85 663.9 160.1 69.4