Truck 566.35 600.35 29.1 22.7
MotorCyclist 728.45 646.7 8.9 14.6
HeavyTruck 880.15 449.05 133.1 210.1
Car 1117.65 637.05 38.9 34.9
Car 1070.85 603.9 50.5 40.6
van 1207.65 631.8 18.5 23.2
Car 1318.25 641.4 42.5 26.0
Truck 1445.75 596.65 54.3 67.3
Car 1514.75 648.1 27.1 20.6
MotorCyclist 1617.55 654.45 35.5 76.9
Car 1711.15 662.2 77.5 52.4
MotorCyclist 1965.85 679.85 90.1 158.9
Car 2325.85 666.9 156.1 55.4
Truck 581.9 617.6 23.4 22.4
Truck 566.35 600.35 29.1 22.7
MotorCyclist 728.45 646.7 8.9 14.6
HeavyTruck 880.15 449.05 133.1 210.1
Car 1117.65 637.05 38.9 34.9
Car 1070.85 603.9 50.5 40.6
van 1207.65 631.8 18.5 23.2
Car 1318.25 641.4 42.5 26.0
Truck 1445.75 596.65 54.3 67.3
Car 1514.75 648.1 27.1 20.6
MotorCyclist 1617.55 654.45 35.5 76.9
Car 1711.15 662.2 77.5 52.4
MotorCyclist 1965.85 679.85 90.1 158.9
Car 2325.85 666.9 156.1 55.4