Truck 424.9 564.0 41.8 38.0
HeavyTruck 720.35 343.05 234.7 309.3
Car 1154.3 625.45 52.2 45.7
Car 1075.6 574.4 76.0 57.2
HeavyTruck 1327.0 584.75 95.6 45.9
van 1407.8 617.3 34.0 40.2
Pedestrian 1511.95 626.95 12.3 45.9
Car 1749.5 639.4 102.6 56.0
Car 1963.5 647.35 111.8 49.9
Car 2123.1 664.45 84.2 51.3
Pickup 2275.0 647.5 190 111.8
MotorCyclist 10.2 654.5 20.4 56.6
Truck 424.9 564.0 41.8 38.0
HeavyTruck 720.35 343.05 234.7 309.3
Car 1154.3 625.45 52.2 45.7
Car 1075.6 574.4 76.0 57.2
HeavyTruck 1327.0 584.75 95.6 45.9
van 1407.8 617.3 34.0 40.2
Pedestrian 1511.95 626.95 12.3 45.9
Car 1749.5 639.4 102.6 56.0
Car 1963.5 647.35 111.8 49.9
Car 2123.1 664.45 84.2 51.3
Pickup 2275.0 647.5 190 111.8