MotorCyclist 689.85 654.55 8.1 17.5
Car 720.45 637.7 20.5 14.6
Car 588.85 611.6 18.5 20.8
HeavyTruck 850.3 442.25 149.8 225.7
HeavyTruck 1067.9 603.55 56.2 50.3
Car 1124.95 645.1 41.5 36.2
van 1246.6 637.15 20.0 23.5
Car 1401.9 644.8 37.8 26.4
Truck 1547.75 591.6 71.1 89.2
MotorCyclist 1809.05 671.65 56.5 112.9
Car 2010.35 688.35 127.5 91.5
Truck 552.65 606.0 30.1 32.8
MotorCyclist 689.85 654.55 8.1 17.5
Car 720.45 637.7 20.5 14.6
Car 588.85 611.6 18.5 20.8
HeavyTruck 850.3 442.25 149.8 225.7
HeavyTruck 1067.9 603.55 56.2 50.3
Car 1124.95 645.1 41.5 36.2
van 1246.6 637.15 20.0 23.5
Car 1401.9 644.8 37.8 26.4
Truck 1547.75 591.6 71.1 89.2
MotorCyclist 1809.05 671.65 56.5 112.9
Car 2010.35 688.35 127.5 91.5