Pickup 1749.75 656.3 71.5 48.2
Pedestrian 1934.95 673.9 21.5 59.4
Pedestrian 1431.5 643.4 13.8 56.8
Car 913.95 661.9 156.7 131.8
HeavyTruck 1091.4 554.6 74.0 106.8
HeavyTruck 73.35 276.05 146.7 552.1
Car 411.85 614.85 54.5 33.7
Car 732.8 617.05 42.0 33.3
Car 789.05 607.15 22.9 19.9
HeavyTruck 865.0 551.4 60.0 61.6
HeavyTruck 1002.6 572.55 32.0 49.1
Car 2381.65 678.25 118.9 92.1
Pickup 1749.75 656.3 71.5 48.2
Pedestrian 1934.95 673.9 21.5 59.4
Pedestrian 1431.5 643.4 13.8 56.8
Car 913.95 661.9 156.7 131.8
HeavyTruck 1091.4 554.6 74.0 106.8
HeavyTruck 73.35 276.05 146.7 552.1
Car 411.85 614.85 54.5 33.7
Car 732.8 617.05 42.0 33.3
Car 789.05 607.15 22.9 19.9
HeavyTruck 865.0 551.4 60.0 61.6
HeavyTruck 1002.6 572.55 32.0 49.1