LightTruck 2243.45 639.35 186.5 125.1
Car 2465.35 674.55 63.1 116.7
Car 2023.7 679.9 119.8 54.6
Car 932.1 662.1 120.6 97.8
HeavyTruck 1074.65 569.1 72.1 91.0
MotorCyclist 1365.05 659.3 12.9 41.0
Pickup 1603.35 659.2 56.3 39.6
Car 523.4 634.4 75.2 48.0
Car 799.95 624.95 30.7 26.7
HeavyTruck 906.75 582.9 43.5 47.4
HeavyTruck 987.5 590.05 24.6 28.5
HeavyTruck 140.5 277.55 281 555.1
LightTruck 2243.45 639.35 186.5 125.1
Car 2465.35 674.55 63.1 116.7
Car 2023.7 679.9 119.8 54.6
Car 932.1 662.1 120.6 97.8
HeavyTruck 1074.65 569.1 72.1 91.0
MotorCyclist 1365.05 659.3 12.9 41.0
Pickup 1603.35 659.2 56.3 39.6
Car 523.4 634.4 75.2 48.0
Car 799.95 624.95 30.7 26.7
HeavyTruck 906.75 582.9 43.5 47.4
HeavyTruck 987.5 590.05 24.6 28.5