Car 854.75 617.5 92.7 62.2
HeavyTruck 1259.05 538.95 140.9 108.3
Pickup 1428.65 639.5 49.7 37.8
Car 1488.35 643.9 60.7 29.0
van 1620.5 611.0 74.6 34.8
Car 1619.45 639.35 71.3 33.1
Car 1711.4 652.35 97.2 49.1
van 1783.15 639.0 98.3 48.8
Truck 2026.45 500.25 355.7 168.1
HeavyTruck 239.4 251.6 478.8 503.2
Car 854.75 617.5 92.7 62.2
HeavyTruck 1259.05 538.95 140.9 108.3
Pickup 1428.65 639.5 49.7 37.8
Car 1488.35 643.9 60.7 29.0
van 1620.5 611.0 74.6 34.8
Car 1619.45 639.35 71.3 33.1
Car 1711.4 652.35 97.2 49.1
van 1783.15 639.0 98.3 48.8
Truck 2026.45 500.25 355.7 168.1