Pedestrian 2329.8 632.6 32.8 90.4
BiCyclist 1600.0 613.6 23.2 73.2
Car 962.15 625.65 194.7 169.7
HeavyTruck 1161.5 508.2 87 106.8
HeavyTruck 812.9 518.4 88.2 76.4
Car 641.95 588.7 53.9 37.4
Motorcycle 355.55 598.45 34.7 40.1
HeavyTruck 1059.2 540.5 31.6 56.6
Pickup 2014.6 617.1 112.0 69.8
Pedestrian 2329.8 632.6 32.8 90.4
BiCyclist 1600.0 613.6 23.2 73.2
Car 962.15 625.65 194.7 169.7
HeavyTruck 1161.5 508.2 87 106.8
HeavyTruck 812.9 518.4 88.2 76.4
Car 641.95 588.7 53.9 37.4
Motorcycle 355.55 598.45 34.7 40.1
HeavyTruck 1059.2 540.5 31.6 56.6