LightTruck 2048.7 632.5 317.8 131.8
LightTruck 2301.55 622.2 172.3 90.4
Car 1924.15 661.85 161.9 80.1
van 1825.15 624.8 156.7 78.4
Car 1582.8 668.7 112.8 97.4
MotorCyclist 1495.35 660.15 27.5 49.1
Car 1438.0 652.45 50.8 40.5
Car 1325.65 655.45 56.9 46.5
MotorCyclist 1280.4 648.95 21.6 54.3
Car 1272.65 663.15 30.1 27.5
MotorCyclist 1167.25 660.55 18.9 43.1
MotorCyclist 1142.2 664.0 17.2 39.6
HeavyTruck 1067.75 631.7 33.5 47.4
Car 1143.05 651.05 29.3 17.3
Pickup 1021.25 656.2 30.1 27.6
HeavyTruck 828.35 562.35 133.5 139.5
HeavyTruck 57.75 323.8 115.5 399.6
Car 2207.2 713.1 235.2 120.6
LightTruck 2048.7 632.5 317.8 131.8
LightTruck 2301.55 622.2 172.3 90.4
Car 1924.15 661.85 161.9 80.1
van 1825.15 624.8 156.7 78.4
Car 1582.8 668.7 112.8 97.4
MotorCyclist 1495.35 660.15 27.5 49.1
Car 1438.0 652.45 50.8 40.5
Car 1325.65 655.45 56.9 46.5
MotorCyclist 1280.4 648.95 21.6 54.3
Car 1272.65 663.15 30.1 27.5
MotorCyclist 1167.25 660.55 18.9 43.1
MotorCyclist 1142.2 664.0 17.2 39.6
HeavyTruck 1067.75 631.7 33.5 47.4
Car 1143.05 651.05 29.3 17.3
Pickup 1021.25 656.2 30.1 27.6
HeavyTruck 828.35 562.35 133.5 139.5
HeavyTruck 57.75 323.8 115.5 399.6