Car 2097.35 732.95 235.9 122.3
Pedestrian 1798.1 673.15 19.8 43.9
LightTruck 1582.35 652.9 67.1 31.0
LightTruck 1485.35 639.05 66.3 34.5
Car 1348.05 658.0 36.1 34.4
Car 1235.65 655.85 35.3 23.3
Pedestrian 1233.05 652.9 12.9 31.0
MotorCyclist 1202.55 664.95 10.3 27.5
MotorCyclist 1152.15 657.05 16.3 29.3
HeavyTruck 1004.4 571.4 79.2 112.8
HeavyTruck 522.95 543.9 122.3 92.2
Car 519.9 718.0 383.4 330.8
Car 367.5 665.25 69.8 45.7
HeavyTruck 52.15 261.4 104.3 522.8
van 118.2 651.15 74.0 44.7
van 1442.35 645.55 66.3 26.7
Car 2465.5 727.25 63 80.1
Car 2097.35 732.95 235.9 122.3
Pedestrian 1798.1 673.15 19.8 43.9
LightTruck 1582.35 652.9 67.1 31.0
LightTruck 1485.35 639.05 66.3 34.5
Car 1348.05 658.0 36.1 34.4
Car 1235.65 655.85 35.3 23.3
Pedestrian 1233.05 652.9 12.9 31.0
MotorCyclist 1202.55 664.95 10.3 27.5
MotorCyclist 1152.15 657.05 16.3 29.3
HeavyTruck 1004.4 571.4 79.2 112.8
HeavyTruck 522.95 543.9 122.3 92.2
Car 519.9 718.0 383.4 330.8
Car 367.5 665.25 69.8 45.7
HeavyTruck 52.15 261.4 104.3 522.8
van 118.2 651.15 74.0 44.7
van 1442.35 645.55 66.3 26.7