LightTruck 1461.65 636.9 136.1 54.2
van 1397.05 639.5 113.7 42.2
Car 1245.95 658.85 49.1 46.5
Car 1186.1 656.65 36.2 28.5
Car 1117.7 654.95 37.0 31.9
Pedestrian 1086.15 651.95 15.5 43.1
Car 1067.35 666.15 32.7 26.7
MotorCyclist 1033.2 663.65 16.4 35.3
MotorCyclist 979.8 664.95 16.4 37.9
LargeBus 963.05 658.4 24.1 21.6
HeavyTruck 871.8 635.15 44.8 43.9
HeavyTruck 763.35 580.9 99.9 121.4
HeavyTruck 20.7 440.95 41.4 403.1
Car 96.95 738.55 193.9 453.9
Car 1574.2 673.85 112.8 35.3
LightTruck 1461.65 636.9 136.1 54.2
van 1397.05 639.5 113.7 42.2
Car 1245.95 658.85 49.1 46.5
Car 1186.1 656.65 36.2 28.5
Car 1117.7 654.95 37.0 31.9
Pedestrian 1086.15 651.95 15.5 43.1
Car 1067.35 666.15 32.7 26.7
MotorCyclist 1033.2 663.65 16.4 35.3
MotorCyclist 979.8 664.95 16.4 37.9
LargeBus 963.05 658.4 24.1 21.6
HeavyTruck 871.8 635.15 44.8 43.9
HeavyTruck 763.35 580.9 99.9 121.4
HeavyTruck 20.7 440.95 41.4 403.1
Car 96.95 738.55 193.9 453.9