Car 2317.0 665.4 162 73.2
Car 1894.5 683.75 154.2 82.7
Car 776.2 682.55 332.4 297.1
HeavyTruck 19.85 285.15 39.7 477.1
Car 208.55 638.7 144.7 81.8
LightTruck 578.45 631.65 102.5 57.7
HeavyTruck 1106.9 560.3 81.0 138.6
HeavyTruck 791.7 567.1 70.6 97.4
van 1573.25 621.5 80.1 31
Car 1424.3 631.15 34.2 28.7
Car 1379.1 630.65 19.4 18.9
Car 1336.4 627.95 22.0 20.7
Car 1285.5 631.0 15.8 14.4
MotorCyclist 1318.65 636.4 8.1 25.2
BiCyclist 2338.5 724.4 115.4 253.2
Car 2317.0 665.4 162 73.2
Car 1894.5 683.75 154.2 82.7
Car 776.2 682.55 332.4 297.1
HeavyTruck 19.85 285.15 39.7 477.1
Car 208.55 638.7 144.7 81.8
LightTruck 578.45 631.65 102.5 57.7
HeavyTruck 1106.9 560.3 81.0 138.6
HeavyTruck 791.7 567.1 70.6 97.4
van 1573.25 621.5 80.1 31
Car 1424.3 631.15 34.2 28.7
Car 1379.1 630.65 19.4 18.9
Car 1336.4 627.95 22.0 20.7
Car 1285.5 631.0 15.8 14.4
MotorCyclist 1318.65 636.4 8.1 25.2