van 2227.9 592.9 221.4 104.2
Car 2072.75 678.65 290.3 210.1
MotorCyclist 1698.55 639.9 48.3 70.6
Car 1615.9 639.0 75.8 55.2
Car 1459.55 636.1 76.7 59.4
Pedestrian 1387.7 634.7 25.8 63.8
Car 1369.05 645.1 40.5 36.2
MotorCyclist 1258.45 642.1 18.9 54.2
MotorCyclist 1226.1 648.05 19.8 45.7
van 1235.7 639.4 31.8 38.8
HeavyTruck 1143.85 617.05 34.5 45.7
Pickup 1094.85 645.55 29.3 33.5
HeavyTruck 840.75 535.75 161.9 161.9
HeavyTruck 62.9 256.3 125.8 464.2
MotorCyclist 488.9 655.85 19.8 23.3
Car 2386.75 664.5 115.5 126.6
van 2227.9 592.9 221.4 104.2
Car 2072.75 678.65 290.3 210.1
MotorCyclist 1698.55 639.9 48.3 70.6
Car 1615.9 639.0 75.8 55.2
Car 1459.55 636.1 76.7 59.4
Pedestrian 1387.7 634.7 25.8 63.8
Car 1369.05 645.1 40.5 36.2
MotorCyclist 1258.45 642.1 18.9 54.2
MotorCyclist 1226.1 648.05 19.8 45.7
van 1235.7 639.4 31.8 38.8
HeavyTruck 1143.85 617.05 34.5 45.7
Pickup 1094.85 645.55 29.3 33.5
HeavyTruck 840.75 535.75 161.9 161.9
HeavyTruck 62.9 256.3 125.8 464.2
MotorCyclist 488.9 655.85 19.8 23.3