Car 1863.1 655.35 239.4 167.1
Pedestrian 1676.55 648.55 59.5 129.1
LightTruck 1619.3 623.5 86.2 93.0
Car 1480.2 647.25 66.4 57.7
MotorCyclist 1360.5 654.95 37 83.5
MotorCyclist 1284.3 654.95 25.8 59.5
LargeBus 1270.45 626.9 29.3 31.0
HeavyTruck 1168.85 611.1 39.7 54.2
Pickup 1101.65 651.45 46.5 35.3
HeavyTruck 678.0 497.45 270.4 226.5
Car 2088.65 646.85 170.5 125.7
Car 1863.1 655.35 239.4 167.1
Pedestrian 1676.55 648.55 59.5 129.1
LightTruck 1619.3 623.5 86.2 93.0
Car 1480.2 647.25 66.4 57.7
MotorCyclist 1360.5 654.95 37 83.5
MotorCyclist 1284.3 654.95 25.8 59.5
LargeBus 1270.45 626.9 29.3 31.0
HeavyTruck 1168.85 611.1 39.7 54.2
Pickup 1101.65 651.45 46.5 35.3
HeavyTruck 678.0 497.45 270.4 226.5