Car 1463.9 701.8 51.8 24.4
LargeBus 1050.75 573.5 154.3 181.8
Car 846.35 676.55 39.1 30.3
Car 776.1 666.1 28.6 23.8
Car 786.15 699.15 83.9 63.5
Car 711.7 669.75 35.0 36.3
Car 677.2 669.1 28.8 25.8
Car 595.2 653.1 17.2 12.6
Car 438.45 669.25 19.3 18.9
Car 334.7 642.5 11.4 9.4
Truck 487.05 639.25 22.9 25.3
MotorCyclist 1805.1 683.25 23.0 50.5
Car 1463.9 701.8 51.8 24.4
LargeBus 1050.75 573.5 154.3 181.8
Car 846.35 676.55 39.1 30.3
Car 776.1 666.1 28.6 23.8
Car 786.15 699.15 83.9 63.5
Car 711.7 669.75 35.0 36.3
Car 677.2 669.1 28.8 25.8
Car 595.2 653.1 17.2 12.6
Car 438.45 669.25 19.3 18.9
Car 334.7 642.5 11.4 9.4
Truck 487.05 639.25 22.9 25.3