MotorCyclist 1577.35 614.55 15.5 37.5
LargeBus 1184.25 504.15 196.1 231.5
van 934.4 629.45 32.4 31.7
Car 889.15 635.65 26.3 24.1
Car 860.3 634.4 25.4 22.8
Car 762.1 636.35 41.0 37.9
Car 675.65 651.9 80.9 53.0
Car 513.75 679.95 152.7 92.7
Car 387.2 678.1 39.2 25.4
EngineTruck 2147.45 506.6 207.3 120.8
MotorCyclist 1577.35 614.55 15.5 37.5
LargeBus 1184.25 504.15 196.1 231.5
van 934.4 629.45 32.4 31.7
Car 889.15 635.65 26.3 24.1
Car 860.3 634.4 25.4 22.8
Car 762.1 636.35 41.0 37.9
Car 675.65 651.9 80.9 53.0
Car 513.75 679.95 152.7 92.7
Car 387.2 678.1 39.2 25.4