Car 1446.25 646.7 94.1 32.2
LargeBus 1056.25 536.1 145.7 176.2
Car 868.55 618.8 40.7 28.4
Car 765.15 607.35 18.7 22.3
Car 819.75 647.85 71.9 54.5
Car 780.25 611.6 25.3 24.8
Car 704.1 612.7 38.2 35.4
Car 627.1 593.4 13.8 11.6
Car 674.35 608.9 21.9 26.6
Truck 558.8 581.8 29.2 34.0
Car 429.4 583.15 15.6 12.7
Car 69.2 627.1 77.2 38.6
MotorCyclist 2050.25 658.25 38.5 56.5
Car 1446.25 646.7 94.1 32.2
LargeBus 1056.25 536.1 145.7 176.2
Car 868.55 618.8 40.7 28.4
Car 765.15 607.35 18.7 22.3
Car 819.75 647.85 71.9 54.5
Car 780.25 611.6 25.3 24.8
Car 704.1 612.7 38.2 35.4
Car 627.1 593.4 13.8 11.6
Car 674.35 608.9 21.9 26.6
Truck 558.8 581.8 29.2 34.0
Car 429.4 583.15 15.6 12.7
Car 69.2 627.1 77.2 38.6