Car 1781.8 665.15 256.0 106.3
van 1339.8 625.65 48.8 23.3
LargeBus 1081.0 533.1 144.8 173.0
van 932.55 610.3 27.1 29.4
Car 843.45 634.8 63.7 49.6
Car 794.05 609.55 30.5 27.1
Car 718.65 604.85 36.1 36.5
van 863.2 613.3 32.0 27.8
Car 503.7 593.9 27.8 21.0
EngineTruck 551.2 559.1 15.2 19.8
Car 669.35 590.55 11.1 10.3
Car 50.4 944.35 100.8 265.5
TricycleOpenMotor 2344.4 736.9 100.4 90.6
Car 1781.8 665.15 256.0 106.3
van 1339.8 625.65 48.8 23.3
LargeBus 1081.0 533.1 144.8 173.0
van 932.55 610.3 27.1 29.4
Car 843.45 634.8 63.7 49.6
Car 794.05 609.55 30.5 27.1
Car 718.65 604.85 36.1 36.5
van 863.2 613.3 32.0 27.8
Car 503.7 593.9 27.8 21.0
EngineTruck 551.2 559.1 15.2 19.8
Car 669.35 590.55 11.1 10.3
Car 50.4 944.35 100.8 265.5