TricycleOpenMotor 1953.25 712.4 60.1 54.4
Car 1611.8 671.75 166.0 69.5
LargeBus 1068.35 546.9 146.7 174.6
Car 856.0 626.75 35.2 27.9
Car 696.55 617.7 26.3 22.2
van 908.1 625.25 28.6 30.1
Car 842.75 654.55 65.5 52.3
Car 790.4 621.55 29.2 26.3
TricycleOpenMotor 711.9 620.45 39.8 33.7
Car 509.2 603.2 16.8 16.8
Truck 401.85 584.7 78.5 64.6
MotorCyclist 1744.3 677.95 40.6 82.7
TricycleOpenMotor 1953.25 712.4 60.1 54.4
Car 1611.8 671.75 166.0 69.5
LargeBus 1068.35 546.9 146.7 174.6
Car 856.0 626.75 35.2 27.9
Car 696.55 617.7 26.3 22.2
van 908.1 625.25 28.6 30.1
Car 842.75 654.55 65.5 52.3
Car 790.4 621.55 29.2 26.3
TricycleOpenMotor 711.9 620.45 39.8 33.7
Car 509.2 603.2 16.8 16.8
Truck 401.85 584.7 78.5 64.6