MotorCyclist 1413.3 646.1 15.8 47.4
Car 1519.65 657.45 116.5 48.1
LargeBus 1051.95 539.3 146.7 171.8
Car 861.95 616.9 37.1 25.8
Car 768.85 603.4 18.1 17.6
Car 827.5 648.45 66.6 50.5
TricycleOpenMotor 705.35 610.55 36.3 36.3
Car 656.6 592.85 13.2 10.1
Car 678.05 608.15 24.1 23.5
Truck 539.05 578.8 41.7 40.8
Car 469.7 587.2 17.4 16.0
EngineTruck 425.6 553.5 14.4 19.8
MotorCyclist 2263.75 677.85 57.5 72.5
MotorCyclist 1413.3 646.1 15.8 47.4
Car 1519.65 657.45 116.5 48.1
LargeBus 1051.95 539.3 146.7 171.8
Car 861.95 616.9 37.1 25.8
Car 768.85 603.4 18.1 17.6
Car 827.5 648.45 66.6 50.5
TricycleOpenMotor 705.35 610.55 36.3 36.3
Car 656.6 592.85 13.2 10.1
Car 678.05 608.15 24.1 23.5
Truck 539.05 578.8 41.7 40.8
Car 469.7 587.2 17.4 16.0
EngineTruck 425.6 553.5 14.4 19.8