TricycleClosed 1505.65 625.6 26.5 32.0
LargeBus 1178.1 555.5 127.0 149.8
Car 1049.1 647.5 52.2 39.4
Car 998.55 624.85 36.3 30.5
Car 1062.3 624.3 19.8 15.4
Truck 896.85 606.9 23.3 16.6
Truck 837.05 603.95 34.9 20.7
Car 582.4 689.85 200.8 141.3
Machineshop 2480.35 584.25 53.1 106.5
TricycleClosed 1505.65 625.6 26.5 32.0
LargeBus 1178.1 555.5 127.0 149.8
Car 1049.1 647.5 52.2 39.4
Car 998.55 624.85 36.3 30.5
Car 1062.3 624.3 19.8 15.4
Truck 896.85 606.9 23.3 16.6
Truck 837.05 603.95 34.9 20.7
Car 582.4 689.85 200.8 141.3