Car 681.0 601.1 8.8 7.8
Car 664.95 595.55 8.3 7.9
EngineTruck 824.55 573.6 21.1 22.4
Car 770.15 588.95 23.9 19.1
Car 919.3 601.25 17.0 17.3
Car 936.95 607.95 24.7 21.1
Car 1098.55 593.3 20.7 26.2
Car 1013.45 623.8 73.3 56.4
LargeBus 1209.75 483.25 175.9 222.1
Car 57.3 667.4 114.6 171.6
Car 1826.95 596.75 95.9 35.9
Car 681.0 601.1 8.8 7.8
Car 664.95 595.55 8.3 7.9
EngineTruck 824.55 573.6 21.1 22.4
Car 770.15 588.95 23.9 19.1
Car 919.3 601.25 17.0 17.3
Car 936.95 607.95 24.7 21.1
Car 1098.55 593.3 20.7 26.2
Car 1013.45 623.8 73.3 56.4
LargeBus 1209.75 483.25 175.9 222.1
Car 57.3 667.4 114.6 171.6