Pedestrian 2203.2 591.65 24.0 67.3
van 617.15 616.05 23.1 17.7
Car 870.8 607.55 12.4 13.5
Car 895.25 610.9 26.5 22.6
Car 1061.65 603.45 13.7 22.5
Car 959.45 628.65 71.3 58.5
LargeBus 1175.2 470.55 197.6 242.3
Car 677.6 663.95 172.8 125.5
Car 44.15 679.7 88.3 143.4
Car 1952.95 598.7 117.1 44.2
Pedestrian 2203.2 591.65 24.0 67.3
van 617.15 616.05 23.1 17.7
Car 870.8 607.55 12.4 13.5
Car 895.25 610.9 26.5 22.6
Car 1061.65 603.45 13.7 22.5
Car 959.45 628.65 71.3 58.5
LargeBus 1175.2 470.55 197.6 242.3
Car 677.6 663.95 172.8 125.5
Car 44.15 679.7 88.3 143.4