Pedestrian 1838.45 617.9 21.7 41.0
Car 693.15 627.25 9.9 10.5
EngineTruck 837.55 604.15 18.3 21.5
Car 813.55 622.75 21.5 19.1
Car 949.3 630.35 13.8 15.1
Car 973.1 632.3 23.8 23.4
Car 1103.75 631.2 33.9 39.6
Car 1015.95 654.85 72.3 54.9
LargeBus 1214.05 517.35 165.7 210.3
Car 65.75 696.9 131.5 170.2
Car 751.65 680.3 150.5 111.0
Car 1734.05 618.8 69.3 26.0
Pedestrian 1838.45 617.9 21.7 41.0
Car 693.15 627.25 9.9 10.5
EngineTruck 837.55 604.15 18.3 21.5
Car 813.55 622.75 21.5 19.1
Car 949.3 630.35 13.8 15.1
Car 973.1 632.3 23.8 23.4
Car 1103.75 631.2 33.9 39.6
Car 1015.95 654.85 72.3 54.9
LargeBus 1214.05 517.35 165.7 210.3
Car 65.75 696.9 131.5 170.2
Car 751.65 680.3 150.5 111.0