Car 798.65 643.6 49.3 43.6
Car 733.35 637.45 27.9 22.9
Car 496.55 692.7 168.3 115.4
Car 1261.1 627.75 51.8 25.9
van 1013.5 629.4 16.6 17.2
Car 982.55 628.75 16.3 15.9
Truck 1076.35 595.55 54.3 41.5
Car 1464.3 637.9 58.2 29.8
Car 533.7 616.65 12.6 13.3
Car 504.2 612.05 13.2 12.5
van 700.2 623.05 21.2 17.7
Car 769.25 625.0 14.9 12.0
Car 1119.2 632.1 63.2 53.8
Car 798.65 643.6 49.3 43.6
Car 733.35 637.45 27.9 22.9
Car 496.55 692.7 168.3 115.4
Car 1261.1 627.75 51.8 25.9
van 1013.5 629.4 16.6 17.2
Car 982.55 628.75 16.3 15.9
Truck 1076.35 595.55 54.3 41.5
Car 1464.3 637.9 58.2 29.8
Car 533.7 616.65 12.6 13.3
Car 504.2 612.05 13.2 12.5
van 700.2 623.05 21.2 17.7
Car 769.25 625.0 14.9 12.0