Car 587.25 677.2 124.5 80.8
LargeBus 2174.95 318.8 256.7 637.6
Car 1261.7 649.25 59.0 53.7
Car 968.65 672.35 75.7 62.3
Car 873.7 666.1 41.4 33.8
Pedestrian 1176.1 648.5 12.2 18.6
HeavyTruck 1132.6 623.65 47.2 34.5
Car 797.65 654.8 20.1 16.4
Car 787.95 649.3 14.3 12.2
Pickup 857.7 651.0 25.8 23.6
Truck 429.9 643.15 63.0 35.1
Car 739.95 647.55 14.7 12.3
Car 1388.7 649.8 31.0 16.8
van 1051.5 651.0 26.2 19.2
Car 547.8 630.65 16.4 14.5
Car 168.3 757.75 336.6 278.7
Car 587.25 677.2 124.5 80.8
LargeBus 2174.95 318.8 256.7 637.6
Car 1261.7 649.25 59.0 53.7
Car 968.65 672.35 75.7 62.3
Car 873.7 666.1 41.4 33.8
Pedestrian 1176.1 648.5 12.2 18.6
HeavyTruck 1132.6 623.65 47.2 34.5
Car 797.65 654.8 20.1 16.4
Car 787.95 649.3 14.3 12.2
Pickup 857.7 651.0 25.8 23.6
Truck 429.9 643.15 63.0 35.1
Car 739.95 647.55 14.7 12.3
Car 1388.7 649.8 31.0 16.8
van 1051.5 651.0 26.2 19.2
Car 547.8 630.65 16.4 14.5