Car 2450.5 623.3 73 73.0
MotorCyclist 1902.45 598.4 24.5 50.4
LargeBus 547.4 609.85 52.8 46.5
EngineTruck 710.2 582.65 41.6 40.9
Car 343.75 639.25 18.3 18.5
van 975.35 617.15 17.1 19.1
Car 1024.6 620.8 29.2 24.4
Car 891.85 635.15 64.9 53.1
Car 659.1 664.35 173.4 123.5
LargeBus 1217.75 428.9 261.1 322.6
Car 72.6 679.7 145.2 152.6
MotorCyclist 2030.65 635.95 78.9 57.9
Car 2450.5 623.3 73 73.0
MotorCyclist 1902.45 598.4 24.5 50.4
LargeBus 547.4 609.85 52.8 46.5
EngineTruck 710.2 582.65 41.6 40.9
Car 343.75 639.25 18.3 18.5
van 975.35 617.15 17.1 19.1
Car 1024.6 620.8 29.2 24.4
Car 891.85 635.15 64.9 53.1
Car 659.1 664.35 173.4 123.5
LargeBus 1217.75 428.9 261.1 322.6
Car 72.6 679.7 145.2 152.6