Car 566.45 625.4 20.1 18.0
Car 911.45 657.8 48.5 37.6
Car 1252.85 648.45 62.1 59.7
Car 670.2 688.35 139.2 101.1
van 1146.85 642.2 19.7 18.0
Car 1119.85 641.4 16.5 18.0
Truck 1218.8 605.65 57.6 44.9
Car 1420.6 643.8 64.8 29.6
Car 1605.1 656.25 41.8 32.1
Car 1669.0 662.35 49.6 27.5
Car 1796.9 657.85 82.2 36.1
Car 639.85 631.0 16.5 12.8
Car 666.75 627.2 13.5 10.8
Car 626.9 623.25 13.0 12.9
Car 862.75 636.75 19.1 13.5
Car 851.6 645.75 24.8 21.1
Car 566.45 625.4 20.1 18.0
Car 911.45 657.8 48.5 37.6
Car 1252.85 648.45 62.1 59.7
Car 670.2 688.35 139.2 101.1
van 1146.85 642.2 19.7 18.0
Car 1119.85 641.4 16.5 18.0
Truck 1218.8 605.65 57.6 44.9
Car 1420.6 643.8 64.8 29.6
Car 1605.1 656.25 41.8 32.1
Car 1669.0 662.35 49.6 27.5
Car 1796.9 657.85 82.2 36.1
Car 639.85 631.0 16.5 12.8
Car 666.75 627.2 13.5 10.8
Car 626.9 623.25 13.0 12.9
Car 862.75 636.75 19.1 13.5