Car 633.8 648.15 18.8 15.1
Car 713.7 662.45 35.4 28.1
Car 1105.9 660.3 55.4 46.2
Car 321.15 745.4 277.9 178.4
Pickup 683.05 645.3 25.7 23.8
van 196.75 655.15 54.7 37.9
Car 768.6 648.35 18.4 14.7
van 933.1 649.2 12.2 16.0
Car 902.8 649.2 16.0 16.0
Pedestrian 1039.95 650.65 12.3 20.5
HeavyTruck 993.35 621.95 47.1 37.5
Car 1268.5 657.95 40.2 21.9
Car 437.0 631.7 12.8 10.2
Car 633.8 648.15 18.8 15.1
Car 713.7 662.45 35.4 28.1
Car 1105.9 660.3 55.4 46.2
Car 321.15 745.4 277.9 178.4
Pickup 683.05 645.3 25.7 23.8
van 196.75 655.15 54.7 37.9
Car 768.6 648.35 18.4 14.7
van 933.1 649.2 12.2 16.0
Car 902.8 649.2 16.0 16.0
Pedestrian 1039.95 650.65 12.3 20.5
HeavyTruck 993.35 621.95 47.1 37.5
Car 1268.5 657.95 40.2 21.9