Car 519.3 624.35 20.2 19.9
EngineTruck 567.3 567.1 48.6 52.6
LargeBus 315.2 599.25 78.4 62.1
Car 79.15 664.05 158.3 128.1
HeavyTruck 1035.65 581.8 40.9 32.4
Pedestrian 1097.75 604.3 7.9 17.0
van 977.25 610.3 15.3 13.0
Car 927.45 612.95 28.5 23.5
Car 661.75 658.9 153.1 107.0
LargeBus 1276.2 393.4 298.8 368.0
Car 794.0 629.8 68.4 47.6
PersonSitting 2341.6 631.05 27.2 48.9
Car 519.3 624.35 20.2 19.9
EngineTruck 567.3 567.1 48.6 52.6
LargeBus 315.2 599.25 78.4 62.1
Car 79.15 664.05 158.3 128.1
HeavyTruck 1035.65 581.8 40.9 32.4
Pedestrian 1097.75 604.3 7.9 17.0
van 977.25 610.3 15.3 13.0
Car 927.45 612.95 28.5 23.5
Car 661.75 658.9 153.1 107.0
LargeBus 1276.2 393.4 298.8 368.0
Car 794.0 629.8 68.4 47.6