Car 1209.95 636.8 18.3 20.4
Car 2098.9 675.8 114.2 41.6
Car 1910.5 672.3 87.0 35.0
Car 1786.5 666.75 75.0 36.7
Car 1586.8 645.4 79.6 36.8
Truck 1329.85 595.7 71.7 54.6
Car 1380.7 652.45 82.2 71.3
Car 967.0 640.5 40.4 32.6
Car 62.05 715.3 124.1 151.8
Car 668.5 615.65 17 14.9
Car 616.15 626.5 27.9 21
Car 462.7 628.1 36.2 26.6
Car 710.05 623.1 15.7 14.2
Car 805.65 667.15 102.5 79.9
Car 728.1 653.65 60.6 52.1
van 1241.55 637.15 20.7 21.1
Car 1209.95 636.8 18.3 20.4
Car 2098.9 675.8 114.2 41.6
Car 1910.5 672.3 87.0 35.0
Car 1786.5 666.75 75.0 36.7
Car 1586.8 645.4 79.6 36.8
Truck 1329.85 595.7 71.7 54.6
Car 1380.7 652.45 82.2 71.3
Car 967.0 640.5 40.4 32.6
Car 62.05 715.3 124.1 151.8
Car 668.5 615.65 17 14.9
Car 616.15 626.5 27.9 21
Car 462.7 628.1 36.2 26.6
Car 710.05 623.1 15.7 14.2
Car 805.65 667.15 102.5 79.9
Car 728.1 653.65 60.6 52.1