Car 736.4 691.2 118.4 87.6
Car 683.9 663.05 57.0 56.1
Car 938.0 657.1 48.4 35.4
Car 640.15 632.95 19.9 16.7
Car 1295.25 659.15 70.1 62.7
Car 1494.85 651.8 69.3 32.0
Car 1702.65 666.35 47.3 33.5
van 1191.55 646.25 20.7 19.3
Car 1787.55 674.85 64.7 30.9
Car 1930.85 675.75 90.9 38.3
Car 7.65 825.8 15.3 91.2
Car 654.5 625.4 14.6 14.0
Car 696.8 627.3 17.2 10.6
Car 872.45 647.45 28.9 23.3
Car 1163.7 646.05 18.6 18.9
Truck 1271.65 608.8 64.9 45.6
Car 540.0 633.8 28.4 22.0
Car 736.4 691.2 118.4 87.6
Car 683.9 663.05 57.0 56.1
Car 938.0 657.1 48.4 35.4
Car 640.15 632.95 19.9 16.7
Car 1295.25 659.15 70.1 62.7
Car 1494.85 651.8 69.3 32.0
Car 1702.65 666.35 47.3 33.5
van 1191.55 646.25 20.7 19.3
Car 1787.55 674.85 64.7 30.9
Car 1930.85 675.75 90.9 38.3
Car 7.65 825.8 15.3 91.2
Car 654.5 625.4 14.6 14.0
Car 696.8 627.3 17.2 10.6
Car 872.45 647.45 28.9 23.3
Car 1163.7 646.05 18.6 18.9
Truck 1271.65 608.8 64.9 45.6