Car 536.1 636.4 38.6 24.4
Car 694.6 630.45 27.2 18.1
Car 773.75 657.45 55.9 48.9
Car 858.7 676.85 91.4 66.9
van 1288.2 650.55 24.0 21.9
Car 1254.8 649.2 20.4 23.2
Truck 1386.6 606.35 78.8 58.7
Car 1603.85 682.3 140.9 87.8
Car 1886.45 689.05 93.3 41.3
Car 2083.5 697.9 105.4 45.4
Car 2325.55 705.0 136.3 57.2
Car 978.65 653.05 33.7 30.1
Car 667.8 620.4 20.0 17.6
Car 1705.45 660.0 87.3 54.0
Pedestrian 1472.8 653.35 13.6 45.9
Car 268.7 636.6 55.8 40.4
Car 96.05 700.9 192.1 120.6
Car 536.1 636.4 38.6 24.4
Car 694.6 630.45 27.2 18.1
Car 773.75 657.45 55.9 48.9
Car 858.7 676.85 91.4 66.9
van 1288.2 650.55 24.0 21.9
Car 1254.8 649.2 20.4 23.2
Truck 1386.6 606.35 78.8 58.7
Car 1603.85 682.3 140.9 87.8
Car 1886.45 689.05 93.3 41.3
Car 2083.5 697.9 105.4 45.4
Car 2325.55 705.0 136.3 57.2
Car 978.65 653.05 33.7 30.1
Car 667.8 620.4 20.0 17.6
Car 1705.45 660.0 87.3 54.0
Pedestrian 1472.8 653.35 13.6 45.9
Car 268.7 636.6 55.8 40.4