Car 1048.5 661.4 60.2 50.4
MotorCyclist 162.1 633.55 22.2 30.3
Pedestrian 5.85 623.8 11.7 42.4
Car 1093.65 647.15 34.9 34.3
Car 1135.9 634.05 14.2 14.1
Car 853.7 620.9 26.2 14.2
Car 635.2 653.15 53.6 47.1
Car 974.5 592.35 28.6 28.3
Car 2511.55 729.5 32.3 78.2
Car 2341.0 687.25 146 95.7
van 1941.95 663.1 78.7 61.4
Car 683.7 691.7 177.0 122.6
Car 1048.5 661.4 60.2 50.4
MotorCyclist 162.1 633.55 22.2 30.3
Pedestrian 5.85 623.8 11.7 42.4
Car 1093.65 647.15 34.9 34.3
Car 1135.9 634.05 14.2 14.1
Car 853.7 620.9 26.2 14.2
Car 635.2 653.15 53.6 47.1
Car 974.5 592.35 28.6 28.3
Car 2511.55 729.5 32.3 78.2
Car 2341.0 687.25 146 95.7
van 1941.95 663.1 78.7 61.4