Car 1039.05 647.45 60.1 46.9
Car 1150.4 622.85 18.8 14.9
Car 1096.05 635.7 34.1 37.0
Car 654.75 643.1 59.1 59.8
Car 446.95 632.15 82.3 47.5
Car 542.75 617.5 44.3 26.6
Car 760.9 609.3 29.8 19.4
Car 917.7 573.95 33.4 31.5
van 2231.95 661.35 127.1 84.3
Car 1741.9 656.25 50.6 28.5
Car 708.9 679.0 163.0 117.6
Car 1039.05 647.45 60.1 46.9
Car 1150.4 622.85 18.8 14.9
Car 1096.05 635.7 34.1 37.0
Car 654.75 643.1 59.1 59.8
Car 446.95 632.15 82.3 47.5
Car 542.75 617.5 44.3 26.6
Car 760.9 609.3 29.8 19.4
Car 917.7 573.95 33.4 31.5
van 2231.95 661.35 127.1 84.3
Car 1741.9 656.25 50.6 28.5