Car 1230.5 622.15 47.0 38.3
Car 1425.3 619.3 42.2 34.6
Car 1530.1 606.95 27.4 19.5
van 1213.05 597.05 26.9 19.7
Car 971.8 604.8 38.0 28.0
MotorCyclist 801.15 606.25 19.9 27.7
Car 475.7 610.5 101.0 57
HeavyTruck 706.95 555.5 109.9 66.6
Machineshop 114.4 503.05 106.8 85.7
Car 1044.45 639.85 90.5 60.9
Car 1230.5 622.15 47.0 38.3
Car 1425.3 619.3 42.2 34.6
Car 1530.1 606.95 27.4 19.5
van 1213.05 597.05 26.9 19.7
Car 971.8 604.8 38.0 28.0
MotorCyclist 801.15 606.25 19.9 27.7
Car 475.7 610.5 101.0 57
HeavyTruck 706.95 555.5 109.9 66.6
Machineshop 114.4 503.05 106.8 85.7