Car 1217.15 644.1 45.9 35.4
Car 1404.35 638.35 39.9 34.7
Car 1500.6 627.85 26.0 21.3
EngineTruck 1549.0 580.7 48.0 29.4
Car 1483.7 615.65 23.8 23.7
Car 591.6 642.65 63.2 60.9
MotorCyclist 464.4 642.85 23.2 44.1
HeavyTruck 498.0 572.35 139.2 85.5
Car 872.2 631.3 48.0 19.4
van 1027.7 626.75 39.4 33.5
Car 1027.65 663.65 86.5 64.9
Car 1217.15 644.1 45.9 35.4
Car 1404.35 638.35 39.9 34.7
Car 1500.6 627.85 26.0 21.3
EngineTruck 1549.0 580.7 48.0 29.4
Car 1483.7 615.65 23.8 23.7
Car 591.6 642.65 63.2 60.9
MotorCyclist 464.4 642.85 23.2 44.1
HeavyTruck 498.0 572.35 139.2 85.5
Car 872.2 631.3 48.0 19.4
van 1027.7 626.75 39.4 33.5