Car 1227.4 654.7 50.0 39.0
Car 1439.75 651.45 42.7 30.9
Car 1559.75 638.75 26.3 19.5
van 1465.2 620.05 21.2 14.1
HeavyTruck 992.75 589.7 78.7 47.8
van 431.55 638.6 145.9 102.4
Car 311.05 637.4 70.5 48.0
Motorcycle 2425.6 658.35 89.6 107.9
Motorcycle 2263.05 664.7 118.9 93.8
Car 1024.4 673.85 97.2 69.7
Car 1227.4 654.7 50.0 39.0
Car 1439.75 651.45 42.7 30.9
Car 1559.75 638.75 26.3 19.5
van 1465.2 620.05 21.2 14.1
HeavyTruck 992.75 589.7 78.7 47.8
van 431.55 638.6 145.9 102.4
Car 311.05 637.4 70.5 48.0
Motorcycle 2425.6 658.35 89.6 107.9
Motorcycle 2263.05 664.7 118.9 93.8