Car 1240.9 634.45 49.0 37.3
Car 1445.2 628.6 40.4 32.8
Car 1556.9 618.65 28.6 19.7
Car 1590.6 606.45 19.2 16.9
van 1357.35 604.55 23.9 16.3
Car 913.9 614.2 49.8 30.0
HeavyTruck 872.35 567.55 91.9 59.1
Machineshop 385.3 533.05 80.6 79.3
Car 1050.35 652.35 93.1 68.3
Car 1240.9 634.45 49.0 37.3
Car 1445.2 628.6 40.4 32.8
Car 1556.9 618.65 28.6 19.7
Car 1590.6 606.45 19.2 16.9
van 1357.35 604.55 23.9 16.3
Car 913.9 614.2 49.8 30.0
HeavyTruck 872.35 567.55 91.9 59.1
Machineshop 385.3 533.05 80.6 79.3