Car 1192.6 631.0 42.0 38.4
Car 1266.85 637.4 62.9 51.2
Motorcycle 1342.7 620.6 33.0 26.4
TricycleOpenMotor 1386.5 606.4 31.4 28.8
TricycleOpenMotor 1452.5 631.55 44.6 55.9
HeavyTruck 952.75 550.0 75.5 64.8
Truck 1106.65 574.85 57.3 46.5
HeavyTruck 2040.6 521.55 172.8 151.9
Car 950.4 648.9 97.2 72.2
Car 1192.6 631.0 42.0 38.4
Car 1266.85 637.4 62.9 51.2
Motorcycle 1342.7 620.6 33.0 26.4
TricycleOpenMotor 1386.5 606.4 31.4 28.8
TricycleOpenMotor 1452.5 631.55 44.6 55.9
HeavyTruck 952.75 550.0 75.5 64.8
Truck 1106.65 574.85 57.3 46.5
HeavyTruck 2040.6 521.55 172.8 151.9