Car 1309.8 642.25 54.0 46.1
Car 1223.8 636.45 39.6 36.5
Car 1379.65 627.45 32.9 25.7
Car 1426.4 614.35 26.4 30.3
TricycleOpenMotor 1472.05 619.1 39.7 55.8
HeavyTruck 1154.05 568.1 69.3 45.0
Truck 1296.0 587.85 40.8 34.1
EngineTruck 1902.65 552.9 121.3 113.4
Car 1019.2 652.85 88.8 69.3
Car 1309.8 642.25 54.0 46.1
Car 1223.8 636.45 39.6 36.5
Car 1379.65 627.45 32.9 25.7
Car 1426.4 614.35 26.4 30.3
TricycleOpenMotor 1472.05 619.1 39.7 55.8
HeavyTruck 1154.05 568.1 69.3 45.0
Truck 1296.0 587.85 40.8 34.1
EngineTruck 1902.65 552.9 121.3 113.4