LightTruck 606.05 626.8 69.3 24.0
HeavyTruck 61.6 519.85 123.2 111.3
HeavyTruck 279.65 533.65 224.9 91.7
Car 1060.5 651.35 87.0 63.9
Car 1240.85 635.55 46.1 36.3
Car 1418.8 635.65 44.4 36.5
Car 1462.7 624.0 23.8 19.6
Car 1491.85 610.45 29.7 25.7
Car 1606.6 620.45 22.4 21.7
MotorCyclist 1561.5 615.65 21.4 29.3
EngineTruck 1339.15 565.45 65.1 42.9
van 129.15 631.5 150.7 96.2
LightTruck 606.05 626.8 69.3 24.0
HeavyTruck 61.6 519.85 123.2 111.3
HeavyTruck 279.65 533.65 224.9 91.7
Car 1060.5 651.35 87.0 63.9
Car 1240.85 635.55 46.1 36.3
Car 1418.8 635.65 44.4 36.5
Car 1462.7 624.0 23.8 19.6
Car 1491.85 610.45 29.7 25.7
Car 1606.6 620.45 22.4 21.7
MotorCyclist 1561.5 615.65 21.4 29.3
EngineTruck 1339.15 565.45 65.1 42.9