Car 1229.85 652.55 43.7 35.9
Car 1411.75 649.7 41.9 34.2
Car 1489.25 629.9 24.5 25.8
TricycleOpenMotor 1581.95 635.4 17.1 19.2
EngineTruck 1454.6 584.5 54.8 35.0
van 777.6 642.8 62.0 37.2
MotorCyclist 295.05 664.95 28.9 53.1
HeavyTruck 245.15 571.9 183.1 92.6
HeavyTruck 522.3 575.7 153.8 77.0
Car 1044.75 670.75 85.9 63.5
Car 1229.85 652.55 43.7 35.9
Car 1411.75 649.7 41.9 34.2
Car 1489.25 629.9 24.5 25.8
TricycleOpenMotor 1581.95 635.4 17.1 19.2
EngineTruck 1454.6 584.5 54.8 35.0
van 777.6 642.8 62.0 37.2
MotorCyclist 295.05 664.95 28.9 53.1
HeavyTruck 245.15 571.9 183.1 92.6
HeavyTruck 522.3 575.7 153.8 77.0