Car 1313.85 644.45 71.3 54.9
Car 1221.75 634.45 41.9 39.3
Car 1479.1 619.15 22.6 29.5
Car 1417.4 610.05 30.0 30.5
TricycleOpenMotor 1516.4 640.2 60.4 75.2
HeavyTruck 738.45 560.95 107.7 81.5
Truck 863.1 568.4 75.4 71.2
EngineTruck 2273.65 464.15 190.9 205.5
Machineshop 1960.1 564.5 105.8 105
Car 951.25 655.85 104.9 76.9
Car 1313.85 644.45 71.3 54.9
Car 1221.75 634.45 41.9 39.3
Car 1479.1 619.15 22.6 29.5
Car 1417.4 610.05 30.0 30.5
TricycleOpenMotor 1516.4 640.2 60.4 75.2
HeavyTruck 738.45 560.95 107.7 81.5
Truck 863.1 568.4 75.4 71.2
EngineTruck 2273.65 464.15 190.9 205.5
Machineshop 1960.1 564.5 105.8 105