HeavyTruck 700.8 546.25 120.8 93.7
Car 1280.9 659.45 99.8 83.7
Car 997.15 651.6 62.3 47.6
Car 1250.7 636.95 45.0 37.5
Car 1360.15 630.75 43.5 37.5
Car 1560.9 625.6 13.4 10.0
MotorCyclist 1545.4 626.4 12.8 28.0
Truck 1465.75 578.95 40.3 47.5
Car 1399.5 619.5 34.2 33.8
Car 1029.5 691.0 170.6 144.4
HeavyTruck 700.8 546.25 120.8 93.7
Car 1280.9 659.45 99.8 83.7
Car 997.15 651.6 62.3 47.6
Car 1250.7 636.95 45.0 37.5
Car 1360.15 630.75 43.5 37.5
Car 1560.9 625.6 13.4 10.0
MotorCyclist 1545.4 626.4 12.8 28.0
Truck 1465.75 578.95 40.3 47.5
Car 1399.5 619.5 34.2 33.8