Car 1407.9 654.1 101.4 87.0
Car 1500.5 622.55 41 38.7
Car 1316.8 636.55 38.8 40.7
Car 1376.95 619.2 29.9 23.6
MotorCyclist 1685.5 613.9 11.8 26.2
Car 1670.15 606.3 14.7 13.0
MotorCyclist 738.1 646.4 32.2 37.2
Machineshop 158.05 649.95 76.1 67.1
Machineshop 357.8 585.4 91.6 42.4
HeavyTruck 1613.85 566.9 40.1 49.8
Truck 1575.4 590.3 62.8 32.6
HeavyTruck 1254.25 577.75 57.7 50.3
Car 1526.9 609.6 39.4 35.2
Car 1092.2 686.6 190.0 149.2
Car 1407.9 654.1 101.4 87.0
Car 1500.5 622.55 41 38.7
Car 1316.8 636.55 38.8 40.7
Car 1376.95 619.2 29.9 23.6
MotorCyclist 1685.5 613.9 11.8 26.2
Car 1670.15 606.3 14.7 13.0
MotorCyclist 738.1 646.4 32.2 37.2
Machineshop 158.05 649.95 76.1 67.1
Machineshop 357.8 585.4 91.6 42.4
HeavyTruck 1613.85 566.9 40.1 49.8
Truck 1575.4 590.3 62.8 32.6
HeavyTruck 1254.25 577.75 57.7 50.3
Car 1526.9 609.6 39.4 35.2