HeavyTruck 1019.45 558.0 76.1 62.4
HeavyTruck 1532.15 565.85 39.1 48.9
Truck 1503.65 585.4 44.1 28.4
Car 1460.8 606.95 36.4 35.9
Car 1645.8 611.45 12.0 9.7
Car 1586.45 609.25 14.1 12.1
Car 1427.75 615.1 41.5 30.6
Car 1308.45 617.7 27.3 26.2
Car 1361.05 652.25 94.5 86.1
Car 1103.65 681.35 176.1 152.3
Car 1043.4 646.35 69.6 62.3
MotorCyclist 155.9 658.25 48.2 67.3
MotorCyclist 1612.1 612.4 11.0 25.2
Machineshop 52.0 571.8 104 54.4
HeavyTruck 1019.45 558.0 76.1 62.4
HeavyTruck 1532.15 565.85 39.1 48.9
Truck 1503.65 585.4 44.1 28.4
Car 1460.8 606.95 36.4 35.9
Car 1645.8 611.45 12.0 9.7
Car 1586.45 609.25 14.1 12.1
Car 1427.75 615.1 41.5 30.6
Car 1308.45 617.7 27.3 26.2
Car 1361.05 652.25 94.5 86.1
Car 1103.65 681.35 176.1 152.3
Car 1043.4 646.35 69.6 62.3
MotorCyclist 155.9 658.25 48.2 67.3
MotorCyclist 1612.1 612.4 11.0 25.2