Car 1199.35 663.15 75.1 65.9
van 405.25 655.15 114.1 80.7
HeavyTruck 646.55 601.05 80.7 66.5
Car 1448.3 660.35 30.6 24.3
MotorCyclist 1500.65 661.15 27.7 59.5
MotorCyclist 1405.05 657.6 10.9 27.6
Car 828.6 643.75 35.2 26.7
HeavyTruck 101.2 633.35 202.4 115.5
HeavyTruck 1252.55 605.9 35.1 41.0
Car 927.9 694.45 158.2 132.1
Car 1199.35 663.15 75.1 65.9
van 405.25 655.15 114.1 80.7
HeavyTruck 646.55 601.05 80.7 66.5
Car 1448.3 660.35 30.6 24.3
MotorCyclist 1500.65 661.15 27.7 59.5
MotorCyclist 1405.05 657.6 10.9 27.6
Car 828.6 643.75 35.2 26.7
HeavyTruck 101.2 633.35 202.4 115.5
HeavyTruck 1252.55 605.9 35.1 41.0