Car 938.85 685.55 162.9 128.3
Car 1232.15 663.5 94.3 78.6
Car 1159.35 649.55 38.7 34.7
Car 1305.5 638.05 38.2 29.7
Car 1540.1 641.85 17.8 13.7
MotorCyclist 1496.1 639.05 19.4 36.9
HeavyTruck 1382.7 590.7 35.0 49.0
HeavyTruck 1159.85 605.9 72.5 31.4
Car 73.05 702.35 146.1 115.9
Car 938.85 685.55 162.9 128.3
Car 1232.15 663.5 94.3 78.6
Car 1159.35 649.55 38.7 34.7
Car 1305.5 638.05 38.2 29.7
Car 1540.1 641.85 17.8 13.7
MotorCyclist 1496.1 639.05 19.4 36.9
HeavyTruck 1382.7 590.7 35.0 49.0
HeavyTruck 1159.85 605.9 72.5 31.4