Car 1197.35 663.35 70.7 64.3
MotorCyclist 1419.8 664.4 15.6 31.6
Car 1469.85 667.05 34.5 28.9
MotorCyclist 1588.4 665.65 32.0 70.5
HeavyTruck 353.5 577.1 140.2 114.6
Car 438.2 659.05 90.0 80.9
Car 713.55 665.05 52.3 39.7
Car 904.2 662.2 73.6 57.2
HeavyTruck 1245.65 612.7 34.5 45.8
Truck 959.75 618.85 49.1 54.9
Car 930.85 697.35 156.5 129.5
Car 1197.35 663.35 70.7 64.3
MotorCyclist 1419.8 664.4 15.6 31.6
Car 1469.85 667.05 34.5 28.9
MotorCyclist 1588.4 665.65 32.0 70.5
HeavyTruck 353.5 577.1 140.2 114.6
Car 438.2 659.05 90.0 80.9
Car 713.55 665.05 52.3 39.7
Car 904.2 662.2 73.6 57.2
HeavyTruck 1245.65 612.7 34.5 45.8
Truck 959.75 618.85 49.1 54.9