Pedestrian 846.9 648.05 12.6 38.1
Car 962.35 686.7 163.5 137.4
Car 1266.6 659.65 98.0 83.7
Car 1181.65 641.05 53.3 37.3
Car 1362.8 630.05 39.2 38.5
Car 1251.1 629.95 35.0 33.5
MotorCyclist 1539.5 626.95 13.0 30.3
HeavyTruck 1463.6 579.5 38.0 49.8
Car 1386.6 619.85 31.2 31.7
HeavyTruck 117.25 483.5 234.5 199.4
Pedestrian 846.9 648.05 12.6 38.1
Car 962.35 686.7 163.5 137.4
Car 1266.6 659.65 98.0 83.7
Car 1181.65 641.05 53.3 37.3
Car 1362.8 630.05 39.2 38.5
Car 1251.1 629.95 35.0 33.5
MotorCyclist 1539.5 626.95 13.0 30.3
HeavyTruck 1463.6 579.5 38.0 49.8
Car 1386.6 619.85 31.2 31.7