Car 966.55 684.2 162.3 131.6
Car 1277.2 659.95 96.4 81.9
Car 1191.95 644.05 43.1 34.9
Car 1369.35 633.65 38.7 36.1
MotorCyclist 1550.0 632.0 13.2 31.6
HeavyTruck 1464.25 582.75 34.5 50.3
HeavyTruck 1489.35 596.7 30.3 35.8
Car 1622.9 627.25 16.6 12.9
Pedestrian 663.8 662.6 15.2 39.6
Car 966.55 684.2 162.3 131.6
Car 1277.2 659.95 96.4 81.9
Car 1191.95 644.05 43.1 34.9
Car 1369.35 633.65 38.7 36.1
MotorCyclist 1550.0 632.0 13.2 31.6
HeavyTruck 1464.25 582.75 34.5 50.3
HeavyTruck 1489.35 596.7 30.3 35.8
Car 1622.9 627.25 16.6 12.9