Car 1899.75 683.5 153.5 94.2
BiCyclist 1593.8 639.35 17.6 49.1
Car 879.15 653.25 85.9 72.9
Car 1241.45 631.25 84.1 56.1
Car 1063.05 625.75 40.9 46.7
van 129.2 635.8 98.4 73.6
Car 525.45 626.6 70.5 58.4
Car 718.2 614.95 49.2 46.7
Car 668.6 626.85 39.6 30.9
Car 1090.55 685.35 157.5 137.1
van 862.75 605.75 32.7 40.3
HeavyTruck 1218.5 566.9 40.2 50.2
MotorCyclist 1743.5 658.85 36.2 81.3
Car 1899.75 683.5 153.5 94.2
BiCyclist 1593.8 639.35 17.6 49.1
Car 879.15 653.25 85.9 72.9
Car 1241.45 631.25 84.1 56.1
Car 1063.05 625.75 40.9 46.7
van 129.2 635.8 98.4 73.6
Car 525.45 626.6 70.5 58.4
Car 718.2 614.95 49.2 46.7
Car 668.6 626.85 39.6 30.9
Car 1090.55 685.35 157.5 137.1
van 862.75 605.75 32.7 40.3
HeavyTruck 1218.5 566.9 40.2 50.2