Car 1212.2 673.25 68.4 57.3
MotorCyclist 1687.45 675.2 48.1 92.0
MotorCyclist 1457.65 671.05 20.5 36.9
Car 1516.85 675.3 46.1 35.0
Car 885.3 673.9 70.6 66.6
Truck 889.65 619.1 57.3 64.2
Car 81.95 694.15 155.5 102.7
HeavyTruck 93.75 594.4 187.5 132.0
Car 701.15 689.9 61.9 37.4
HeavyTruck 1251.3 616.55 38.6 50.3
Car 977.3 692.7 154.2 124.2
Car 1212.2 673.25 68.4 57.3
MotorCyclist 1687.45 675.2 48.1 92.0
MotorCyclist 1457.65 671.05 20.5 36.9
Car 1516.85 675.3 46.1 35.0
Car 885.3 673.9 70.6 66.6
Truck 889.65 619.1 57.3 64.2
Car 81.95 694.15 155.5 102.7
HeavyTruck 93.75 594.4 187.5 132.0
Car 701.15 689.9 61.9 37.4
HeavyTruck 1251.3 616.55 38.6 50.3