Car 1702.4 707.4 84.4 58.0
MotorCyclist 1603.25 698.4 26.9 59.6
BiCyclist 1550.25 685.4 14.5 40.0
HeavyTruck 366.7 568.6 195.4 164.8
MotorCyclist 202.1 703.6 25.4 60.8
Car 912.25 710.6 88.5 70.8
Car 1097.65 731.05 147.3 124.1
Car 1271.7 698.15 60.6 53.5
Car 889.3 665.7 29.8 17.8
Car 793.2 673.1 38.0 36.2
LargeBus 979.75 664.2 40.7 32.0
HeavyTruck 1257.35 622.8 36.7 49.2
MotorCyclist 2277.3 762.8 113.8 221.2
Car 1702.4 707.4 84.4 58.0
MotorCyclist 1603.25 698.4 26.9 59.6
BiCyclist 1550.25 685.4 14.5 40.0
HeavyTruck 366.7 568.6 195.4 164.8
MotorCyclist 202.1 703.6 25.4 60.8
Car 912.25 710.6 88.5 70.8
Car 1097.65 731.05 147.3 124.1
Car 1271.7 698.15 60.6 53.5
Car 889.3 665.7 29.8 17.8
Car 793.2 673.1 38.0 36.2
LargeBus 979.75 664.2 40.7 32.0
HeavyTruck 1257.35 622.8 36.7 49.2