Car 235.25 706.2 140.5 76.0
Car 411.1 705.55 59.8 55.5
HeavyTruck 758.85 605.55 91.3 93.5
MotorCyclist 1524.9 685.55 19.8 47.9
Car 1597.35 690.8 57.1 42.8
MotorCyclist 1849.85 695.0 57.3 133.6
Car 895.15 698.35 68.3 69.1
Car 1239.75 693.35 71.5 54.3
Car 1047.2 705.9 149.2 125.4
HeavyTruck 1268.7 630.15 36.6 59.9
BiCyclist 1501.85 679.8 7.3 27.6
Pedestrian 117.9 716.95 29.8 86.7
Car 235.25 706.2 140.5 76.0
Car 411.1 705.55 59.8 55.5
HeavyTruck 758.85 605.55 91.3 93.5
MotorCyclist 1524.9 685.55 19.8 47.9
Car 1597.35 690.8 57.1 42.8
MotorCyclist 1849.85 695.0 57.3 133.6
Car 895.15 698.35 68.3 69.1
Car 1239.75 693.35 71.5 54.3
Car 1047.2 705.9 149.2 125.4
HeavyTruck 1268.7 630.15 36.6 59.9
BiCyclist 1501.85 679.8 7.3 27.6