Car 780.55 633.45 100.3 79.7
Car 101.05 626.55 104.5 65.9
Car 52.8 627.9 78.0 52.2
Car 1229.1 630.65 48.6 41.3
Pedestrian 1554.15 608.65 15.1 35.7
MotorCyclist 1394.75 619.75 15.1 24.7
Truck 943.4 491.25 101.6 152.5
EngineTruck 641.1 559.25 90.6 57.7
Car 1148.75 609.35 17.9 15.1
Truck 502.9 569.6 149.8 72.8
MotorCyclist 1497.0 618.45 13.2 31.7
Car 416.35 688.4 229.5 145.6
Car 780.55 633.45 100.3 79.7
Car 101.05 626.55 104.5 65.9
Car 52.8 627.9 78.0 52.2
Car 1229.1 630.65 48.6 41.3
Pedestrian 1554.15 608.65 15.1 35.7
MotorCyclist 1394.75 619.75 15.1 24.7
Truck 943.4 491.25 101.6 152.5
EngineTruck 641.1 559.25 90.6 57.7
Car 1148.75 609.35 17.9 15.1
Truck 502.9 569.6 149.8 72.8
MotorCyclist 1497.0 618.45 13.2 31.7