Car 690.25 680.65 144.9 98.5
Car 886.25 650.6 72.9 58.8
Car 1242.3 645.4 44.6 39.2
Car 522.8 643.9 53.6 38.2
MotorCyclist 1388.35 635.3 10.7 21.4
Car 1155.25 629.65 13.3 13.7
HeavyTruck 1010.65 534.35 79.3 120.7
LargeBus 37.9 553.25 75.8 93.7
Car 65.15 671.0 130.3 158.8
Car 690.25 680.65 144.9 98.5
Car 886.25 650.6 72.9 58.8
Car 1242.3 645.4 44.6 39.2
Car 522.8 643.9 53.6 38.2
MotorCyclist 1388.35 635.3 10.7 21.4
Car 1155.25 629.65 13.3 13.7
HeavyTruck 1010.65 534.35 79.3 120.7
LargeBus 37.9 553.25 75.8 93.7