Car 1422.9 643.7 55.0 45.4
Car 1144.05 624.55 35.7 34.3
HeavyTruck 498.8 603.15 75.6 46.7
HeavyTruck 1187.6 601.1 34.4 42.6
Car 1274.55 632.75 21.9 17.9
Car 1340.5 634.85 11.0 10.9
van 1362.45 634.2 16.5 9.6
Car 1291.7 632.05 17.8 16.5
MotorCyclist 2382.65 673.35 67.3 93.5
Car 1422.9 643.7 55.0 45.4
Car 1144.05 624.55 35.7 34.3
HeavyTruck 498.8 603.15 75.6 46.7
HeavyTruck 1187.6 601.1 34.4 42.6
Car 1274.55 632.75 21.9 17.9
Car 1340.5 634.85 11.0 10.9
van 1362.45 634.2 16.5 9.6
Car 1291.7 632.05 17.8 16.5