van 1454.4 615.8 34.0 14.4
Car 1349.45 630.35 39.7 32.3
Car 1333.35 631.15 25.1 25.1
Car 1220.6 627.2 38.4 38.0
Truck 1041.4 566.55 79.6 82.3
Car 747.85 626.5 80.9 66.2
HeavyTruck 897.15 560.55 107.9 61.1
EngineTruck 388.35 567.7 121.1 71.4
van 185.2 646.95 79.6 49.5
Truck 18.95 566.95 37.9 107.9
Car 1588.15 679.75 165.1 121.9
van 1454.4 615.8 34.0 14.4
Car 1349.45 630.35 39.7 32.3
Car 1333.35 631.15 25.1 25.1
Car 1220.6 627.2 38.4 38.0
Truck 1041.4 566.55 79.6 82.3
Car 747.85 626.5 80.9 66.2
HeavyTruck 897.15 560.55 107.9 61.1
EngineTruck 388.35 567.7 121.1 71.4
van 185.2 646.95 79.6 49.5
Truck 18.95 566.95 37.9 107.9