van 1503.85 593.95 34.5 16.3
Car 1398.95 609.1 47.9 38.6
Car 1378.7 609.3 29.8 31.0
Car 1247.65 604.85 47.3 44.5
Truck 1036.75 535.35 98.7 93.5
HeavyTruck 808.85 537.0 139.7 64.8
Car 715.15 601.05 92.3 72.1
EngineTruck 87.9 519.8 175.8 122.4
Car 1671.15 661.95 188.3 132.7
van 1503.85 593.95 34.5 16.3
Car 1398.95 609.1 47.9 38.6
Car 1378.7 609.3 29.8 31.0
Car 1247.65 604.85 47.3 44.5
Truck 1036.75 535.35 98.7 93.5
HeavyTruck 808.85 537.0 139.7 64.8
Car 715.15 601.05 92.3 72.1
EngineTruck 87.9 519.8 175.8 122.4