Car 1884.55 693.25 419.5 283.3
Car 1373.35 647.85 127.1 88.9
Car 1190.2 659.4 25.6 26.0
Car 11.25 674.3 22.5 67.0
HeavyTruck 41.15 602.1 82.3 98.6
MotorCyclist 217.2 687.1 18.4 30.2
Car 1246.95 657.1 57.5 48.6
Car 1594.3 641.4 85.4 62.4
van 1732.15 639.0 56.3 43.6
Car 1160.4 655.8 16.8 18.0
Car 855.95 661.45 203.1 194.1
Car 1884.55 693.25 419.5 283.3
Car 1373.35 647.85 127.1 88.9
Car 1190.2 659.4 25.6 26.0
Car 11.25 674.3 22.5 67.0
HeavyTruck 41.15 602.1 82.3 98.6
MotorCyclist 217.2 687.1 18.4 30.2
Car 1246.95 657.1 57.5 48.6
Car 1594.3 641.4 85.4 62.4
van 1732.15 639.0 56.3 43.6
Car 1160.4 655.8 16.8 18.0