Motorcycle 100.15 651.3 21.5 25.0
Car 1193.5 669.75 102.6 92.7
Car 996.8 634.4 61.6 53.6
Car 436.65 648.8 66.5 61.2
Car 1128.75 633.05 21.9 22.1
Car 824.5 634.1 23.8 22.2
Car 1108.1 631.8 17.4 14.8
Car 1166.9 631.6 27.0 22.4
Car 927.1 636.55 25.0 21.9
MotorCyclist 1384.0 634.5 18.0 38.2
Motorcycle 142.95 652.95 19.9 22.3
Motorcycle 100.15 651.3 21.5 25.0
Car 1193.5 669.75 102.6 92.7
Car 996.8 634.4 61.6 53.6
Car 436.65 648.8 66.5 61.2
Car 1128.75 633.05 21.9 22.1
Car 824.5 634.1 23.8 22.2
Car 1108.1 631.8 17.4 14.8
Car 1166.9 631.6 27.0 22.4
Car 927.1 636.55 25.0 21.9
MotorCyclist 1384.0 634.5 18.0 38.2