Car 979.0 639.25 60.8 51.7
Car 703.05 642.75 40.1 38.7
Car 1112.3 633.3 20.6 20.6
Car 1149.95 630.35 27.5 27.5
Car 1093.85 629.5 13.7 17.0
Car 758.85 629.3 25.3 13.8
Truck 999.6 604.3 17.6 18.6
MotorCyclist 1410.05 638.75 19.7 41.9
Car 1069.25 628.65 12.9 10.1
Car 865.8 633.2 32.4 32.0
Car 948.95 632.25 9.9 9.3
Car 1179.95 671.45 105.1 94.9
Car 979.0 639.25 60.8 51.7
Car 703.05 642.75 40.1 38.7
Car 1112.3 633.3 20.6 20.6
Car 1149.95 630.35 27.5 27.5
Car 1093.85 629.5 13.7 17.0
Car 758.85 629.3 25.3 13.8
Truck 999.6 604.3 17.6 18.6
MotorCyclist 1410.05 638.75 19.7 41.9
Car 1069.25 628.65 12.9 10.1
Car 865.8 633.2 32.4 32.0
Car 948.95 632.25 9.9 9.3