Car 1059.5 640.65 58.6 47.7
Car 1176.65 678.4 114.1 104.8
Truck 651.75 587.45 87.9 58.5
MotorCyclist 1350.95 627.2 12.7 29.2
Car 817.45 606.15 56.1 40.3
Car 1176.55 631.15 24.3 15.9
Car 1232.75 629.5 22.3 14.6
Car 1129.25 631.05 13.3 11.7
Car 280.15 660.0 38.3 25.2
Car 465.95 654.5 55.5 13.8
Car 1059.5 640.65 58.6 47.7
Car 1176.65 678.4 114.1 104.8
Truck 651.75 587.45 87.9 58.5
MotorCyclist 1350.95 627.2 12.7 29.2
Car 817.45 606.15 56.1 40.3
Car 1176.55 631.15 24.3 15.9
Car 1232.75 629.5 22.3 14.6
Car 1129.25 631.05 13.3 11.7
Car 280.15 660.0 38.3 25.2