Car 1160.5 672.2 112.6 104.8
Car 1031.7 634.4 58.6 54.0
Car 610.95 594.15 82.7 64.3
Car 380.65 645.8 33.3 19.2
MotorCyclist 1331.6 631.1 12.4 25.8
Car 902.6 625.7 18.0 15.8
Car 1202.7 629.4 25.8 29.6
Car 1158.2 624.5 16.0 18.6
Car 1140.6 624.05 11.6 14.5
Car 1095.7 632.85 17.8 18.9
Truck 85.65 557.4 171.3 158.8
Car 1160.5 672.2 112.6 104.8
Car 1031.7 634.4 58.6 54.0
Car 610.95 594.15 82.7 64.3
Car 380.65 645.8 33.3 19.2
MotorCyclist 1331.6 631.1 12.4 25.8
Car 902.6 625.7 18.0 15.8
Car 1202.7 629.4 25.8 29.6
Car 1158.2 624.5 16.0 18.6
Car 1140.6 624.05 11.6 14.5
Car 1095.7 632.85 17.8 18.9