Car 1185.3 667.15 121.0 107.5
Car 972.55 628.05 60.7 50.5
Car 1051.85 623.85 31.3 31.3
Pedestrian 1558.05 611.2 6.9 26.4
Pedestrian 1383.95 614.55 7.9 21.1
MotorCyclist 1351.1 624.3 9.0 19.8
Car 1119.6 621.15 15.2 17.9
Car 1140.1 623.0 21.0 25.2
MotorCyclist 2366.15 680.8 81.9 134.8
Car 1185.3 667.15 121.0 107.5
Car 972.55 628.05 60.7 50.5
Car 1051.85 623.85 31.3 31.3
Pedestrian 1558.05 611.2 6.9 26.4
Pedestrian 1383.95 614.55 7.9 21.1
MotorCyclist 1351.1 624.3 9.0 19.8
Car 1119.6 621.15 15.2 17.9
Car 1140.1 623.0 21.0 25.2