Car 940.8 622.5 60.8 57.8
MotorCyclist 1480.15 629.0 11.9 40.4
Car 1207.65 623.45 46.9 46.5
Car 1363.15 612.6 23.1 19.6
Car 697.9 625.0 64.2 41.2
MotorCyclist 536.8 639.05 17.2 35.3
Car 1260.75 617.25 33.5 30.1
Car 1315.45 616.9 26.9 24.6
Car 1429.85 614.55 16.9 12.7
Car 1025.5 685.0 173.4 155.2
Car 940.8 622.5 60.8 57.8
MotorCyclist 1480.15 629.0 11.9 40.4
Car 1207.65 623.45 46.9 46.5
Car 1363.15 612.6 23.1 19.6
Car 697.9 625.0 64.2 41.2
MotorCyclist 536.8 639.05 17.2 35.3
Car 1260.75 617.25 33.5 30.1
Car 1315.45 616.9 26.9 24.6
Car 1429.85 614.55 16.9 12.7