Car 1077.35 669.15 160.7 134.7
MotorCyclist 2092.7 675.3 86.6 169.0
Car 1275.85 623.2 57.7 53.6
Car 1341.15 616.2 39.9 34.4
Car 1425.0 622.4 31.6 24.8
Car 1399.55 610.7 24.7 23.4
Car 1497.15 613.55 21.9 17.9
Car 1570.0 616.9 19.2 13.8
Car 1513.6 612.85 22.0 16.5
Truck 1279.3 573.65 42.6 48.1
van 162.0 629.3 324 285.8
Car 1077.35 669.15 160.7 134.7
MotorCyclist 2092.7 675.3 86.6 169.0
Car 1275.85 623.2 57.7 53.6
Car 1341.15 616.2 39.9 34.4
Car 1425.0 622.4 31.6 24.8
Car 1399.55 610.7 24.7 23.4
Car 1497.15 613.55 21.9 17.9
Car 1570.0 616.9 19.2 13.8
Car 1513.6 612.85 22.0 16.5
Truck 1279.3 573.65 42.6 48.1