Car 1166.65 667.1 130.5 108.6
Car 1352.15 629.35 56.3 49.5
Car 1380.9 624.55 42.6 34.3
Truck 1225.7 578.55 45.4 46.7
Car 1432.5 625.85 30.2 26.1
Car 1450.4 619.65 22.0 19.3
Car 1521.1 617.0 20.6 19.2
MotorCyclist 1585.1 619.05 11.0 23.3
van 731.1 630.75 149.8 129.1
Car 1166.65 667.1 130.5 108.6
Car 1352.15 629.35 56.3 49.5
Car 1380.9 624.55 42.6 34.3
Truck 1225.7 578.55 45.4 46.7
Car 1432.5 625.85 30.2 26.1
Car 1450.4 619.65 22.0 19.3
Car 1521.1 617.0 20.6 19.2
MotorCyclist 1585.1 619.05 11.0 23.3