MotorCyclist 1674.3 643.8 30.2 72.8
Car 1277.25 630.7 60.5 52.2
Car 1358.3 621.75 35.8 34.3
Car 1414.0 622.4 31.6 24.8
Car 1462.75 617.7 24.7 20.6
Car 1526.0 618.25 19.2 16.5
Car 1567.95 623.2 15.1 9.6
HeavyTruck 1363.15 586.1 34.3 39.8
Car 1038.2 675.35 148.4 125.1
MotorCyclist 1674.3 643.8 30.2 72.8
Car 1277.25 630.7 60.5 52.2
Car 1358.3 621.75 35.8 34.3
Car 1414.0 622.4 31.6 24.8
Car 1462.75 617.7 24.7 20.6
Car 1526.0 618.25 19.2 16.5
Car 1567.95 623.2 15.1 9.6
HeavyTruck 1363.15 586.1 34.3 39.8