van 558.65 632.1 184.1 159.4
Car 1119.25 671.2 140.1 116.8
Car 1317.05 627.9 57.7 52.2
Car 1370.65 623.85 38.5 32.9
Truck 1237.35 579.9 46.7 49.4
Car 1426.35 623.75 34.3 27.5
Car 1464.85 619.65 23.3 19.3
TricycleOpenMotor 1534.2 616.3 19.2 17.8
MotorCyclist 1591.2 623.1 12.4 20.6
MotorCyclist 2517.25 827.25 28.5 164.9
van 558.65 632.1 184.1 159.4
Car 1119.25 671.2 140.1 116.8
Car 1317.05 627.9 57.7 52.2
Car 1370.65 623.85 38.5 32.9
Truck 1237.35 579.9 46.7 49.4
Car 1426.35 623.75 34.3 27.5
Car 1464.85 619.65 23.3 19.3
TricycleOpenMotor 1534.2 616.3 19.2 17.8
MotorCyclist 1591.2 623.1 12.4 20.6