Car 1086.9 673.25 152.6 126.5
MotorCyclist 2301.55 696.7 125.1 222.6
Car 1288.25 630.0 60.5 50.8
Car 1344.6 624.55 41.2 34.3
Car 1423.6 623.75 34.4 27.5
Truck 1251.9 580.6 42.6 50.8
Car 1473.05 619.65 23.3 19.3
Car 1545.2 616.3 19.2 17.8
MotorCyclist 1601.5 620.3 11 20.6
Car 1488.1 618.25 20.6 16.5
van 376.55 637.6 248.7 208.8
Car 1086.9 673.25 152.6 126.5
MotorCyclist 2301.55 696.7 125.1 222.6
Car 1288.25 630.0 60.5 50.8
Car 1344.6 624.55 41.2 34.3
Car 1423.6 623.75 34.4 27.5
Truck 1251.9 580.6 42.6 50.8
Car 1473.05 619.65 23.3 19.3
Car 1545.2 616.3 19.2 17.8
MotorCyclist 1601.5 620.3 11 20.6
Car 1488.1 618.25 20.6 16.5