Car 1143.7 671.7 91.0 82.2
van 961.85 630.75 58.5 64.7
Truck 860.55 564.05 69.9 85.7
LargeBus 467.15 609.55 65.9 57.9
Car 1045.5 636.15 41.4 39.1
MotorCyclist 1319.4 631.05 9.6 22.1
Pedestrian 1306.55 625.35 7.5 18.3
Pedestrian 1411.65 631.9 7.3 24.6
Car 2365.9 969.5 129.4 289.0
Car 1143.7 671.7 91.0 82.2
van 961.85 630.75 58.5 64.7
Truck 860.55 564.05 69.9 85.7
LargeBus 467.15 609.55 65.9 57.9
Car 1045.5 636.15 41.4 39.1
MotorCyclist 1319.4 631.05 9.6 22.1
Pedestrian 1306.55 625.35 7.5 18.3
Pedestrian 1411.65 631.9 7.3 24.6