Car 1179.35 667.95 91.9 82.7
van 1017.9 627.2 54.2 60.8
HeavyTruck 865.4 556.95 82.0 96.3
LargeBus 261.25 605.65 98.9 79.3
Car 167.95 670.65 106.3 58.9
Car 1088.35 631.4 41.5 38.0
MotorCyclist 1346.1 622.9 7.0 17.8
MotorCyclist 1365.25 627.6 10.5 20.8
Pedestrian 1479.25 627.3 8.9 29.4
Car 1983.95 722.45 351.5 268.9
Car 1179.35 667.95 91.9 82.7
van 1017.9 627.2 54.2 60.8
HeavyTruck 865.4 556.95 82.0 96.3
LargeBus 261.25 605.65 98.9 79.3
Car 167.95 670.65 106.3 58.9
Car 1088.35 631.4 41.5 38.0
MotorCyclist 1346.1 622.9 7.0 17.8
MotorCyclist 1365.25 627.6 10.5 20.8
Pedestrian 1479.25 627.3 8.9 29.4