Car 1056.8 674.95 108.4 95.9
van 917.15 633.45 53.5 60.1
Car 1265.75 634.85 47.5 38.9
Car 1158.6 635.85 50.0 51.3
MotorCyclist 1339.35 625.8 14.3 32.0
Car 847.65 635.7 26.1 27.4
MotorCyclist 2513.2 656.55 31.2 134.7
Car 1010.25 634.75 33.3 31.5
Car 153.5 708.1 307 241.0
Car 1056.8 674.95 108.4 95.9
van 917.15 633.45 53.5 60.1
Car 1265.75 634.85 47.5 38.9
Car 1158.6 635.85 50.0 51.3
MotorCyclist 1339.35 625.8 14.3 32.0
Car 847.65 635.7 26.1 27.4
MotorCyclist 2513.2 656.55 31.2 134.7
Car 1010.25 634.75 33.3 31.5