MotorCyclist 127.6 634.95 13.2 23.1
MotorCyclist 200.0 627.8 8.8 17.6
MotorCyclist 1357.35 637.1 18.7 40.6
MotorCyclist 1468.75 636.55 26.3 52.7
MotorCyclist 1158.1 633.25 19.8 37.3
van 305.35 623.4 52.7 26.4
Car 664.25 625.05 28.5 20.9
Car 865.15 636.0 35.1 29.6
Car 946.35 633.25 39.5 37.3
van 1007.2 626.1 47.2 53.8
Car 1073.15 654.15 77.9 65.9
Car 771.25 645.9 84.5 71.4
Pedestrian 56.25 631.1 10.9 28.6
MotorCyclist 127.6 634.95 13.2 23.1
MotorCyclist 200.0 627.8 8.8 17.6
MotorCyclist 1357.35 637.1 18.7 40.6
MotorCyclist 1468.75 636.55 26.3 52.7
MotorCyclist 1158.1 633.25 19.8 37.3
van 305.35 623.4 52.7 26.4
Car 664.25 625.05 28.5 20.9
Car 865.15 636.0 35.1 29.6
Car 946.35 633.25 39.5 37.3
van 1007.2 626.1 47.2 53.8
Car 1073.15 654.15 77.9 65.9
Car 771.25 645.9 84.5 71.4