Car 650.55 625.6 27.5 22.0
Car 730.05 634.35 41.7 39.5
Car 781.7 651.4 79.0 69.2
Car 944.7 632.15 45.0 39.5
van 1006.65 626.65 50.5 54.9
Car 1067.1 658.0 79.0 69.2
MotorCyclist 1177.35 629.95 14.3 30.7
MotorCyclist 1378.8 639.85 22.0 46.1
MotorCyclist 1518.8 638.75 29.6 57.1
van 228.0 629.95 47.2 30.7
Car 650.55 625.6 27.5 22.0
Car 730.05 634.35 41.7 39.5
Car 781.7 651.4 79.0 69.2
Car 944.7 632.15 45.0 39.5
van 1006.65 626.65 50.5 54.9
Car 1067.1 658.0 79.0 69.2
MotorCyclist 1177.35 629.95 14.3 30.7
MotorCyclist 1378.8 639.85 22.0 46.1
MotorCyclist 1518.8 638.75 29.6 57.1