Car 226.9 612.4 18.6 17.6
van 137.45 617.35 50.5 36.3
Car 620.85 614.05 29.7 25.3
Car 708.8 621.7 47.2 36.2
Car 737.2 625.0 51.6 47.2
Car 772.35 636.55 73.5 70.3
Car 959.55 621.15 43.9 39.5
van 978.75 615.65 51.5 50.5
Car 1053.35 643.7 77.9 67.0
MotorCyclist 1172.95 616.25 14.3 34.1
MotorCyclist 1199.9 625.55 15.4 35.1
MotorCyclist 1402.4 630.5 25.2 49.4
MotorCyclist 1573.05 634.35 32.9 61.5
Pedestrian 9.4 621.75 18.8 31.9
Car 560.55 615.15 23.1 18.7
Car 2261.8 915.95 198.8 325.9
Car 226.9 612.4 18.6 17.6
van 137.45 617.35 50.5 36.3
Car 620.85 614.05 29.7 25.3
Car 708.8 621.7 47.2 36.2
Car 737.2 625.0 51.6 47.2
Car 772.35 636.55 73.5 70.3
Car 959.55 621.15 43.9 39.5
van 978.75 615.65 51.5 50.5
Car 1053.35 643.7 77.9 67.0
MotorCyclist 1172.95 616.25 14.3 34.1
MotorCyclist 1199.9 625.55 15.4 35.1
MotorCyclist 1402.4 630.5 25.2 49.4
MotorCyclist 1573.05 634.35 32.9 61.5
Pedestrian 9.4 621.75 18.8 31.9
Car 560.55 615.15 23.1 18.7