Truck 580.85 603.05 24.1 34.1
Car 477.7 628.85 33.0 32.9
Car 67.2 655.8 76.8 42.8
Car 739.45 630.0 29.7 26.4
Car 798.8 640.4 42.8 38.4
Car 827.75 647.55 65.9 57.1
Car 909.0 639.35 35.2 23.1
Car 1034.7 644.8 45.0 38.4
van 967.25 628.85 46.1 46.1
Car 1076.45 664.0 84.5 68
Car 1303.65 697.5 178.9 148.2
MotorCyclist 1708.0 656.35 30.8 61.5
MotorCyclist 2127.9 661.8 58.2 107.6
TricycleOpenMotor 2237.5 642.65 67.4 55.3
HeavyTruck 319.65 593.3 59.3 45.0
Truck 580.85 603.05 24.1 34.1
Car 477.7 628.85 33.0 32.9
Car 67.2 655.8 76.8 42.8
Car 739.45 630.0 29.7 26.4
Car 798.8 640.4 42.8 38.4
Car 827.75 647.55 65.9 57.1
Car 909.0 639.35 35.2 23.1
Car 1034.7 644.8 45.0 38.4
van 967.25 628.85 46.1 46.1
Car 1076.45 664.0 84.5 68
Car 1303.65 697.5 178.9 148.2
MotorCyclist 1708.0 656.35 30.8 61.5
MotorCyclist 2127.9 661.8 58.2 107.6
TricycleOpenMotor 2237.5 642.65 67.4 55.3