van 943.6 608.1 51.6 52.6
Car 1037.4 639.85 81.2 68.1
Car 821.7 616.8 36.2 30.8
Car 623.05 608.0 29.7 26.4
Car 691.2 615.15 38.4 36.3
Car 713.7 618.4 48.2 47.2
Car 754.25 627.2 72.5 64.8
Car 280.65 600.3 16.5 15.4
Car 244.5 612.4 23.0 17.6
van 25.3 614.55 50.6 43.9
MotorCyclist 1192.2 611.85 17.6 34.1
MotorCyclist 1228.45 618.4 19.7 38.4
MotorCyclist 1441.3 626.65 24.2 50.5
MotorCyclist 1640.5 629.4 31.8 69.2
MotorCyclist 190.65 612.95 12.1 27.5
Truck 285.05 576.8 20.9 25.2
Car 1954.0 789.2 404 410.4
van 943.6 608.1 51.6 52.6
Car 1037.4 639.85 81.2 68.1
Car 821.7 616.8 36.2 30.8
Car 623.05 608.0 29.7 26.4
Car 691.2 615.15 38.4 36.3
Car 713.7 618.4 48.2 47.2
Car 754.25 627.2 72.5 64.8
Car 280.65 600.3 16.5 15.4
Car 244.5 612.4 23.0 17.6
van 25.3 614.55 50.6 43.9
MotorCyclist 1192.2 611.85 17.6 34.1
MotorCyclist 1228.45 618.4 19.7 38.4
MotorCyclist 1441.3 626.65 24.2 50.5
MotorCyclist 1640.5 629.4 31.8 69.2
MotorCyclist 190.65 612.95 12.1 27.5
Truck 285.05 576.8 20.9 25.2