Car 468.3 624.5 31.8 28.6
HeavyTruck 296.0 600.45 51.6 41.7
Car 246.15 649.2 48.3 34.0
Car 781.2 640.4 47.2 38.4
Car 807.0 646.45 68.0 59.3
Car 1036.9 634.35 40.6 30.7
Car 1086.9 664.6 83.4 64.8
Car 965.6 631.6 47.2 47.2
Car 1298.65 701.85 217.3 174.5
MotorCyclist 1998.3 653.0 45.0 94.4
MotorCyclist 1642.15 649.75 30.7 57.1
MotorCyclist 406.95 621.2 5.5 17.6
Car 721.85 631.65 25.3 25.3
Car 908.45 638.75 34.1 30.7
Truck 526.05 604.15 24.1 31.9
Car 468.3 624.5 31.8 28.6
HeavyTruck 296.0 600.45 51.6 41.7
Car 246.15 649.2 48.3 34.0
Car 781.2 640.4 47.2 38.4
Car 807.0 646.45 68.0 59.3
Car 1036.9 634.35 40.6 30.7
Car 1086.9 664.6 83.4 64.8
Car 965.6 631.6 47.2 47.2
Car 1298.65 701.85 217.3 174.5
MotorCyclist 1998.3 653.0 45.0 94.4
MotorCyclist 1642.15 649.75 30.7 57.1
MotorCyclist 406.95 621.2 5.5 17.6
Car 721.85 631.65 25.3 25.3
Car 908.45 638.75 34.1 30.7