MotorCyclist 1605.0 635.65 42.8 85.7
Car 1042.25 657.4 109.3 94.8
Car 896.6 629.0 54.4 48.4
van 757.9 618.4 43.4 49.2
MotorCyclist 1195.1 622.5 11.8 28.2
MotorCyclist 1249.05 622.5 12.9 26.6
Pedestrian 1344.25 618.55 13.3 32.3
Car 1002.3 617.45 33.0 27.7
van 668.2 624.85 42.4 29.3
MotorCyclist 2289.5 681.7 100.6 179.8
MotorCyclist 1605.0 635.65 42.8 85.7
Car 1042.25 657.4 109.3 94.8
Car 896.6 629.0 54.4 48.4
van 757.9 618.4 43.4 49.2
MotorCyclist 1195.1 622.5 11.8 28.2
MotorCyclist 1249.05 622.5 12.9 26.6
Pedestrian 1344.25 618.55 13.3 32.3
Car 1002.3 617.45 33.0 27.7
van 668.2 624.85 42.4 29.3