MotorCyclist 1513.3 651.4 23.0 51.6
MotorCyclist 1629.0 658.55 35.2 65.9
MotorCyclist 1159.2 637.7 8.8 24.2
Truck 601.7 550.0 87.8 94.8
van 919.95 623.95 30.7 31.9
Car 980.45 634.35 32.9 30.7
Car 1068.65 638.2 25.3 29.6
Car 1058.3 664.6 65.8 56.0
Car 905.1 643.15 53.8 43.9
Car 1251.45 672.25 118.5 93.3
MotorCyclist 2156.45 687.05 75.7 131.7
MotorCyclist 1513.3 651.4 23.0 51.6
MotorCyclist 1629.0 658.55 35.2 65.9
MotorCyclist 1159.2 637.7 8.8 24.2
Truck 601.7 550.0 87.8 94.8
van 919.95 623.95 30.7 31.9
Car 980.45 634.35 32.9 30.7
Car 1068.65 638.2 25.3 29.6
Car 1058.3 664.6 65.8 56.0
Car 905.1 643.15 53.8 43.9
Car 1251.45 672.25 118.5 93.3