MotorCyclist 1702.65 658.85 41.3 97.7
Car 1063.0 680.4 115.2 103.6
Car 952.45 648.4 57.3 48.4
van 730.15 638.95 48.7 51.9
van 806.95 641.6 27.1 24.8
Car 127.5 685.6 73.8 51.6
MotorCyclist 1219.0 641.85 11.2 25.7
Truck 854.25 619.9 32.1 27.0
MotorCyclist 1266.1 638.9 8.6 25.8
MotorCyclist 1322.65 640.65 13.7 30.9
MotorCyclist 1359.65 628.9 12.5 29.4
Pedestrian 1465.05 644.2 11.7 39.6
Truck 1476.5 598.8 85 38.0
Pedestrian 1811.7 640.65 24.2 78.1
MotorCyclist 1702.65 658.85 41.3 97.7
Car 1063.0 680.4 115.2 103.6
Car 952.45 648.4 57.3 48.4
van 730.15 638.95 48.7 51.9
van 806.95 641.6 27.1 24.8
Car 127.5 685.6 73.8 51.6
MotorCyclist 1219.0 641.85 11.2 25.7
Truck 854.25 619.9 32.1 27.0
MotorCyclist 1266.1 638.9 8.6 25.8
MotorCyclist 1322.65 640.65 13.7 30.9
MotorCyclist 1359.65 628.9 12.5 29.4
Pedestrian 1465.05 644.2 11.7 39.6
Truck 1476.5 598.8 85 38.0