Car 2440.0 608.1 80 58.2
Truck 2281.15 536.2 185.9 109.6
Machineshop 2025.05 566.55 184.9 80.7
MotorCyclist 1953.1 663.85 33.0 69.7
MotorCyclist 1677.5 656.75 17.4 43.1
MotorCyclist 1510.8 647.05 10.8 27.3
MotorCyclist 1468.35 661.45 6.3 16.1
MotorCyclist 1423.6 653.7 8.8 17.8
Car 1222.95 675.95 107.5 91.1
Car 1199.35 639.3 25.5 21.0
Car 1100.9 638.4 25.4 15.6
HeavyTruck 869.95 614.2 81.9 47.6
Car 770.9 643.35 31.0 14.3
Pedestrian 779.1 642.6 9.8 29.6
Car 513.9 649.65 23.8 20.9
Car 542.2 651.6 30.8 19.6
Car 278.1 688.25 146.2 89.3
Truck 247.7 636.8 98.2 70.0
van 177.85 649.55 52.5 38.7
van 24.95 653.55 49.9 42.7
van 423.95 638.15 35.9 30.7
Car 580.8 644.6 25.6 22.4
Pedestrian 723.15 661.0 31.1 101.2
Pedestrian 685.7 656.95 29.8 108.7
Pedestrian 639.5 655.6 30.6 117.2
Pedestrian 2228.25 649.75 40.5 127.9
Car 2440.0 608.1 80 58.2
Truck 2281.15 536.2 185.9 109.6
Machineshop 2025.05 566.55 184.9 80.7
MotorCyclist 1953.1 663.85 33.0 69.7
MotorCyclist 1677.5 656.75 17.4 43.1
MotorCyclist 1510.8 647.05 10.8 27.3
MotorCyclist 1468.35 661.45 6.3 16.1
MotorCyclist 1423.6 653.7 8.8 17.8
Car 1222.95 675.95 107.5 91.1
Car 1199.35 639.3 25.5 21.0
Car 1100.9 638.4 25.4 15.6
HeavyTruck 869.95 614.2 81.9 47.6
Car 770.9 643.35 31.0 14.3
Pedestrian 779.1 642.6 9.8 29.6
Car 513.9 649.65 23.8 20.9
Car 542.2 651.6 30.8 19.6
Car 278.1 688.25 146.2 89.3
Truck 247.7 636.8 98.2 70.0
van 177.85 649.55 52.5 38.7
van 24.95 653.55 49.9 42.7
van 423.95 638.15 35.9 30.7
Car 580.8 644.6 25.6 22.4
Pedestrian 723.15 661.0 31.1 101.2
Pedestrian 685.7 656.95 29.8 108.7
Pedestrian 639.5 655.6 30.6 117.2