Car 2366.4 576.6 111.2 53.6
Car 2085.15 607.9 57.1 27.4
van 1953.45 608.6 50.5 23.2
Car 1959.05 616.4 31.7 21.6
MotorCyclist 2129.05 685.9 80.9 137.8
Machineshop 1778.2 587.1 45.2 53.8
van 1795.4 611.2 41.2 26.4
Pedestrian 2283.05 576.75 13.7 45.9
MotorCyclist 1417.55 640.2 15.9 37.2
MotorCyclist 1384.85 635.4 12.1 26.8
MotorCyclist 1366.2 639.2 13.6 31.2
Car 1410.45 625.45 37.7 18.5
Car 1155.3 656.25 79.4 66.1
HeavyTruck 1200.5 596.2 32.6 26.0
Car 856.8 641.8 40.8 24.8
HeavyTruck 304.2 570.7 204.8 94.6
HeavyTruck 66.6 568.85 133.2 132.5
Car 2499.25 587.7 40.5 48.2
Car 2366.4 576.6 111.2 53.6
Car 2085.15 607.9 57.1 27.4
van 1953.45 608.6 50.5 23.2
Car 1959.05 616.4 31.7 21.6
MotorCyclist 2129.05 685.9 80.9 137.8
Machineshop 1778.2 587.1 45.2 53.8
van 1795.4 611.2 41.2 26.4
Pedestrian 2283.05 576.75 13.7 45.9
MotorCyclist 1417.55 640.2 15.9 37.2
MotorCyclist 1384.85 635.4 12.1 26.8
MotorCyclist 1366.2 639.2 13.6 31.2
Car 1410.45 625.45 37.7 18.5
Car 1155.3 656.25 79.4 66.1
HeavyTruck 1200.5 596.2 32.6 26.0
Car 856.8 641.8 40.8 24.8
HeavyTruck 304.2 570.7 204.8 94.6
HeavyTruck 66.6 568.85 133.2 132.5