LightTruck 2216.95 605.25 74.3 30.9
van 2052.1 608.7 57.4 26.6
Car 2074.6 610.3 30.8 26.2
Machineshop 1874.7 574.65 71.8 67.3
Machineshop 1712.35 577.55 84.3 66.3
Car 1447.55 620.75 25.9 15.9
MotorCyclist 1445.4 639.0 15.6 39.6
MotorCyclist 1414.55 637.55 17.1 33.1
Car 1194.25 650.8 74.9 62.8
Car 703.3 648.55 80.2 39.1
HeavyTruck 129.75 555.25 259.5 126.9
Truck 9.8 530.65 19.6 92.5
Car 1343.7 625.95 32.2 14.3
MotorCyclist 2414.65 712.7 96.9 197.4
LightTruck 2216.95 605.25 74.3 30.9
van 2052.1 608.7 57.4 26.6
Car 2074.6 610.3 30.8 26.2
Machineshop 1874.7 574.65 71.8 67.3
Machineshop 1712.35 577.55 84.3 66.3
Car 1447.55 620.75 25.9 15.9
MotorCyclist 1445.4 639.0 15.6 39.6
MotorCyclist 1414.55 637.55 17.1 33.1
Car 1194.25 650.8 74.9 62.8
Car 703.3 648.55 80.2 39.1
HeavyTruck 129.75 555.25 259.5 126.9
Truck 9.8 530.65 19.6 92.5
Car 1343.7 625.95 32.2 14.3