Car 2448.85 611.0 74.1 72.8
Machineshop 2212.5 553.7 88.6 93.4
Truck 1622.0 600.95 52.8 25.1
van 1462.4 624.7 38.4 21.4
MotorCyclist 1523.7 641.1 39.4 34.6
MotorCyclist 1463.4 646.35 18.4 47.1
MotorCyclist 1430.6 643.95 14.4 38.3
MotorCyclist 1408.35 637.9 11.9 31.4
Car 1326.4 631.15 45.2 19.9
Car 1168.35 651.7 67.1 57.8
MotorCyclist 1114.6 635.05 7.2 13.7
Car 1093.5 633.65 11.4 7.3
Car 1003.8 636.15 25.2 19.1
Car 954.9 638.8 14.2 15.2
Truck 914.4 624.8 33.6 28.0
MotorCyclist 890.15 644.8 13.9 19.2
Car 830.55 641.45 25.5 22.9
Car 809.8 645.05 24.4 23.3
Car 573.3 649.5 70.6 44.6
Car 527.2 659.1 40.8 39.4
van 92.25 663.05 50.1 34.5
Pedestrian 43.15 667.45 14.7 44.1
Car 2428.9 560.15 87.4 113.9
Car 2448.85 611.0 74.1 72.8
Machineshop 2212.5 553.7 88.6 93.4
Truck 1622.0 600.95 52.8 25.1
van 1462.4 624.7 38.4 21.4
MotorCyclist 1523.7 641.1 39.4 34.6
MotorCyclist 1463.4 646.35 18.4 47.1
MotorCyclist 1430.6 643.95 14.4 38.3
MotorCyclist 1408.35 637.9 11.9 31.4
Car 1326.4 631.15 45.2 19.9
Car 1168.35 651.7 67.1 57.8
MotorCyclist 1114.6 635.05 7.2 13.7
Car 1093.5 633.65 11.4 7.3
Car 1003.8 636.15 25.2 19.1
Car 954.9 638.8 14.2 15.2
Truck 914.4 624.8 33.6 28.0
MotorCyclist 890.15 644.8 13.9 19.2
Car 830.55 641.45 25.5 22.9
Car 809.8 645.05 24.4 23.3
Car 573.3 649.5 70.6 44.6
Car 527.2 659.1 40.8 39.4
van 92.25 663.05 50.1 34.5
Pedestrian 43.15 667.45 14.7 44.1