Machineshop 2170.25 550.6 134.9 111.2
Machineshop 2029.1 570.8 91.4 76.8
Car 1443.2 627.05 35.6 24.9
MotorCyclist 1472.05 635.65 20.9 26.1
MotorCyclist 1445.8 645.8 19.2 40.4
MotorCyclist 1432.15 641.3 12.3 29.4
MotorCyclist 1413.5 637.45 11.4 28.5
Car 1332.35 630.7 39.5 16.6
Car 1189.35 654.4 70.7 59.2
HeavyTruck 1190.8 596.95 31.2 27.5
MotorCyclist 1153.35 629.9 7.9 13.8
Car 1124.0 633.0 10.0 6
Car 1060.55 631.35 24.3 18.3
Car 896.7 639.95 33.4 24.7
Car 841.95 645.0 27.9 21.6
Car 89.0 644.4 67.2 31.2
Truck 980.6 621.85 26.4 26.9
van 392.9 656.55 35.8 23.9
HeavyTruck 22.6 603.95 45.2 115.9
LightTruck 2467.45 596.9 61.7 41.0
Machineshop 2170.25 550.6 134.9 111.2
Machineshop 2029.1 570.8 91.4 76.8
Car 1443.2 627.05 35.6 24.9
MotorCyclist 1472.05 635.65 20.9 26.1
MotorCyclist 1445.8 645.8 19.2 40.4
MotorCyclist 1432.15 641.3 12.3 29.4
MotorCyclist 1413.5 637.45 11.4 28.5
Car 1332.35 630.7 39.5 16.6
Car 1189.35 654.4 70.7 59.2
HeavyTruck 1190.8 596.95 31.2 27.5
MotorCyclist 1153.35 629.9 7.9 13.8
Car 1124.0 633.0 10.0 6
Car 1060.55 631.35 24.3 18.3
Car 896.7 639.95 33.4 24.7
Car 841.95 645.0 27.9 21.6
Car 89.0 644.4 67.2 31.2
Truck 980.6 621.85 26.4 26.9
van 392.9 656.55 35.8 23.9
HeavyTruck 22.6 603.95 45.2 115.9