van 2136.3 611.45 40.6 28.1
Car 2167.8 613.25 48.0 28.9
Machineshop 2002.55 568.25 95.1 89.3
MotorCyclist 1446.15 640.55 20.7 41.5
MotorCyclist 1470.3 634.75 17.4 22.7
MotorCyclist 1433.45 639.85 14.9 27.3
Car 1458.3 626.65 29.8 16.9
Car 1357.45 632.25 31.3 13.3
Car 1206.9 654.2 71.0 60.8
Car 1155.25 632.8 8.5 6.4
Car 1111.7 630.0 17.4 16.8
MotorCyclist 1065.55 637.05 7.9 16.1
Car 464.9 669.05 63.4 52.1
Car 229.6 678.0 132.0 76
HeavyTruck 89.6 557.25 179.2 139.7
LightTruck 2344.3 607.1 82.2 33.8
van 2136.3 611.45 40.6 28.1
Car 2167.8 613.25 48.0 28.9
Machineshop 2002.55 568.25 95.1 89.3
MotorCyclist 1446.15 640.55 20.7 41.5
MotorCyclist 1470.3 634.75 17.4 22.7
MotorCyclist 1433.45 639.85 14.9 27.3
Car 1458.3 626.65 29.8 16.9
Car 1357.45 632.25 31.3 13.3
Car 1206.9 654.2 71.0 60.8
Car 1155.25 632.8 8.5 6.4
Car 1111.7 630.0 17.4 16.8
MotorCyclist 1065.55 637.05 7.9 16.1
Car 464.9 669.05 63.4 52.1
Car 229.6 678.0 132.0 76
HeavyTruck 89.6 557.25 179.2 139.7