Machineshop 2043.0 536.15 110 91.9
Truck 1696.1 589.75 75.8 36.3
van 1473.4 617.2 44.8 21.6
MotorCyclist 1576.55 641.4 44.7 38.4
MotorCyclist 1457.9 638.45 21.8 51.7
MotorCyclist 1439.7 637.45 13.4 38.9
MotorCyclist 1392.1 636.55 13.8 29.9
Car 1327.1 624.7 49.4 22.6
Car 1148.1 646.35 64.6 55.9
Car 1222.95 627.35 19.1 19.1
Car 955.05 633.5 25.7 20.6
Truck 877.35 620.05 34.3 30.1
Truck 748.05 640.1 29.3 27.4
van 775.85 636.55 26.5 27.1
MotorCyclist 791.8 644.25 15.2 23.3
Car 66.65 666.25 133.3 95.7
MotorCyclist 1094.7 630.0 5.8 13.2
Machineshop 2398.75 527.55 107.5 117.1
Machineshop 2043.0 536.15 110 91.9
Truck 1696.1 589.75 75.8 36.3
van 1473.4 617.2 44.8 21.6
MotorCyclist 1576.55 641.4 44.7 38.4
MotorCyclist 1457.9 638.45 21.8 51.7
MotorCyclist 1439.7 637.45 13.4 38.9
MotorCyclist 1392.1 636.55 13.8 29.9
Car 1327.1 624.7 49.4 22.6
Car 1148.1 646.35 64.6 55.9
Car 1222.95 627.35 19.1 19.1
Car 955.05 633.5 25.7 20.6
Truck 877.35 620.05 34.3 30.1
Truck 748.05 640.1 29.3 27.4
van 775.85 636.55 26.5 27.1
MotorCyclist 791.8 644.25 15.2 23.3
Car 66.65 666.25 133.3 95.7
MotorCyclist 1094.7 630.0 5.8 13.2