Pedestrian 2522.8 591.25 24.8 50.9
Car 2258.2 596.7 82.0 41.8
Car 2130.2 588.5 80.4 44.2
Car 1974.65 614.2 45.3 22.0
van 1865.35 616.25 48.3 20.5
Car 1868.3 621.7 27.8 20.6
MotorCyclist 1981.6 678.5 58.8 101.4
Machineshop 1664.7 593.5 46.6 48.2
van 1706.3 620.45 41.8 26.9
MotorCyclist 1388.75 647.35 15.9 35.9
MotorCyclist 1339.5 645.6 12.2 30.8
MotorCyclist 1358.85 645.15 12.9 22.7
Car 1375.25 634.0 31.3 17.6
Car 1122.65 664.35 82.1 69.1
Truck 1009.9 631.4 16.2 17.6
HeavyTruck 440.6 589.9 151.6 85.8
HeavyTruck 180.45 580.9 155.7 96.6
Car 1283.85 635.5 29.3 12.2
Car 2473.45 574.2 57.7 61.2
Pedestrian 2522.8 591.25 24.8 50.9
Car 2258.2 596.7 82.0 41.8
Car 2130.2 588.5 80.4 44.2
Car 1974.65 614.2 45.3 22.0
van 1865.35 616.25 48.3 20.5
Car 1868.3 621.7 27.8 20.6
MotorCyclist 1981.6 678.5 58.8 101.4
Machineshop 1664.7 593.5 46.6 48.2
van 1706.3 620.45 41.8 26.9
MotorCyclist 1388.75 647.35 15.9 35.9
MotorCyclist 1339.5 645.6 12.2 30.8
MotorCyclist 1358.85 645.15 12.9 22.7
Car 1375.25 634.0 31.3 17.6
Car 1122.65 664.35 82.1 69.1
Truck 1009.9 631.4 16.2 17.6
HeavyTruck 440.6 589.9 151.6 85.8
HeavyTruck 180.45 580.9 155.7 96.6
Car 1283.85 635.5 29.3 12.2