Machineshop 2236.05 527.9 144.1 89.4
Truck 1991.35 575.65 134.3 63.3
van 1590.7 617.15 71.8 34.7
Truck 792.7 616.7 49.0 42.2
Car 1168.85 646.75 64.9 51.5
Car 1252.2 627.45 22.8 22.1
Car 1405.4 627.25 70.4 31.7
Car 723.75 644.05 57.9 42.9
Car 517.75 651.35 51.9 42.3
van 581.6 645.7 45.2 42.2
Car 869.8 635.85 23.2 21.7
Car 1072.0 628.25 20 20.9
Car 984.75 627.3 26.7 18.6
MotorCyclist 2234.5 668.2 130.2 115.6
MotorCyclist 1579.65 645.4 34.1 67.2
MotorCyclist 1469.3 642.25 23.4 47.7
MotorCyclist 1419.5 634.3 16.6 39.8
Pedestrian 79.6 652.95 16.4 48.3
MotorCyclist 1065.15 635.85 11.5 22.5
Machineshop 2371.75 539.2 125.5 100.8
Machineshop 2236.05 527.9 144.1 89.4
Truck 1991.35 575.65 134.3 63.3
van 1590.7 617.15 71.8 34.7
Truck 792.7 616.7 49.0 42.2
Car 1168.85 646.75 64.9 51.5
Car 1252.2 627.45 22.8 22.1
Car 1405.4 627.25 70.4 31.7
Car 723.75 644.05 57.9 42.9
Car 517.75 651.35 51.9 42.3
van 581.6 645.7 45.2 42.2
Car 869.8 635.85 23.2 21.7
Car 1072.0 628.25 20 20.9
Car 984.75 627.3 26.7 18.6
MotorCyclist 2234.5 668.2 130.2 115.6
MotorCyclist 1579.65 645.4 34.1 67.2
MotorCyclist 1469.3 642.25 23.4 47.7
MotorCyclist 1419.5 634.3 16.6 39.8
Pedestrian 79.6 652.95 16.4 48.3
MotorCyclist 1065.15 635.85 11.5 22.5