van 1903.55 610.2 148.3 70.8
van 2512.45 591.35 31.7 67.5
van 509.25 646.25 84.9 65.7
Car 843.45 638.35 36.5 27.5
Car 1067.25 640.9 58.9 45.8
Car 1124.45 630.75 36.5 28.7
Car 1216.45 626.45 26.9 22.5
Car 1251.35 625.85 21.5 17.3
Car 1283.85 623.1 16.9 13.0
Car 1535.0 628.85 134.8 67.7
MotorCyclist 827.2 644.05 25.2 52.5
MotorCyclist 784.9 643.9 9.0 23.0
MotorCyclist 1426.8 653.15 53.6 106.3
MotorCyclist 1712.3 644.5 48.2 67.8
MotorCyclist 1325.35 646.35 28.3 67.9
Car 605.55 645.1 32.7 31.8
HeavyTruck 330.7 615.05 110.6 75.7
van 1903.55 610.2 148.3 70.8
van 2512.45 591.35 31.7 67.5
van 509.25 646.25 84.9 65.7
Car 843.45 638.35 36.5 27.5
Car 1067.25 640.9 58.9 45.8
Car 1124.45 630.75 36.5 28.7
Car 1216.45 626.45 26.9 22.5
Car 1251.35 625.85 21.5 17.3
Car 1283.85 623.1 16.9 13.0
Car 1535.0 628.85 134.8 67.7
MotorCyclist 827.2 644.05 25.2 52.5
MotorCyclist 784.9 643.9 9.0 23.0
MotorCyclist 1426.8 653.15 53.6 106.3
MotorCyclist 1712.3 644.5 48.2 67.8
MotorCyclist 1325.35 646.35 28.3 67.9
Car 605.55 645.1 32.7 31.8