HeavyTruck 479.1 613.4 85.4 62.0
van 1756.1 607.25 113.0 54.9
Car 1068.25 637.5 58.1 48.6
van 763.55 632.1 49.1 43.0
Car 670.6 638.35 29.6 28.7
Car 1442.9 624.2 123.4 52.4
Car 1203.1 623.45 25.0 23.3
Car 1238.4 621.3 18.8 19.0
Car 1265.4 619.8 15.2 13.2
van 2435.2 593.8 83.2 51.6
MotorCyclist 1472.35 647.95 44.3 89.1
MotorCyclist 1354.15 643.0 27.5 57.6
MotorCyclist 895.75 642.75 15.1 37.1
Car 916.7 637.15 28.6 18.7
van 11.05 663.4 22.1 80.8
HeavyTruck 479.1 613.4 85.4 62.0
van 1756.1 607.25 113.0 54.9
Car 1068.25 637.5 58.1 48.6
van 763.55 632.1 49.1 43.0
Car 670.6 638.35 29.6 28.7
Car 1442.9 624.2 123.4 52.4
Car 1203.1 623.45 25.0 23.3
Car 1238.4 621.3 18.8 19.0
Car 1265.4 619.8 15.2 13.2
van 2435.2 593.8 83.2 51.6
MotorCyclist 1472.35 647.95 44.3 89.1
MotorCyclist 1354.15 643.0 27.5 57.6
MotorCyclist 895.75 642.75 15.1 37.1
Car 916.7 637.15 28.6 18.7