Car 1266.2 656.4 55.6 42.0
Car 1347.95 648.2 33.5 27.6
Car 1391.65 642.15 25.7 23.5
MotorCyclist 24.1 736.0 48.2 220.8
MotorCyclist 1511.75 697.65 77.1 180.9
MotorCyclist 1445.55 676.5 39.5 91.0
MotorCyclist 554.3 681.6 21.8 48.4
MotorCyclist 1614.75 644.05 17.9 40.1
Car 2507.2 850.8 35.2 197.2
MotorCyclist 2329.15 679.1 78.3 62.6
Motorcycle 2031.6 666.45 60.4 53.7
TricycleOpenMotor 1706.25 638.2 38.1 52.8
Pedestrian 1759.1 650.6 13.8 42.8
Motorcycle 291.2 698.95 14.0 33.5
Car 788.9 658.4 42.6 16.0
Car 464.45 662.4 50.5 25.2
Car 360.05 681.9 70.5 55.8
Car 1266.2 656.4 55.6 42.0
Car 1347.95 648.2 33.5 27.6
Car 1391.65 642.15 25.7 23.5
MotorCyclist 24.1 736.0 48.2 220.8
MotorCyclist 1511.75 697.65 77.1 180.9
MotorCyclist 1445.55 676.5 39.5 91.0
MotorCyclist 554.3 681.6 21.8 48.4
MotorCyclist 1614.75 644.05 17.9 40.1
Car 2507.2 850.8 35.2 197.2
MotorCyclist 2329.15 679.1 78.3 62.6
Motorcycle 2031.6 666.45 60.4 53.7
TricycleOpenMotor 1706.25 638.2 38.1 52.8
Pedestrian 1759.1 650.6 13.8 42.8
Motorcycle 291.2 698.95 14.0 33.5
Car 788.9 658.4 42.6 16.0
Car 464.45 662.4 50.5 25.2