Car 1589.15 632.85 90.7 39.3
Car 1021.15 640.9 29.5 25.8
Car 1084.95 636.55 49.1 46.7
Car 1243.9 629.3 28.2 27.0
Car 1145.05 656.15 95.7 85.9
Car 863.6 662.4 92.0 73.6
Car 714.55 663.6 68.7 36.8
MotorCyclist 1292.85 638.35 23.3 50.3
MotorCyclist 1468.3 639.6 30.6 72.4
Pedestrian 2344.05 651.35 40.5 105.5
Pedestrian 2254.5 651.35 43.0 105.5
Pedestrian 2201.75 649.55 30.7 106.7
Pedestrian 1439.5 630.4 12.2 34.4
MotorCyclist 1414.95 623.15 12.3 34.3
Pedestrian 1387.95 632.85 12.3 39.3
Pedestrian 1367.7 628.6 11.0 35.6
Pedestrian 1343.15 628.6 11.1 35.6
Pedestrian 271.2 675.15 20.8 50.3
Pedestrian 233.75 681.95 14.7 49.1
Pedestrian 81.0 690.6 18.4 56.4
van 2045.45 604.15 80.9 69.9
Car 1589.15 632.85 90.7 39.3
Car 1021.15 640.9 29.5 25.8
Car 1084.95 636.55 49.1 46.7
Car 1243.9 629.3 28.2 27.0
Car 1145.05 656.15 95.7 85.9
Car 863.6 662.4 92.0 73.6
Car 714.55 663.6 68.7 36.8
MotorCyclist 1292.85 638.35 23.3 50.3
MotorCyclist 1468.3 639.6 30.6 72.4
Pedestrian 2344.05 651.35 40.5 105.5
Pedestrian 2254.5 651.35 43.0 105.5
Pedestrian 2201.75 649.55 30.7 106.7
Pedestrian 1439.5 630.4 12.2 34.4
MotorCyclist 1414.95 623.15 12.3 34.3
Pedestrian 1387.95 632.85 12.3 39.3
Pedestrian 1367.7 628.6 11.0 35.6
Pedestrian 1343.15 628.6 11.1 35.6
Pedestrian 271.2 675.15 20.8 50.3
Pedestrian 233.75 681.95 14.7 49.1
Pedestrian 81.0 690.6 18.4 56.4