Car 1407.0 626.8 74.8 36.8
Car 1134.1 631.1 29.4 25.8
Car 1067.8 636.05 39.2 25.7
Car 988.75 640.3 52.7 44.2
Car 859.35 664.85 88.3 78.5
Car 1178.15 665.45 103.1 79.7
van 724.4 642.2 54.0 38.0
MotorCyclist 2465.65 650.1 62.9 49.0
Motorcycle 2306.7 642.8 29.4 39.2
MotorCyclist 2207.35 636.6 31.9 36.8
Pedestrian 2038.6 625.0 38.0 57.6
MotorCyclist 1989.55 642.65 33.1 58.9
MotorCyclist 1387.9 639.65 27.0 57.7
Pedestrian 1681.05 646.35 19.7 51.5
Pedestrian 1634.55 650.1 14.7 49.0
Pedestrian 1609.95 643.35 14.7 50.3
van 1693.95 613.9 50.3 45.4
Car 1407.0 626.8 74.8 36.8
Car 1134.1 631.1 29.4 25.8
Car 1067.8 636.05 39.2 25.7
Car 988.75 640.3 52.7 44.2
Car 859.35 664.85 88.3 78.5
Car 1178.15 665.45 103.1 79.7
van 724.4 642.2 54.0 38.0
MotorCyclist 2465.65 650.1 62.9 49.0
Motorcycle 2306.7 642.8 29.4 39.2
MotorCyclist 2207.35 636.6 31.9 36.8
Pedestrian 2038.6 625.0 38.0 57.6
MotorCyclist 1989.55 642.65 33.1 58.9
MotorCyclist 1387.9 639.65 27.0 57.7
Pedestrian 1681.05 646.35 19.7 51.5
Pedestrian 1634.55 650.1 14.7 49.0
Pedestrian 1609.95 643.35 14.7 50.3