MotorCyclist 2059.4 650.75 55.2 35.5
MotorCyclist 1962.0 636.55 56.4 31.9
MotorCyclist 1798.2 633.55 52.8 30.7
MotorCyclist 1710.6 644.6 19.6 38.0
MotorCyclist 1226.65 632.85 23.3 39.3
MotorCyclist 201.9 685.0 29.4 55.2
Pedestrian 1476.9 639.1 8.6 31.8
Pedestrian 1450.5 635.35 9.8 34.3
Pedestrian 1433.9 637.15 11.0 33.1
Pedestrian 136.2 676.4 16.0 52.8
Car 1273.9 660.5 103.0 84.6
Car 1121.25 631.05 23.3 20.9
Car 1077.6 635.35 34.4 34.3
Car 995.5 636.0 46.6 35.6
Car 938.35 664.2 84.7 72.4
Car 691.3 653.2 66.2 40.4
Car 424.5 665.4 82.2 55.2
van 1561.5 620.6 30.6 34.4
Motorcycle 2360.55 640.8 68.7 55.2
MotorCyclist 2059.4 650.75 55.2 35.5
MotorCyclist 1962.0 636.55 56.4 31.9
MotorCyclist 1798.2 633.55 52.8 30.7
MotorCyclist 1710.6 644.6 19.6 38.0
MotorCyclist 1226.65 632.85 23.3 39.3
MotorCyclist 201.9 685.0 29.4 55.2
Pedestrian 1476.9 639.1 8.6 31.8
Pedestrian 1450.5 635.35 9.8 34.3
Pedestrian 1433.9 637.15 11.0 33.1
Pedestrian 136.2 676.4 16.0 52.8
Car 1273.9 660.5 103.0 84.6
Car 1121.25 631.05 23.3 20.9
Car 1077.6 635.35 34.4 34.3
Car 995.5 636.0 46.6 35.6
Car 938.35 664.2 84.7 72.4
Car 691.3 653.2 66.2 40.4
Car 424.5 665.4 82.2 55.2
van 1561.5 620.6 30.6 34.4