Motorcycle 2013.45 657.6 63.7 64.0
TricycleOpenMotor 2446.0 675.8 76 77.2
TricycleOpenMotor 502.1 653.05 42.2 33.3
Car 155.8 680.45 108.4 71.7
Car 1392.95 645.85 54.3 40.9
Car 1361.45 633.85 28.5 25.3
Car 1456.35 632.5 26.7 24.6
Car 1528.0 626.8 16.4 13.6
Car 777.5 644.45 49.4 19.7
MotorCyclist 1713.05 711.25 120.9 246.1
MotorCyclist 1550.65 671.5 50.5 108.6
MotorCyclist 243.5 696.75 37.8 67.1
MotorCyclist 1957.9 643.8 16.2 53.2
Car 394.25 653.05 63.7 28.5
TricycleOpenMotor 1881.15 632.3 55.1 67.0
Motorcycle 2013.45 657.6 63.7 64.0
TricycleOpenMotor 2446.0 675.8 76 77.2
TricycleOpenMotor 502.1 653.05 42.2 33.3
Car 155.8 680.45 108.4 71.7
Car 1392.95 645.85 54.3 40.9
Car 1361.45 633.85 28.5 25.3
Car 1456.35 632.5 26.7 24.6
Car 1528.0 626.8 16.4 13.6
Car 777.5 644.45 49.4 19.7
MotorCyclist 1713.05 711.25 120.9 246.1
MotorCyclist 1550.65 671.5 50.5 108.6
MotorCyclist 243.5 696.75 37.8 67.1
MotorCyclist 1957.9 643.8 16.2 53.2
Car 394.25 653.05 63.7 28.5