MotorCyclist 1530.15 692.95 81.5 167.9
Pedestrian 1961.4 674.05 30.4 86.5
Car 2339.5 625.7 133.4 47.8
MotorCyclist 1406.15 656.15 24.3 43.9
Pedestrian 1359.05 649.4 14.5 40.4
MotorCyclist 210.3 661.65 41.8 49.3
TricycleClosed 97.05 634.25 98.5 73.3
TricycleOpenMotor 581.1 637.95 53.8 41.1
Car 892.4 636.05 30.4 23.3
Car 1001.05 641.55 20.9 21.5
Car 1030.4 636.95 14.0 13.1
Pedestrian 1328.05 643.9 9.3 21.0
Pedestrian 1273.6 643.45 7.6 19.7
Pedestrian 1249.7 646.65 5.8 19.7
Car 1071.8 682.2 136.0 114.4
MotorCyclist 1530.15 692.95 81.5 167.9
Pedestrian 1961.4 674.05 30.4 86.5
Car 2339.5 625.7 133.4 47.8
MotorCyclist 1406.15 656.15 24.3 43.9
Pedestrian 1359.05 649.4 14.5 40.4
MotorCyclist 210.3 661.65 41.8 49.3
TricycleClosed 97.05 634.25 98.5 73.3
TricycleOpenMotor 581.1 637.95 53.8 41.1
Car 892.4 636.05 30.4 23.3
Car 1001.05 641.55 20.9 21.5
Car 1030.4 636.95 14.0 13.1
Pedestrian 1328.05 643.9 9.3 21.0
Pedestrian 1273.6 643.45 7.6 19.7
Pedestrian 1249.7 646.65 5.8 19.7