Car 1092.4 654.75 35.2 65.5
Car 1067.0 641.0 17.6 24.8
Car 1028.45 636.3 17.3 17.8
Car 877.6 629.45 39.2 28.9
MotorCyclist 818.8 648.9 9.2 17.0
Car 779.35 637.9 15.9 16.2
Car 690.75 626.25 15.9 20.1
Truck 515.3 628.65 63.0 45.7
TricycleOpenMotor 314.35 623.85 118.3 75.3
Pedestrian 82.5 667.15 25 61.1
TricycleClosed 16.15 631.05 32.3 89.3
Pedestrian 1329.85 638.65 8.1 23.3
Pedestrian 1401.65 640.4 8.9 22.8
Pedestrian 1446.5 646.6 19.4 50.4
Pedestrian 1498.25 647.95 16.9 49.5
Pedestrian 1534.15 653.95 15.5 45.5
MotorCyclist 1576.25 660.45 33.7 62.9
Pedestrian 1644.7 651.95 19.0 50.3
Pedestrian 1672.35 649.9 15.1 53.0
Pedestrian 1700.35 645.85 14.7 39.3
MotorCyclist 1718.05 715.8 110.5 230.8
Pedestrian 2492.8 690.0 44.8 141.6
Car 1150.15 677.0 133.1 112.0
Car 1092.4 654.75 35.2 65.5
Car 1067.0 641.0 17.6 24.8
Car 1028.45 636.3 17.3 17.8
Car 877.6 629.45 39.2 28.9
MotorCyclist 818.8 648.9 9.2 17.0
Car 779.35 637.9 15.9 16.2
Car 690.75 626.25 15.9 20.1
Truck 515.3 628.65 63.0 45.7
TricycleOpenMotor 314.35 623.85 118.3 75.3
Pedestrian 82.5 667.15 25 61.1
TricycleClosed 16.15 631.05 32.3 89.3
Pedestrian 1329.85 638.65 8.1 23.3
Pedestrian 1401.65 640.4 8.9 22.8
Pedestrian 1446.5 646.6 19.4 50.4
Pedestrian 1498.25 647.95 16.9 49.5
Pedestrian 1534.15 653.95 15.5 45.5
MotorCyclist 1576.25 660.45 33.7 62.9
Pedestrian 1644.7 651.95 19.0 50.3
Pedestrian 1672.35 649.9 15.1 53.0
Pedestrian 1700.35 645.85 14.7 39.3
MotorCyclist 1718.05 715.8 110.5 230.8
Pedestrian 2492.8 690.0 44.8 141.6