MotorCyclist 1029.15 635.95 15.9 30.7
MotorCyclist 1440.7 642.8 29.4 73.6
MotorCyclist 1766.3 666.05 62.6 134.9
MotorCyclist 76.7 694.8 44.2 89.6
Car 1348.05 624.25 20.9 22.1
Car 1316.8 627.95 36.8 29.5
Car 1093.55 658.7 66.3 66.2
Car 1173.95 660.5 109.1 99.4
van 353.95 659.25 68.7 42.9
Car 436.7 664.25 62.6 42.9
Car 555.1 670.3 122.6 84.6
Car 133.1 672.1 98.2 63.8
Pedestrian 1511.25 621.25 8.5 20.9
Pedestrian 1536.35 638.4 14.7 55.2
Pedestrian 1565.8 631.65 19.6 56.5
Pedestrian 1617.35 635.4 14.7 58.8
Pedestrian 1638.8 639.05 18.4 61.3
Pedestrian 1663.4 641.45 18.4 56.5
Pedestrian 1698.25 618.8 19.7 55.2
Pedestrian 1867.5 643.3 29.4 79.8
Pedestrian 2047.8 675.85 56.4 149.7
Pedestrian 2158.25 682.55 41.7 143.5
Car 2191.3 637.2 137.4 72.4
Car 2033.8 649.4 204.8 72.4
MotorCyclist 987.5 639.1 11 27.0
MotorCyclist 1029.15 635.95 15.9 30.7
MotorCyclist 1440.7 642.8 29.4 73.6
MotorCyclist 1766.3 666.05 62.6 134.9
MotorCyclist 76.7 694.8 44.2 89.6
Car 1348.05 624.25 20.9 22.1
Car 1316.8 627.95 36.8 29.5
Car 1093.55 658.7 66.3 66.2
Car 1173.95 660.5 109.1 99.4
van 353.95 659.25 68.7 42.9
Car 436.7 664.25 62.6 42.9
Car 555.1 670.3 122.6 84.6
Car 133.1 672.1 98.2 63.8
Pedestrian 1511.25 621.25 8.5 20.9
Pedestrian 1536.35 638.4 14.7 55.2
Pedestrian 1565.8 631.65 19.6 56.5
Pedestrian 1617.35 635.4 14.7 58.8
Pedestrian 1638.8 639.05 18.4 61.3
Pedestrian 1663.4 641.45 18.4 56.5
Pedestrian 1698.25 618.8 19.7 55.2
Pedestrian 1867.5 643.3 29.4 79.8
Pedestrian 2047.8 675.85 56.4 149.7
Pedestrian 2158.25 682.55 41.7 143.5
Car 2191.3 637.2 137.4 72.4
Car 2033.8 649.4 204.8 72.4