Car 1260.4 645.95 40.4 43.1
Car 1318.7 641.4 27.4 29.2
Car 861.2 667.35 63.2 61.9
Car 349.8 678.65 117.6 38.9
van 48.55 687.5 97.1 52.6
TricycleOpenMotor 1031.95 639.7 29.9 20.2
MotorCyclist 1513.15 666.85 41.1 91.3
MotorCyclist 2266.75 740.2 195.5 316.8
Car 2193.15 631.2 131.5 104.8
Pedestrian 1761.25 675.65 29.3 110.9
MotorCyclist 754.45 671.95 28.1 52.7
Car 22.15 672.85 44.3 28.9
Pedestrian 720.9 662.75 11.0 43.5
MotorCyclist 823.95 667.2 13.5 37.2
Car 807.35 658.3 11.5 23.0
MotorCyclist 1429.4 643.4 14.4 24.0
Pedestrian 1827.95 660.75 38.7 112.3
Pedestrian 1977.05 680.5 54.9 123.0
Pedestrian 2087.55 684.35 45.9 121.9
Car 2058.05 616.4 56.9 30.0
Pedestrian 2137.5 650.7 31.8 114.6
MotorCyclist 1923.2 665.75 30.4 101.1
Pedestrian 1886.9 652.15 25.8 99.5
Bike 1906.35 721.85 41.1 71.3
Pedestrian 1721.1 643.15 14.2 40.3
Pedestrian 1584.85 643.0 8.1 28.4
Pedestrian 1568.0 643.15 9.6 28.3
Pedestrian 1461.95 641.2 11.9 25.6
Car 1122.95 685.25 122.3 104.9
Car 1260.4 645.95 40.4 43.1
Car 1318.7 641.4 27.4 29.2
Car 861.2 667.35 63.2 61.9
Car 349.8 678.65 117.6 38.9
van 48.55 687.5 97.1 52.6
TricycleOpenMotor 1031.95 639.7 29.9 20.2
MotorCyclist 1513.15 666.85 41.1 91.3
MotorCyclist 2266.75 740.2 195.5 316.8
Car 2193.15 631.2 131.5 104.8
Pedestrian 1761.25 675.65 29.3 110.9
MotorCyclist 754.45 671.95 28.1 52.7
Car 22.15 672.85 44.3 28.9
Pedestrian 720.9 662.75 11.0 43.5
MotorCyclist 823.95 667.2 13.5 37.2
Car 807.35 658.3 11.5 23.0
MotorCyclist 1429.4 643.4 14.4 24.0
Pedestrian 1827.95 660.75 38.7 112.3
Pedestrian 1977.05 680.5 54.9 123.0
Pedestrian 2087.55 684.35 45.9 121.9
Car 2058.05 616.4 56.9 30.0
Pedestrian 2137.5 650.7 31.8 114.6
MotorCyclist 1923.2 665.75 30.4 101.1
Pedestrian 1886.9 652.15 25.8 99.5
Bike 1906.35 721.85 41.1 71.3
Pedestrian 1721.1 643.15 14.2 40.3
Pedestrian 1584.85 643.0 8.1 28.4
Pedestrian 1568.0 643.15 9.6 28.3
Pedestrian 1461.95 641.2 11.9 25.6