Car 1218.75 646.95 46.3 61.5
Car 1149.8 626.7 29.6 25.4
Car 1095.6 619.7 20.8 11.0
Car 1050.0 619.7 21.2 8.2
van 865.2 613.35 71.2 41.5
Car 796.2 609.65 20.0 23.3
Car 705.1 630.4 49.0 20.4
Car 1212.4 620.6 32.0 17.2
Pedestrian 1655.15 642.55 27.1 69.1
Pedestrian 1734.8 647.4 18.8 66.0
Pedestrian 1778.2 653.3 22.8 60.2
Pedestrian 1587.2 637.5 11.6 30.2
Pedestrian 1566.2 636.1 10.4 27.4
Pedestrian 1935.75 655.75 24.7 80.7
Pedestrian 1912.55 658.6 17.9 70.8
MotorCyclist 2003.55 680.2 63.1 108.8
MotorCyclist 2249.2 776.25 207.2 376.5
Motorcycle 220.05 641.95 61.3 61.9
LightTruck 540.0 606.85 85.6 46.9
Car 1314.25 665.3 128.1 113.0
Car 1218.75 646.95 46.3 61.5
Car 1149.8 626.7 29.6 25.4
Car 1095.6 619.7 20.8 11.0
Car 1050.0 619.7 21.2 8.2
van 865.2 613.35 71.2 41.5
Car 796.2 609.65 20.0 23.3
Car 705.1 630.4 49.0 20.4
Car 1212.4 620.6 32.0 17.2
Pedestrian 1655.15 642.55 27.1 69.1
Pedestrian 1734.8 647.4 18.8 66.0
Pedestrian 1778.2 653.3 22.8 60.2
Pedestrian 1587.2 637.5 11.6 30.2
Pedestrian 1566.2 636.1 10.4 27.4
Pedestrian 1935.75 655.75 24.7 80.7
Pedestrian 1912.55 658.6 17.9 70.8
MotorCyclist 2003.55 680.2 63.1 108.8
MotorCyclist 2249.2 776.25 207.2 376.5
Motorcycle 220.05 641.95 61.3 61.9
LightTruck 540.0 606.85 85.6 46.9