Car 2268.55 631.1 159.5 84.6
Car 1880.4 637.2 128.8 57.6
Car 1331.45 628.6 22.1 20.8
Car 1287.35 629.9 31.9 28.2
Car 1007.1 657.5 84.6 68.6
Car 1182.5 662.4 101.8 93.2
Car 890.6 647.65 57.6 44.1
Car 671.7 661.15 66.2 31.9
van 460.05 656.8 60.1 33.2
van 518.3 661.75 63.8 33.1
van 320.85 669.65 80.9 58.9
MotorCyclist 1392.25 639.1 25.7 66.2
MotorCyclist 1649.25 654.4 44.1 111.6
Pedestrian 1803.75 654.3 29.5 82.2
Pedestrian 1737.5 651.95 29.4 87.1
Pedestrian 1598.35 618.85 15.9 45.3
Pedestrian 1574.95 641.45 13.5 56.5
Pedestrian 1542.5 627.4 12.2 52.8
Pedestrian 1495.9 627.95 12.2 49.1
Pedestrian 1470.15 635.35 14.7 49.1
Pedestrian 1426.05 623.65 4.9 20.9
Pedestrian 1436.45 623.65 6.1 20.9
Car 1450.45 625.6 4.9 19.6
Car 33.3 716.35 66.6 53.9
Car 1980.95 627.4 89.5 57.6
Car 2268.55 631.1 159.5 84.6
Car 1880.4 637.2 128.8 57.6
Car 1331.45 628.6 22.1 20.8
Car 1287.35 629.9 31.9 28.2
Car 1007.1 657.5 84.6 68.6
Car 1182.5 662.4 101.8 93.2
Car 890.6 647.65 57.6 44.1
Car 671.7 661.15 66.2 31.9
van 460.05 656.8 60.1 33.2
van 518.3 661.75 63.8 33.1
van 320.85 669.65 80.9 58.9
MotorCyclist 1392.25 639.1 25.7 66.2
MotorCyclist 1649.25 654.4 44.1 111.6
Pedestrian 1803.75 654.3 29.5 82.2
Pedestrian 1737.5 651.95 29.4 87.1
Pedestrian 1598.35 618.85 15.9 45.3
Pedestrian 1574.95 641.45 13.5 56.5
Pedestrian 1542.5 627.4 12.2 52.8
Pedestrian 1495.9 627.95 12.2 49.1
Pedestrian 1470.15 635.35 14.7 49.1
Pedestrian 1426.05 623.65 4.9 20.9
Pedestrian 1436.45 623.65 6.1 20.9
Car 1450.45 625.6 4.9 19.6
Car 33.3 716.35 66.6 53.9