Car 1020.85 661.65 66.9 64.9
Car 1128.9 642.05 37.0 37.3
Car 290.05 639.65 115.3 51.7
Car 1493.25 648.3 37.3 33.0
Car 2115.85 663.35 123.7 81.9
Pedestrian 1457.5 645.8 5.8 24.4
Pedestrian 1448.25 641.65 4.1 26.5
Pedestrian 1437.5 638.6 4.6 19.6
Pedestrian 1593.15 649.0 7.5 32.0
Pedestrian 1652.25 651.3 11.7 32.2
Pedestrian 2392.7 657.4 21.0 83.6
Car 2461.75 666.95 65.5 83.9
Motorcycle 1840.35 669.3 22.3 48.6
TricycleOpenMotor 1753.8 620.9 61.2 73.0
TricycleClosed 588.0 630.9 38.8 24.6
Car 702.35 631.05 44.3 25.7
Car 772.8 627.1 21.6 9.8
van 1372.65 635.95 38.1 39.1
Pedestrian 547.85 628.65 10.5 27.3
LargeBus 29.0 526.25 58 238.1
Car 1259.9 668.65 109.4 86.9
Car 1020.85 661.65 66.9 64.9
Car 1128.9 642.05 37.0 37.3
Car 290.05 639.65 115.3 51.7
Car 1493.25 648.3 37.3 33.0
Car 2115.85 663.35 123.7 81.9
Pedestrian 1457.5 645.8 5.8 24.4
Pedestrian 1448.25 641.65 4.1 26.5
Pedestrian 1437.5 638.6 4.6 19.6
Pedestrian 1593.15 649.0 7.5 32.0
Pedestrian 1652.25 651.3 11.7 32.2
Pedestrian 2392.7 657.4 21.0 83.6
Car 2461.75 666.95 65.5 83.9
Motorcycle 1840.35 669.3 22.3 48.6
TricycleOpenMotor 1753.8 620.9 61.2 73.0
TricycleClosed 588.0 630.9 38.8 24.6
Car 702.35 631.05 44.3 25.7
Car 772.8 627.1 21.6 9.8
van 1372.65 635.95 38.1 39.1
Pedestrian 547.85 628.65 10.5 27.3
LargeBus 29.0 526.25 58 238.1