Car 1065.05 649.1 65.3 59.4
Car 1029.45 630.45 36.1 36.5
Car 944.1 621.25 25.0 26.5
Car 890.95 615.2 25.5 13.2
Car 844.1 613.25 21.8 12.1
Car 772.7 628.15 34.6 27.5
Car 748.15 617.5 19.1 22.2
Car 483.35 621.6 61.9 24.0
van 365.65 610.05 40.5 32.1
Pedestrian 1576.75 651.5 15.9 40.2
MotorCyclist 1612.2 658.1 15.6 38.6
Pedestrian 1865.1 688.2 26.6 78.4
Pedestrian 2221.85 706.2 63.3 187.6
Pedestrian 2401.55 729.3 54.3 173.0
Pedestrian 2506.45 744.65 35.7 167.3
Pedestrian 1417.15 640.55 9.5 29.9
Pedestrian 1404.65 641.1 7.7 26.2
MotorCyclist 1381.3 644.15 14.6 28.7
MotorCyclist 476.7 642.05 21.0 46.9
MotorCyclist 588.5 625.45 13.4 26.5
LargeBus 643.3 601.85 26.2 27.3
LightTruck 197.55 589.7 112.3 63.8
Car 711.65 621.15 18.5 17.5
Car 1207.7 673.25 134.2 106.1
Car 1065.05 649.1 65.3 59.4
Car 1029.45 630.45 36.1 36.5
Car 944.1 621.25 25.0 26.5
Car 890.95 615.2 25.5 13.2
Car 844.1 613.25 21.8 12.1
Car 772.7 628.15 34.6 27.5
Car 748.15 617.5 19.1 22.2
Car 483.35 621.6 61.9 24.0
van 365.65 610.05 40.5 32.1
Pedestrian 1576.75 651.5 15.9 40.2
MotorCyclist 1612.2 658.1 15.6 38.6
Pedestrian 1865.1 688.2 26.6 78.4
Pedestrian 2221.85 706.2 63.3 187.6
Pedestrian 2401.55 729.3 54.3 173.0
Pedestrian 2506.45 744.65 35.7 167.3
Pedestrian 1417.15 640.55 9.5 29.9
Pedestrian 1404.65 641.1 7.7 26.2
MotorCyclist 1381.3 644.15 14.6 28.7
MotorCyclist 476.7 642.05 21.0 46.9
MotorCyclist 588.5 625.45 13.4 26.5
LargeBus 643.3 601.85 26.2 27.3
LightTruck 197.55 589.7 112.3 63.8
Car 711.65 621.15 18.5 17.5