Car 1273.2 676.0 120.8 104
Car 1044.3 656.1 63.8 57.8
Car 978.0 635.3 36.4 35.8
Car 923.55 632.05 23.9 22.9
Car 757.4 631.6 32.4 33.2
Car 569.85 649.05 88.5 44.9
Car 396.0 636.15 58.8 27.1
Pedestrian 2006.95 679.55 30.7 67.1
Pedestrian 1953.35 669.25 23.9 70.5
MotorCyclist 1612.8 649.05 20.0 38.5
Pedestrian 1572.5 655.2 11.0 35.2
Pedestrian 1458.15 645.45 22.7 40.9
LightTruck 18.4 626.9 36.8 72.6
LargeBus 670.75 611.25 31.5 34.9
van 197.8 627.05 65.6 42.1
MotorCyclist 477.1 655.25 20.6 33.3
Car 1273.2 676.0 120.8 104
Car 1044.3 656.1 63.8 57.8
Car 978.0 635.3 36.4 35.8
Car 923.55 632.05 23.9 22.9
Car 757.4 631.6 32.4 33.2
Car 569.85 649.05 88.5 44.9
Car 396.0 636.15 58.8 27.1
Pedestrian 2006.95 679.55 30.7 67.1
Pedestrian 1953.35 669.25 23.9 70.5
MotorCyclist 1612.8 649.05 20.0 38.5
Pedestrian 1572.5 655.2 11.0 35.2
Pedestrian 1458.15 645.45 22.7 40.9
LightTruck 18.4 626.9 36.8 72.6
LargeBus 670.75 611.25 31.5 34.9
van 197.8 627.05 65.6 42.1