Car 1156.7 663.15 102.2 80.7
Car 2212.35 687.65 173.5 116.1
Car 188.25 623.9 99.7 50.6
Car 1062.05 632.5 43.7 39.8
Car 998.25 624.8 28.1 22.8
Pedestrian 1614.7 642.55 14.6 47.9
Pedestrian 1411.65 638.6 12.5 37.6
Pedestrian 1377.1 643.95 9.0 39.5
Pedestrian 1349.55 647.2 9.9 34.8
Pedestrian 1329.3 637.0 9.4 40.4
Pedestrian 1297.6 633.5 6.8 29.8
Pedestrian 1277.65 635.05 8.1 19.3
Pedestrian 2087.05 670.75 18.9 78.3
Pedestrian 2123.1 675.75 15.4 79.5
Pedestrian 2495.15 661.1 23.1 54.6
Bike 2494.15 797.65 43.9 76.5
Car 371.8 661.9 111.2 81.0
TricycleClosed 32.15 616.5 61.5 51.8
Pedestrian 419.6 593.65 8.0 21.3
Pedestrian 444.45 595.3 7.7 19.0
Car 591.8 620.15 50.0 21.5
Car 783.0 664.25 99.2 86.1
Car 1156.7 663.15 102.2 80.7
Car 2212.35 687.65 173.5 116.1
Car 188.25 623.9 99.7 50.6
Car 1062.05 632.5 43.7 39.8
Car 998.25 624.8 28.1 22.8
Pedestrian 1614.7 642.55 14.6 47.9
Pedestrian 1411.65 638.6 12.5 37.6
Pedestrian 1377.1 643.95 9.0 39.5
Pedestrian 1349.55 647.2 9.9 34.8
Pedestrian 1329.3 637.0 9.4 40.4
Pedestrian 1297.6 633.5 6.8 29.8
Pedestrian 1277.65 635.05 8.1 19.3
Pedestrian 2087.05 670.75 18.9 78.3
Pedestrian 2123.1 675.75 15.4 79.5
Pedestrian 2495.15 661.1 23.1 54.6
Bike 2494.15 797.65 43.9 76.5
Car 371.8 661.9 111.2 81.0
TricycleClosed 32.15 616.5 61.5 51.8
Pedestrian 419.6 593.65 8.0 21.3
Pedestrian 444.45 595.3 7.7 19.0
Car 591.8 620.15 50.0 21.5