Pedestrian 2213.2 723.05 39.2 186.5
Truck 2139.7 547.8 277.0 150.4
Pedestrian 1684.95 673.8 36.3 88.8
MotorCyclist 1506.9 680.2 38.2 109.2
Car 1434.35 645.95 43.9 39.9
Car 1080.4 661.65 98.4 80.1
Car 1183.25 639.8 59.7 56.0
Car 548.5 704.5 224.2 165
Car 295.8 655.75 154.8 111.5
Car 31.0 629.8 62 57.2
Motorcycle 1964.0 656.85 20.8 38.9
Motorcycle 1885.3 656.55 18.2 35.9
MotorCyclist 1303.05 637.75 9.7 23.9
Pedestrian 1382.5 632.45 13 29.3
Pedestrian 2291.85 736.05 78.5 243.7
Pedestrian 2213.2 723.05 39.2 186.5
Truck 2139.7 547.8 277.0 150.4
Pedestrian 1684.95 673.8 36.3 88.8
MotorCyclist 1506.9 680.2 38.2 109.2
Car 1434.35 645.95 43.9 39.9
Car 1080.4 661.65 98.4 80.1
Car 1183.25 639.8 59.7 56.0
Car 548.5 704.5 224.2 165
Car 295.8 655.75 154.8 111.5
Car 31.0 629.8 62 57.2
Motorcycle 1964.0 656.85 20.8 38.9
Motorcycle 1885.3 656.55 18.2 35.9
MotorCyclist 1303.05 637.75 9.7 23.9
Pedestrian 1382.5 632.45 13 29.3