Car 780.2 673.2 119.6 92.4
Pedestrian 1531.65 646.5 10.5 49.4
Pedestrian 1488.15 641.15 9.9 46.3
Pedestrian 1428.8 644.85 10.4 47.7
Pedestrian 1456.6 649.6 7.2 44.0
Pedestrian 1474.1 640.05 9.8 43.3
Pedestrian 1392.25 638.75 9.3 40.3
Pedestrian 1368.25 639.8 6.9 36.0
Pedestrian 1343.55 639.35 9.9 38.7
Pedestrian 1727.0 652.7 20.8 65.8
Pedestrian 1556.8 645.45 8.4 34.9
MotorCyclist 74.55 641.75 17.5 48.3
Pedestrian 363.3 590.8 9.8 28.0
Pedestrian 395.2 594.8 8.0 23.2
MotorCyclist 63.05 699.0 58.5 37.6
Car 37.7 631.5 75.4 49.8
Car 597.8 621.25 51.6 28.5
Car 1114.2 632.3 45.6 41.0
Car 1059.0 627.35 26 23.9
van 2244.4 667.85 210.4 249.7
Pedestrian 1443.0 635.3 10.4 50.2
Pedestrian 1326.75 635.75 9.9 38.7
Car 1166.5 654.95 97.4 83.5
Car 780.2 673.2 119.6 92.4
Pedestrian 1531.65 646.5 10.5 49.4
Pedestrian 1488.15 641.15 9.9 46.3
Pedestrian 1428.8 644.85 10.4 47.7
Pedestrian 1456.6 649.6 7.2 44.0
Pedestrian 1474.1 640.05 9.8 43.3
Pedestrian 1392.25 638.75 9.3 40.3
Pedestrian 1368.25 639.8 6.9 36.0
Pedestrian 1343.55 639.35 9.9 38.7
Pedestrian 1727.0 652.7 20.8 65.8
Pedestrian 1556.8 645.45 8.4 34.9
MotorCyclist 74.55 641.75 17.5 48.3
Pedestrian 363.3 590.8 9.8 28.0
Pedestrian 395.2 594.8 8.0 23.2
MotorCyclist 63.05 699.0 58.5 37.6
Car 37.7 631.5 75.4 49.8
Car 597.8 621.25 51.6 28.5
Car 1114.2 632.3 45.6 41.0
Car 1059.0 627.35 26 23.9
van 2244.4 667.85 210.4 249.7
Pedestrian 1443.0 635.3 10.4 50.2
Pedestrian 1326.75 635.75 9.9 38.7