MotorCyclist 1639.75 676.0 59.1 150.0
TricycleOpenMotor 2307.5 642.55 85.4 67.9
Car 1491.65 637.95 58.9 48.3
Car 1131.95 644.95 95.9 78.3
Car 1203.65 624.45 56.9 54.5
Car 504.35 701.55 252.7 177.1
Car 275.1 617.55 105.8 73.9
Motorcycle 2218.0 641.35 40 58.7
Motorcycle 2101.65 642.45 26.9 53.3
MotorCyclist 209.7 642.3 54.6 85.0
Pedestrian 7.35 598.05 14.7 78.9
MotorCyclist 1322.5 624.1 10.2 25.4
Pedestrian 1426.55 620.85 14.7 32.1
Pedestrian 1393.85 617.2 7.3 20.4
Car 467.9 614.45 72.6 48.1
Pedestrian 2003.8 691.1 58.4 144.2
MotorCyclist 1639.75 676.0 59.1 150.0
TricycleOpenMotor 2307.5 642.55 85.4 67.9
Car 1491.65 637.95 58.9 48.3
Car 1131.95 644.95 95.9 78.3
Car 1203.65 624.45 56.9 54.5
Car 504.35 701.55 252.7 177.1
Car 275.1 617.55 105.8 73.9
Motorcycle 2218.0 641.35 40 58.7
Motorcycle 2101.65 642.45 26.9 53.3
MotorCyclist 209.7 642.3 54.6 85.0
Pedestrian 7.35 598.05 14.7 78.9
MotorCyclist 1322.5 624.1 10.2 25.4
Pedestrian 1426.55 620.85 14.7 32.1
Pedestrian 1393.85 617.2 7.3 20.4
Car 467.9 614.45 72.6 48.1