Pedestrian 2168.25 685.25 31.3 129.3
Pedestrian 1843.1 672.15 29.8 84.7
Pedestrian 1521.25 654.8 20.9 64.4
MotorCyclist 1380.4 657.8 26.4 55.6
Car 1123.95 666.65 96.7 80.9
Car 763.25 682.2 147.7 116.0
MotorCyclist 634.2 650.8 26.0 50.8
Car 475.15 624.85 77.9 31.3
Pedestrian 1456.7 656.6 14.6 39.2
TricycleOpenMotor 350.3 624.9 71.0 55.0
Pedestrian 27.05 578.95 15.3 51.1
Pedestrian 69.15 585.25 16.7 58.1
Pedestrian 123.05 610.7 22.1 61.4
Pedestrian 1566.15 655.3 19.1 60.2
Pedestrian 1788.6 671.5 25.6 84.2
Pedestrian 1766.3 665.45 23.0 88.1
Pedestrian 1696.05 666.65 26.5 90.5
Motorcycle 1935.05 688.95 42.1 69.1
MotorCyclist 1308.9 642.15 9.0 21.5
Car 1363.2 643.85 25.6 24.1
BiCyclist 2018.85 678.5 108.9 125.8
Pedestrian 2168.25 685.25 31.3 129.3
Pedestrian 1843.1 672.15 29.8 84.7
Pedestrian 1521.25 654.8 20.9 64.4
MotorCyclist 1380.4 657.8 26.4 55.6
Car 1123.95 666.65 96.7 80.9
Car 763.25 682.2 147.7 116.0
MotorCyclist 634.2 650.8 26.0 50.8
Car 475.15 624.85 77.9 31.3
Pedestrian 1456.7 656.6 14.6 39.2
TricycleOpenMotor 350.3 624.9 71.0 55.0
Pedestrian 27.05 578.95 15.3 51.1
Pedestrian 69.15 585.25 16.7 58.1
Pedestrian 123.05 610.7 22.1 61.4
Pedestrian 1566.15 655.3 19.1 60.2
Pedestrian 1788.6 671.5 25.6 84.2
Pedestrian 1766.3 665.45 23.0 88.1
Pedestrian 1696.05 666.65 26.5 90.5
Motorcycle 1935.05 688.95 42.1 69.1
MotorCyclist 1308.9 642.15 9.0 21.5
Car 1363.2 643.85 25.6 24.1