Pedestrian 1779.6 681.25 39.6 122.9
Pedestrian 1538.9 657.2 26.2 64.4
MotorCyclist 1427.45 667.1 36.1 81.4
Car 1036.45 663.25 98.5 78.1
Car 1172.85 640.75 55.7 54.3
Car 1385.6 643.65 34.0 33.3
Car 622.9 698.05 192.6 144.1
Car 560.45 623.75 62.9 37.9
TricycleOpenMotor 239.65 614.75 64.5 68.7
Car 137.8 628.9 138.4 45.4
Pedestrian 1844.6 667.9 31.6 116.6
Pedestrian 2465.05 698.45 63.3 182.5
MotorCyclist 1291.65 639.15 10.1 23.5
Pedestrian 1356.45 630.75 8.9 26.3
Pedestrian 471.0 625.45 13.6 38.1
Pedestrian 428.7 624.6 11.8 38.0
Pedestrian 2347.5 682.9 65.0 192.6
Pedestrian 1779.6 681.25 39.6 122.9
Pedestrian 1538.9 657.2 26.2 64.4
MotorCyclist 1427.45 667.1 36.1 81.4
Car 1036.45 663.25 98.5 78.1
Car 1172.85 640.75 55.7 54.3
Car 1385.6 643.65 34.0 33.3
Car 622.9 698.05 192.6 144.1
Car 560.45 623.75 62.9 37.9
TricycleOpenMotor 239.65 614.75 64.5 68.7
Car 137.8 628.9 138.4 45.4
Pedestrian 1844.6 667.9 31.6 116.6
Pedestrian 2465.05 698.45 63.3 182.5
MotorCyclist 1291.65 639.15 10.1 23.5
Pedestrian 1356.45 630.75 8.9 26.3
Pedestrian 471.0 625.45 13.6 38.1
Pedestrian 428.7 624.6 11.8 38.0