Car 1570.4 675.75 78.4 61.5
Car 1169.15 669.45 91.9 79.7
Car 501.1 736.7 269.4 192.6
Car 93.6 706.7 187.2 118.2
Motorcycle 2478.2 696.0 48.8 69.6
Pedestrian 1471.0 645.95 12.4 39.1
Car 51.95 636.35 103.9 83.5
Car 316.8 640.4 91.2 65.6
Car 1509.6 645.4 26.4 24.4
MotorCyclist 1332.2 651.05 12.0 26.1
MotorCyclist 1898.5 733.4 100.6 232.8
Car 1570.4 675.75 78.4 61.5
Car 1169.15 669.45 91.9 79.7
Car 501.1 736.7 269.4 192.6
Car 93.6 706.7 187.2 118.2
Motorcycle 2478.2 696.0 48.8 69.6
Pedestrian 1471.0 645.95 12.4 39.1
Car 51.95 636.35 103.9 83.5
Car 316.8 640.4 91.2 65.6
Car 1509.6 645.4 26.4 24.4
MotorCyclist 1332.2 651.05 12.0 26.1