Pedestrian 1759.1 677.5 19.8 69.4
Pedestrian 1631.05 649.85 24.5 76.5
Car 1127.0 662.3 99.6 87.0
Car 246.9 760.05 355.8 239.3
LightTruck 164.95 608.2 124.3 55.2
Car 1590.35 642.2 41.1 38.4
Motorcycle 1858.7 678.3 67.8 48.6
MotorCyclist 1295.55 638.05 15.5 32.1
Pedestrian 1433.7 637.65 11.0 33.3
TricycleOpenMotor 2099.85 655.9 213.3 123.0
Pedestrian 1759.1 677.5 19.8 69.4
Pedestrian 1631.05 649.85 24.5 76.5
Car 1127.0 662.3 99.6 87.0
Car 246.9 760.05 355.8 239.3
LightTruck 164.95 608.2 124.3 55.2
Car 1590.35 642.2 41.1 38.4
Motorcycle 1858.7 678.3 67.8 48.6
MotorCyclist 1295.55 638.05 15.5 32.1
Pedestrian 1433.7 637.65 11.0 33.3