Car 1176.3 658.9 127.8 103.0
Pedestrian 1969.1 657.45 42.6 111.3
Pedestrian 1877.75 646.45 24.7 67.3
BiCyclist 1901.7 651.95 23.4 61.9
Pedestrian 1936.1 654.7 20.6 61.8
Car 500.2 588.7 50.8 23.4
Car 768.25 601.1 48.1 20.6
Car 848.6 603.2 38.4 19.2
Car 1141.2 619.75 24.8 24.7
BiCyclist 1381.7 620.45 11.0 26.1
MotorCyclist 1420.8 630.65 12.4 41.3
Pedestrian 1440.8 631.4 19.2 53.6
Pedestrian 1469.65 629.95 16.5 39.9
MotorCyclist 1492.3 629.35 17.8 43.9
Pedestrian 1512.95 631.3 15.1 42.6
Pedestrian 1657.15 638.9 17.9 35.8
Pedestrian 1685.3 640.25 13.8 38.5
Pedestrian 1846.05 659.55 16.5 43.9
LargeBus 990.85 589.5 48.1 52.2
Bike 1902.4 686.35 24.8 37.1
Car 186.7 752.35 373.4 289.9
Car 1176.3 658.9 127.8 103.0
Pedestrian 1969.1 657.45 42.6 111.3
Pedestrian 1877.75 646.45 24.7 67.3
BiCyclist 1901.7 651.95 23.4 61.9
Pedestrian 1936.1 654.7 20.6 61.8
Car 500.2 588.7 50.8 23.4
Car 768.25 601.1 48.1 20.6
Car 848.6 603.2 38.4 19.2
Car 1141.2 619.75 24.8 24.7
BiCyclist 1381.7 620.45 11.0 26.1
MotorCyclist 1420.8 630.65 12.4 41.3
Pedestrian 1440.8 631.4 19.2 53.6
Pedestrian 1469.65 629.95 16.5 39.9
MotorCyclist 1492.3 629.35 17.8 43.9
Pedestrian 1512.95 631.3 15.1 42.6
Pedestrian 1657.15 638.9 17.9 35.8
Pedestrian 1685.3 640.25 13.8 38.5
Pedestrian 1846.05 659.55 16.5 43.9
LargeBus 990.85 589.5 48.1 52.2
Bike 1902.4 686.35 24.8 37.1