Car 1137.45 670.65 95.3 82.9
Car 353.8 741.15 316.0 225.5
Car 36.4 610.0 72.8 62.8
TricycleOpenMotor 1829.5 659.3 140.2 81.4
Pedestrian 1548.8 658.35 13.6 56.3
Pedestrian 1624.15 673.7 14.7 52.2
MotorCyclist 1293.85 645.9 15.7 30.2
Pedestrian 1409.55 641.3 9.5 31.0
van 351.7 619.3 102.2 49.0
Car 1949.65 724.65 234.9 161.7
Car 1137.45 670.65 95.3 82.9
Car 353.8 741.15 316.0 225.5
Car 36.4 610.0 72.8 62.8
TricycleOpenMotor 1829.5 659.3 140.2 81.4
Pedestrian 1548.8 658.35 13.6 56.3
Pedestrian 1624.15 673.7 14.7 52.2
MotorCyclist 1293.85 645.9 15.7 30.2
Pedestrian 1409.55 641.3 9.5 31.0
van 351.7 619.3 102.2 49.0