Car 1152.95 660.9 119.5 96.2
Car 1991.1 648.5 103.0 77
BiCyclist 2454.85 664.3 35.7 64.6
Car 2395.7 640.3 55.0 55.0
Pedestrian 1630.35 640.25 24.7 60.5
Pedestrian 1698.35 643.7 17.9 45.4
Pedestrian 1730.7 647.2 11.0 41.2
Pedestrian 1745.75 640.25 8.3 38.5
Pedestrian 1659.3 646.45 11.0 28.9
Car 918.0 612.15 28.8 15.1
MotorCyclist 1337.65 634.1 16.5 42.6
Pedestrian 1405.05 632.75 13.7 39.9
Car 1070.55 601.15 37.1 37.1
Car 854.75 612.85 34.3 16.5
Pedestrian 863.0 607.95 6.8 17.9
Car 641.75 601.1 37.1 20.6
Pedestrian 664.45 632.05 16.5 38.5
MotorCyclist 630.15 637.5 24.7 33.0
Car 181.2 763.35 362.4 289.9
Car 1152.95 660.9 119.5 96.2
Car 1991.1 648.5 103.0 77
BiCyclist 2454.85 664.3 35.7 64.6
Car 2395.7 640.3 55.0 55.0
Pedestrian 1630.35 640.25 24.7 60.5
Pedestrian 1698.35 643.7 17.9 45.4
Pedestrian 1730.7 647.2 11.0 41.2
Pedestrian 1745.75 640.25 8.3 38.5
Pedestrian 1659.3 646.45 11.0 28.9
Car 918.0 612.15 28.8 15.1
MotorCyclist 1337.65 634.1 16.5 42.6
Pedestrian 1405.05 632.75 13.7 39.9
Car 1070.55 601.15 37.1 37.1
Car 854.75 612.85 34.3 16.5
Pedestrian 863.0 607.95 6.8 17.9
Car 641.75 601.1 37.1 20.6
Pedestrian 664.45 632.05 16.5 38.5
MotorCyclist 630.15 637.5 24.7 33.0