Car 1182.4 666.25 91.2 77.7
Car 1540.65 644.75 24.5 30.7
Pedestrian 1522.35 651.45 15.1 46.5
Pedestrian 1581.65 661.6 10.9 51.6
Car 469.4 733.2 286.8 208.8
Car 65.4 640.15 130.8 91.9
MotorCyclist 164.95 666.65 68.3 108.9
MotorCyclist 283.85 663.95 42.5 80.3
MotorCyclist 2499.4 845.1 40.4 396.6
MotorCyclist 1330.15 644.3 11.5 29.0
Pedestrian 1427.0 638.65 8.0 27.3
Car 243.3 612.05 92.2 53.3
Car 1694.85 685.4 116.9 88.4
Car 1182.4 666.25 91.2 77.7
Car 1540.65 644.75 24.5 30.7
Pedestrian 1522.35 651.45 15.1 46.5
Pedestrian 1581.65 661.6 10.9 51.6
Car 469.4 733.2 286.8 208.8
Car 65.4 640.15 130.8 91.9
MotorCyclist 164.95 666.65 68.3 108.9
MotorCyclist 283.85 663.95 42.5 80.3
MotorCyclist 2499.4 845.1 40.4 396.6
MotorCyclist 1330.15 644.3 11.5 29.0
Pedestrian 1427.0 638.65 8.0 27.3
Car 243.3 612.05 92.2 53.3