Car 132.6 605.95 111.6 49.1
Car 680.2 615.75 39.2 34.3
Car 764.25 625.55 40.5 34.3
Car 751.35 669.15 127.5 91.9
Car 1159.85 639.0 41.7 36.8
Car 1062.9 650.65 83.4 74.9
Car 1361.5 637.25 28.2 23.3
Car 1315.6 631.75 19.6 17.1
Car 1934.95 636.05 31.9 25.7
Pedestrian 1895.1 629.3 11.0 27.0
MotorCyclist 1678.0 689.35 52.8 122.7
BiCyclist 1416.75 618.85 15.9 40.5
BiCyclist 1440.65 645.8 19.7 74.8
BiCyclist 1336.35 650.15 12.3 34.3
BiCyclist 1297.7 641.45 8.6 41.7
MotorCyclist 1273.3 637.3 13.4 28.2
MotorCyclist 539.2 644.55 22.0 52.7
Car 46.15 973.2 92.3 258.8
MotorCyclist 264.4 638.45 17.2 60.1
BiCyclist 303.6 645.8 17.2 55.2
Car 28.4 601.05 56.8 58.9
Car 132.6 605.95 111.6 49.1
Car 680.2 615.75 39.2 34.3
Car 764.25 625.55 40.5 34.3
Car 751.35 669.15 127.5 91.9
Car 1159.85 639.0 41.7 36.8
Car 1062.9 650.65 83.4 74.9
Car 1361.5 637.25 28.2 23.3
Car 1315.6 631.75 19.6 17.1
Car 1934.95 636.05 31.9 25.7
Pedestrian 1895.1 629.3 11.0 27.0
MotorCyclist 1678.0 689.35 52.8 122.7
BiCyclist 1416.75 618.85 15.9 40.5
BiCyclist 1440.65 645.8 19.7 74.8
BiCyclist 1336.35 650.15 12.3 34.3
BiCyclist 1297.7 641.45 8.6 41.7
MotorCyclist 1273.3 637.3 13.4 28.2
MotorCyclist 539.2 644.55 22.0 52.7
Car 46.15 973.2 92.3 258.8
MotorCyclist 264.4 638.45 17.2 60.1
BiCyclist 303.6 645.8 17.2 55.2