Car 1306.9 624.85 27.0 23.3
Car 1123.0 624.35 36.8 31.9
Car 1029.25 632.35 79.7 72.3
Car 767.2 612.7 36.8 28.2
Car 735.35 658.0 120.3 89.6
Car 283.4 594.8 74.8 36.8
Car 104.85 594.35 115.3 50.3
van 39.4 583.25 78.8 42.9
Car 10.6 610.8 21.2 34.4
Car 78.05 820.6 156.1 316.4
MotorCyclist 1603.85 661.75 41.7 106.7
BiCyclist 1411.8 631.65 16.0 61.3
BiCyclist 1350.5 618.85 11.0 40.5
BiCyclist 1277.55 622.45 12.3 38.1
BiCyclist 1251.75 628.0 9.9 34.4
MotorCyclist 1235.9 619.45 12.2 26.9
MotorCyclist 424.45 645.75 42.9 65.1
Pedestrian 401.15 622.45 15.9 42.9
MotorCyclist 667.95 623.05 14.7 39.3
MotorCyclist 227.0 646.45 35.6 61.3
Car 1828.3 618.25 29.4 24.5
Car 1306.9 624.85 27.0 23.3
Car 1123.0 624.35 36.8 31.9
Car 1029.25 632.35 79.7 72.3
Car 767.2 612.7 36.8 28.2
Car 735.35 658.0 120.3 89.6
Car 283.4 594.8 74.8 36.8
Car 104.85 594.35 115.3 50.3
van 39.4 583.25 78.8 42.9
Car 10.6 610.8 21.2 34.4
Car 78.05 820.6 156.1 316.4
MotorCyclist 1603.85 661.75 41.7 106.7
BiCyclist 1411.8 631.65 16.0 61.3
BiCyclist 1350.5 618.85 11.0 40.5
BiCyclist 1277.55 622.45 12.3 38.1
BiCyclist 1251.75 628.0 9.9 34.4
MotorCyclist 1235.9 619.45 12.2 26.9
MotorCyclist 424.45 645.75 42.9 65.1
Pedestrian 401.15 622.45 15.9 42.9
MotorCyclist 667.95 623.05 14.7 39.3
MotorCyclist 227.0 646.45 35.6 61.3