MotorCyclist 227.65 654.4 41.7 72.4
MotorCyclist 1725.3 695.55 63.8 144.7
BiCyclist 1497.05 610.2 19.7 57.6
BiCyclist 1486.65 645.1 23.3 83.4
BiCyclist 1402.0 642.1 16 47.8
BiCyclist 1355.4 642.1 16.0 47.8
Pedestrian 2011.1 626.1 12.2 25.8
Pedestrian 68.2 650.0 22.0 73.6
Pedestrian 13.05 648.2 26.1 74.8
Car 40.05 599.8 80.1 56.4
van 655.65 609.0 39.3 35.6
van 768.45 618.8 39.3 35.6
Car 974.05 622.4 23.3 18.4
Car 1199.05 632.95 41.7 34.3
Car 1369.5 628.0 24.6 19.6
Car 1423.55 634.1 34.3 27.0
Car 1076.35 629.8 46.7 38.0
Car 1110.1 647.65 84.6 78.5
Car 783.9 667.2 123.8 93.2
Car 43.7 1001.55 87.4 275.9
Car 2064.95 632.9 31.9 24.6
Car 2183.4 627.4 92.0 38.0
MotorCyclist 1313.75 633.55 15.9 30.7
MotorCyclist 227.65 654.4 41.7 72.4
MotorCyclist 1725.3 695.55 63.8 144.7
BiCyclist 1497.05 610.2 19.7 57.6
BiCyclist 1486.65 645.1 23.3 83.4
BiCyclist 1402.0 642.1 16 47.8
BiCyclist 1355.4 642.1 16.0 47.8
Pedestrian 2011.1 626.1 12.2 25.8
Pedestrian 68.2 650.0 22.0 73.6
Pedestrian 13.05 648.2 26.1 74.8
Car 40.05 599.8 80.1 56.4
van 655.65 609.0 39.3 35.6
van 768.45 618.8 39.3 35.6
Car 974.05 622.4 23.3 18.4
Car 1199.05 632.95 41.7 34.3
Car 1369.5 628.0 24.6 19.6
Car 1423.55 634.1 34.3 27.0
Car 1076.35 629.8 46.7 38.0
Car 1110.1 647.65 84.6 78.5
Car 783.9 667.2 123.8 93.2
Car 43.7 1001.55 87.4 275.9
Car 2064.95 632.9 31.9 24.6
Car 2183.4 627.4 92.0 38.0