Pedestrian 290.1 669.15 24.6 72.3
MotorCyclist 2281.6 803.35 185.6 399.9
BiCyclist 2030.7 684.45 66.2 225.7
MotorCyclist 1544.35 631.05 15.9 40.5
van 30.85 600.35 61.7 87.1
van 521.95 620.05 85.9 62.5
LightTruck 597.45 581.45 60.1 63.7
Car 1065.35 634.15 34.3 31.9
Car 1303.95 629.8 35.5 38.0
Car 1342.5 632.25 44.2 42.9
Car 1435.2 643.35 77.2 69.9
Car 1560.25 621.25 23.3 25.7
Car 1635.0 628.65 55.2 40.5
Car 1754.7 642.1 63.8 43.0
Car 1872.45 631.15 206.1 89.5
Car 2325.85 688.7 156.1 155.8
Car 721.3 739.0 303.0 236.8
Car 1140.85 662.45 96.9 78.5
Pedestrian 591.35 622.55 13.5 52.7
Pedestrian 290.1 669.15 24.6 72.3
MotorCyclist 2281.6 803.35 185.6 399.9
BiCyclist 2030.7 684.45 66.2 225.7
MotorCyclist 1544.35 631.05 15.9 40.5
van 30.85 600.35 61.7 87.1
van 521.95 620.05 85.9 62.5
LightTruck 597.45 581.45 60.1 63.7
Car 1065.35 634.15 34.3 31.9
Car 1303.95 629.8 35.5 38.0
Car 1342.5 632.25 44.2 42.9
Car 1435.2 643.35 77.2 69.9
Car 1560.25 621.25 23.3 25.7
Car 1635.0 628.65 55.2 40.5
Car 1754.7 642.1 63.8 43.0
Car 1872.45 631.15 206.1 89.5
Car 2325.85 688.7 156.1 155.8
Car 721.3 739.0 303.0 236.8
Car 1140.85 662.45 96.9 78.5