MotorCyclist 1425.95 628.6 14.7 35.6
MotorCyclist 1849.75 765.3 126.3 304.2
BiCyclist 1600.8 669.75 55.2 161.9
BiCyclist 1779.2 674.65 34.4 117.7
BiCyclist 1867.5 669.15 44.2 106.7
BiCyclist 2202.35 604.65 71.1 188.9
van 594.3 612.7 63.8 47.8
van 239.9 599.8 100.6 56.4
Pedestrian 80.45 599.2 22.1 55.2
Car 1472.0 624.35 38.0 31.9
Car 1557.25 632.25 41.7 38.1
Car 1632.65 624.9 153.3 62.6
Car 1774.25 643.95 78.5 71.1
Car 1195.4 628.6 39.2 35.6
Car 1251.1 641.45 82.2 76.1
Car 957.4 661.7 108.0 82.2
Car 215.45 785.7 430.9 325.0
MotorCyclist 1375.1 624.85 11.0 23.3
MotorCyclist 1425.95 628.6 14.7 35.6
MotorCyclist 1849.75 765.3 126.3 304.2
BiCyclist 1600.8 669.75 55.2 161.9
BiCyclist 1779.2 674.65 34.4 117.7
BiCyclist 1867.5 669.15 44.2 106.7
BiCyclist 2202.35 604.65 71.1 188.9
van 594.3 612.7 63.8 47.8
van 239.9 599.8 100.6 56.4
Pedestrian 80.45 599.2 22.1 55.2
Car 1472.0 624.35 38.0 31.9
Car 1557.25 632.25 41.7 38.1
Car 1632.65 624.9 153.3 62.6
Car 1774.25 643.95 78.5 71.1
Car 1195.4 628.6 39.2 35.6
Car 1251.1 641.45 82.2 76.1
Car 957.4 661.7 108.0 82.2
Car 215.45 785.7 430.9 325.0