MotorCyclist 1379.95 628.0 15.9 34.4
BiCyclist 1516.05 645.85 23.3 79.7
BiCyclist 1585.4 650.15 39.2 127.5
Pedestrian 1795.8 602.2 38.0 110.4
van 453.3 603.5 66.2 49.0
van 675.95 613.95 50.3 35.5
Pedestrian 609.15 638.45 14.7 40.5
Car 1406.95 620.65 30.7 24.5
Car 1464.6 628.55 38.0 30.7
Car 1570.65 620.7 78.5 49.0
MotorCyclist 1345.6 609.0 16.0 16.0
Car 1249.3 627.4 44.2 38.0
Car 1145.65 627.4 38.1 38.0
Car 1016.25 623.65 24.5 20.9
Car 1176.35 645.25 89.5 78.5
Car 817.6 631.1 58.8 45.4
Car 848.9 668.55 121.4 90.7
Car 142.45 816.3 284.9 396.2
MotorCyclist 1718.45 721.9 94.5 231.8
MotorCyclist 1379.95 628.0 15.9 34.4
BiCyclist 1516.05 645.85 23.3 79.7
BiCyclist 1585.4 650.15 39.2 127.5
Pedestrian 1795.8 602.2 38.0 110.4
van 453.3 603.5 66.2 49.0
van 675.95 613.95 50.3 35.5
Pedestrian 609.15 638.45 14.7 40.5
Car 1406.95 620.65 30.7 24.5
Car 1464.6 628.55 38.0 30.7
Car 1570.65 620.7 78.5 49.0
MotorCyclist 1345.6 609.0 16.0 16.0
Car 1249.3 627.4 44.2 38.0
Car 1145.65 627.4 38.1 38.0
Car 1016.25 623.65 24.5 20.9
Car 1176.35 645.25 89.5 78.5
Car 817.6 631.1 58.8 45.4
Car 848.9 668.55 121.4 90.7
Car 142.45 816.3 284.9 396.2