van 354.85 618.3 103.3 61.0
Car 1169.05 667.8 90.9 73.2
Car 1451.25 651.15 68.5 64.3
Car 1336.1 642.8 46.6 39.2
BiCyclist 2478.7 718.95 54.2 274.3
Car 2030.7 649.0 280.6 119.6
Car 1812.05 660.3 82.5 53.0
Car 1666.7 643.95 69.4 47.1
Pedestrian 462.0 622.95 19.6 63.1
LightTruck 474.4 581.35 73.2 78.3
Pedestrian 8.0 664.95 16 100.7
PersonSitting 146.6 624.85 23.2 49.3
Pedestrian 1618.6 639.75 10.8 39.9
Car 847.15 750.05 269.5 221.3
van 354.85 618.3 103.3 61.0
Car 1169.05 667.8 90.9 73.2
Car 1451.25 651.15 68.5 64.3
Car 1336.1 642.8 46.6 39.2
BiCyclist 2478.7 718.95 54.2 274.3
Car 2030.7 649.0 280.6 119.6
Car 1812.05 660.3 82.5 53.0
Car 1666.7 643.95 69.4 47.1
Pedestrian 462.0 622.95 19.6 63.1
LightTruck 474.4 581.35 73.2 78.3
Pedestrian 8.0 664.95 16 100.7
PersonSitting 146.6 624.85 23.2 49.3
Pedestrian 1618.6 639.75 10.8 39.9