van 526.85 597.9 61.3 43.0
Car 1009.5 613.85 25.8 20.9
Car 927.9 620.6 44.2 34.4
Car 1112.5 613.25 45.4 39.3
Car 1230.35 617.6 35.5 38.0
Car 1357.9 609.05 30.6 25.7
Car 1502.65 623.65 60.1 40.5
Car 1419.2 617.5 35.6 28.2
Car 1137.75 639.7 90.7 82.2
Car 796.75 655.6 125.1 89.6
Car 102.0 836.55 204 382.7
BiCyclist 1646.75 594.25 29.5 94.5
BiCyclist 1545.0 628.0 36.8 112.8
Pedestrian 1489.05 632.9 23.3 63.8
BiCyclist 1416.8 632.9 20.8 63.8
MotorCyclist 1724.55 697.35 87.1 197.5
MotorCyclist 1345.6 620.0 16.0 33.2
Pedestrian 667.35 623.15 13.5 34.3
MotorCyclist 108.0 656.9 52.8 67.4
van 706.05 605.35 41.7 33.1
van 526.85 597.9 61.3 43.0
Car 1009.5 613.85 25.8 20.9
Car 927.9 620.6 44.2 34.4
Car 1112.5 613.25 45.4 39.3
Car 1230.35 617.6 35.5 38.0
Car 1357.9 609.05 30.6 25.7
Car 1502.65 623.65 60.1 40.5
Car 1419.2 617.5 35.6 28.2
Car 1137.75 639.7 90.7 82.2
Car 796.75 655.6 125.1 89.6
Car 102.0 836.55 204 382.7
BiCyclist 1646.75 594.25 29.5 94.5
BiCyclist 1545.0 628.0 36.8 112.8
Pedestrian 1489.05 632.9 23.3 63.8
BiCyclist 1416.8 632.9 20.8 63.8
MotorCyclist 1724.55 697.35 87.1 197.5
MotorCyclist 1345.6 620.0 16.0 33.2
Pedestrian 667.35 623.15 13.5 34.3
MotorCyclist 108.0 656.9 52.8 67.4