Pedestrian 2123.15 736.65 48.7 152.5
Pedestrian 2303.2 696.45 34.0 114.1
Car 91.2 670.05 112.8 83.7
TricycleOpenMotor 439.7 652.3 47.8 64.6
Car 163.75 645.45 110.3 55.3
Car 872.75 671.2 85.9 68.0
Car 1174.35 655.55 67.9 61.9
Car 1053.85 651.45 48.9 41.7
MotorCyclist 1401.75 657.25 18.3 53.7
Car 313.6 657.1 68.8 41.0
Pedestrian 2375.95 704.25 26.3 109.3
MotorCyclist 2415.4 692.75 28.0 111.1
Car 1477.6 658.0 46.4 41.2
Car 1547.5 665.25 69.4 32.9
Pedestrian 613.2 651.2 13.6 37.2
Car 98.95 818.35 197.9 365.9
Pedestrian 2123.15 736.65 48.7 152.5
Pedestrian 2303.2 696.45 34.0 114.1
Car 91.2 670.05 112.8 83.7
TricycleOpenMotor 439.7 652.3 47.8 64.6
Car 163.75 645.45 110.3 55.3
Car 872.75 671.2 85.9 68.0
Car 1174.35 655.55 67.9 61.9
Car 1053.85 651.45 48.9 41.7
MotorCyclist 1401.75 657.25 18.3 53.7
Car 313.6 657.1 68.8 41.0
Pedestrian 2375.95 704.25 26.3 109.3
MotorCyclist 2415.4 692.75 28.0 111.1
Car 1477.6 658.0 46.4 41.2
Car 1547.5 665.25 69.4 32.9
Pedestrian 613.2 651.2 13.6 37.2