LightTruck 510.0 637.85 74.0 45.3
Car 789.3 666.65 115.4 81.7
Car 1122.6 651.35 82.8 73.9
Car 1007.6 645.95 64.4 51.9
Car 1275.15 643.25 59.5 52.9
Car 1445.45 641.2 44.9 38.4
MotorCyclist 1508.05 663.65 34.9 90.9
Pedestrian 1585.6 662.1 17.2 59.8
Car 1900.6 703.75 155.6 106.3
TricycleOpenMotor 1716.45 663.4 70.5 67.2
Car 1989.0 693.25 151.6 56.9
Pedestrian 1809.75 694.45 27.9 92.5
Car 226.2 661.4 74.8 40.4
LightTruck 510.0 637.85 74.0 45.3
Car 789.3 666.65 115.4 81.7
Car 1122.6 651.35 82.8 73.9
Car 1007.6 645.95 64.4 51.9
Car 1275.15 643.25 59.5 52.9
Car 1445.45 641.2 44.9 38.4
MotorCyclist 1508.05 663.65 34.9 90.9
Pedestrian 1585.6 662.1 17.2 59.8
Car 1900.6 703.75 155.6 106.3
TricycleOpenMotor 1716.45 663.4 70.5 67.2
Car 1989.0 693.25 151.6 56.9
Pedestrian 1809.75 694.45 27.9 92.5