TricycleOpenMotor 2265.1 687.6 196.6 150.4
Pedestrian 1992.25 696.4 37.3 106.4
MotorCyclist 1631.15 659.55 65.9 142.7
TricycleClosed 1839.2 622.8 56.0 69.2
Car 1910.5 643.15 31.8 30.7
Car 1575.8 629.4 69.2 60.4
Car 1290.4 632.7 56.0 45.0
Car 1019.85 630.5 72.5 62.6
Car 1169.7 635.95 104.2 95.5
Car 1393.0 632.15 81.2 70.3
Car 726.3 656.3 152.6 109.8
LightTruck 235.1 625.55 109.8 52.7
TricycleOpenMotor 2265.1 687.6 196.6 150.4
Pedestrian 1992.25 696.4 37.3 106.4
MotorCyclist 1631.15 659.55 65.9 142.7
TricycleClosed 1839.2 622.8 56.0 69.2
Car 1910.5 643.15 31.8 30.7
Car 1575.8 629.4 69.2 60.4
Car 1290.4 632.7 56.0 45.0
Car 1019.85 630.5 72.5 62.6
Car 1169.7 635.95 104.2 95.5
Car 1393.0 632.15 81.2 70.3
Car 726.3 656.3 152.6 109.8