Car 1697.15 676.15 97.9 44.3
Car 1563.1 672.0 70.6 55.6
MotorCyclist 1411.5 658.4 29.0 65.6
Car 1116.9 651.1 70.6 65.4
Car 1210.35 645.55 45.5 43.5
Car 998.8 648.8 52.0 46.4
Car 819.8 667.5 95.6 69.4
van 57.7 634.65 115.4 71.3
MotorCyclist 1538.05 670.05 20.9 50.1
Pedestrian 155.85 659.35 25.3 79.1
LightTruck 650.35 637.15 34.7 25.1
Car 2091.25 679.55 176.1 81.9
Car 1697.15 676.15 97.9 44.3
Car 1563.1 672.0 70.6 55.6
MotorCyclist 1411.5 658.4 29.0 65.6
Car 1116.9 651.1 70.6 65.4
Car 1210.35 645.55 45.5 43.5
Car 998.8 648.8 52.0 46.4
Car 819.8 667.5 95.6 69.4
van 57.7 634.65 115.4 71.3
MotorCyclist 1538.05 670.05 20.9 50.1
Pedestrian 155.85 659.35 25.3 79.1
LightTruck 650.35 637.15 34.7 25.1