Pedestrian 1738.85 678.3 29.7 91.4
Pedestrian 1924.95 675.35 19.1 76.7
MotorCyclist 1353.65 641.2 20.9 54.4
Car 1153.85 642.7 66.5 61.0
Car 1043.65 636.05 47.3 42.9
Car 855.3 656.9 86.6 68.2
Pedestrian 1989.25 668.8 19.3 68.0
Pedestrian 2040.05 672.4 15.7 68.0
Car 315.65 642.1 94.1 61.4
Pedestrian 460.2 641.85 26.8 61.3
Car 1480.7 649.65 57.8 26.1
Car 133.85 803.2 267.7 374.8
Pedestrian 1738.85 678.3 29.7 91.4
Pedestrian 1924.95 675.35 19.1 76.7
MotorCyclist 1353.65 641.2 20.9 54.4
Car 1153.85 642.7 66.5 61.0
Car 1043.65 636.05 47.3 42.9
Car 855.3 656.9 86.6 68.2
Pedestrian 1989.25 668.8 19.3 68.0
Pedestrian 2040.05 672.4 15.7 68.0
Car 315.65 642.1 94.1 61.4
Pedestrian 460.2 641.85 26.8 61.3
Car 1480.7 649.65 57.8 26.1