Pedestrian 2231.75 726.45 54.7 173.3
TricycleOpenMotor 1890.3 669.5 132.6 94.6
Pedestrian 1729.7 664.9 25.4 78.6
MotorCyclist 1577.3 668.2 37.0 107.6
Car 1500.45 637.6 48.5 44.4
Car 1329.9 634.0 67.8 59.2
Car 1144.65 642.5 92.5 81.8
Car 1012.4 635.6 62.4 54.8
Car 754.25 657.0 132.9 93.2
Car 397.05 627.45 95.3 51.7
Car 34.1 654.7 68.2 55.0
CampusBus 2314.9 743.6 163.4 174.0
Pedestrian 2231.75 726.45 54.7 173.3
TricycleOpenMotor 1890.3 669.5 132.6 94.6
Pedestrian 1729.7 664.9 25.4 78.6
MotorCyclist 1577.3 668.2 37.0 107.6
Car 1500.45 637.6 48.5 44.4
Car 1329.9 634.0 67.8 59.2
Car 1144.65 642.5 92.5 81.8
Car 1012.4 635.6 62.4 54.8
Car 754.25 657.0 132.9 93.2
Car 397.05 627.45 95.3 51.7
Car 34.1 654.7 68.2 55.0