MotorCyclist 1602.15 662.4 99.9 227.2
Car 2419.9 622.4 93.4 81.2
TricycleClosed 2065.9 592.7 92.2 109.8
van 1711.4 619.1 85.6 92.2
Car 1234.45 622.25 80.1 72.5
Car 1466.1 620.7 117.4 108.6
Car 979.3 611.95 79.0 64.7
Car 1078.05 627.85 149.3 140.5
Car 808.1 613.45 57.0 46.1
Car 652.2 638.85 162.4 114.1
MotorCyclist 1373.25 636.55 50.5 74.7
MotorCyclist 1602.15 662.4 99.9 227.2
Car 2419.9 622.4 93.4 81.2
TricycleClosed 2065.9 592.7 92.2 109.8
van 1711.4 619.1 85.6 92.2
Car 1234.45 622.25 80.1 72.5
Car 1466.1 620.7 117.4 108.6
Car 979.3 611.95 79.0 64.7
Car 1078.05 627.85 149.3 140.5
Car 808.1 613.45 57.0 46.1
Car 652.2 638.85 162.4 114.1