MotorCyclist 1607.05 718.4 136.1 304.0
MotorCyclist 702.75 637.1 26.3 49.4
Pedestrian 147.35 658.5 30.7 79.0
Car 564.35 644.25 70.3 68.1
Car 402.55 651.9 137.1 92.2
Car 769.55 661.8 133.9 98.8
Car 1055.6 663.0 192.0 184.4
Car 1436.9 639.85 199.8 72.5
Car 1662.0 666.15 175.6 160.3
van 1947.25 657.35 149.3 133.9
MotorCyclist 319.1 650.3 31.8 62.6
MotorCyclist 1607.05 718.4 136.1 304.0
MotorCyclist 702.75 637.1 26.3 49.4
Pedestrian 147.35 658.5 30.7 79.0
Car 564.35 644.25 70.3 68.1
Car 402.55 651.9 137.1 92.2
Car 769.55 661.8 133.9 98.8
Car 1055.6 663.0 192.0 184.4
Car 1436.9 639.85 199.8 72.5
Car 1662.0 666.15 175.6 160.3
van 1947.25 657.35 149.3 133.9