MotorCyclist 651.1 645.9 24.2 53.8
MotorCyclist 1304.7 631.6 14.2 34.0
MotorCyclist 1369.45 651.4 29.7 73.6
MotorCyclist 1632.85 733.75 174.5 334.7
van 80.2 631.7 160.4 130.6
TricycleOpenMotor 522.75 641.5 52.7 49.4
Car 118.6 822.05 237.2 392.9
Car 1155.45 648.1 71.3 58.2
Car 933.7 676.7 211.8 198.6
Car 1596.1 647.0 79.0 42.8
Car 1547.8 679.35 364.4 147.1
Car 2096.6 704.1 180.0 108.6
Car 2191.5 642.6 75.8 69.2
Car 2321.55 679.95 142.7 95.5
Pedestrian 1418.9 638.75 9.8 39.5
Pedestrian 1436.35 648.1 9.9 40.6
Pedestrian 1451.75 647.55 9.9 43.9
Pedestrian 1513.15 638.75 9.9 39.5
MotorCyclist 577.0 648.1 20.8 45.0
MotorCyclist 651.1 645.9 24.2 53.8
MotorCyclist 1304.7 631.6 14.2 34.0
MotorCyclist 1369.45 651.4 29.7 73.6
MotorCyclist 1632.85 733.75 174.5 334.7
van 80.2 631.7 160.4 130.6
TricycleOpenMotor 522.75 641.5 52.7 49.4
Car 118.6 822.05 237.2 392.9
Car 1155.45 648.1 71.3 58.2
Car 933.7 676.7 211.8 198.6
Car 1596.1 647.0 79.0 42.8
Car 1547.8 679.35 364.4 147.1
Car 2096.6 704.1 180.0 108.6
Car 2191.5 642.6 75.8 69.2
Car 2321.55 679.95 142.7 95.5
Pedestrian 1418.9 638.75 9.8 39.5
Pedestrian 1436.35 648.1 9.9 40.6
Pedestrian 1451.75 647.55 9.9 43.9
Pedestrian 1513.15 638.75 9.9 39.5