MotorCyclist 483.65 654.8 34.1 72.0
MotorCyclist 1326.25 637.3 18.5 37.0
Pedestrian 1451.8 656.75 20.4 48.7
Pedestrian 1697.45 662.05 25.3 47.7
MotorCyclist 1435.7 739.4 167.4 319.2
TricycleOpenMotor 535.65 642.6 56.5 51.6
LargeBus 859.65 603.2 81.7 85.6
Car 138.55 820.3 277.1 395.0
Car 1169.6 636.8 36.0 20.4
Car 1209.95 658.25 62.3 47.7
Car 934.55 681.65 192.7 176.1
Car 1596.3 641.7 64.2 30.2
Car 1665.25 650.45 97.3 47.7
Car 2338.15 659.25 65.1 72.9
Car 2433.4 705.35 84.4 107.1
Car 2248.4 720.05 201.2 124.5
Car 1761.1 695.2 374.6 180.0
MotorCyclist 546.45 653.9 23.3 50.6
MotorCyclist 483.65 654.8 34.1 72.0
MotorCyclist 1326.25 637.3 18.5 37.0
Pedestrian 1451.8 656.75 20.4 48.7
Pedestrian 1697.45 662.05 25.3 47.7
MotorCyclist 1435.7 739.4 167.4 319.2
TricycleOpenMotor 535.65 642.6 56.5 51.6
LargeBus 859.65 603.2 81.7 85.6
Car 138.55 820.3 277.1 395.0
Car 1169.6 636.8 36.0 20.4
Car 1209.95 658.25 62.3 47.7
Car 934.55 681.65 192.7 176.1
Car 1596.3 641.7 64.2 30.2
Car 1665.25 650.45 97.3 47.7
Car 2338.15 659.25 65.1 72.9
Car 2433.4 705.35 84.4 107.1
Car 2248.4 720.05 201.2 124.5
Car 1761.1 695.2 374.6 180.0