Car 2421.85 706.0 92.1 144
MotorCyclist 1589.3 757.5 134.6 298.2
Pedestrian 1306.8 665.9 12.8 36.6
Pedestrian 1329.85 658.6 14.5 46.0
Pedestrian 1350.35 661.25 17.9 61.3
Pedestrian 1421.0 671.4 19.6 64.8
Pedestrian 1489.2 682.1 19.6 69.0
Pedestrian 1511.4 666.35 12.8 44.3
Pedestrian 2457.55 796.65 68.3 230.1
HeavyTruck 171.5 459.75 291.4 254.7
Car 1008.25 654.4 28.9 27.2
Car 917.8 658.25 46.0 41.7
Car 573.2 721.3 208.8 167.8
Car 1084.5 665.55 96.2 90.3
Car 1575.15 664.65 103.1 54.5
Car 1752.9 671.8 114.2 65.6
Car 1808.7 687.55 133.8 76.7
Car 1923.35 691.8 161.9 85.2
van 2130.8 688.95 202.0 109.9
TricycleClosed 1429.6 635.25 118.4 74.1
van 2138.85 688.95 211.3 109.9
Car 2421.85 706.0 92.1 144
MotorCyclist 1589.3 757.5 134.6 298.2
Pedestrian 1306.8 665.9 12.8 36.6
Pedestrian 1329.85 658.6 14.5 46.0
Pedestrian 1350.35 661.25 17.9 61.3
Pedestrian 1421.0 671.4 19.6 64.8
Pedestrian 1489.2 682.1 19.6 69.0
Pedestrian 1511.4 666.35 12.8 44.3
Pedestrian 2457.55 796.65 68.3 230.1
HeavyTruck 171.5 459.75 291.4 254.7
Car 1008.25 654.4 28.9 27.2
Car 917.8 658.25 46.0 41.7
Car 573.2 721.3 208.8 167.8
Car 1084.5 665.55 96.2 90.3
Car 1575.15 664.65 103.1 54.5
Car 1752.9 671.8 114.2 65.6
Car 1808.7 687.55 133.8 76.7
Car 1923.35 691.8 161.9 85.2
van 2130.8 688.95 202.0 109.9
TricycleClosed 1429.6 635.25 118.4 74.1