MotorCyclist 1622.9 751.6 147.4 334.0
MotorCyclist 892.25 630.9 8.5 28.2
HeavyTruck 71.6 435.45 143.2 250.5
Car 366.6 669.35 71.6 50.3
Car 519.1 652.25 35.8 33.3
Car 608.2 702.6 190.0 150.8
Car 931.1 647.65 41.8 40.9
Car 1027.75 650.95 23.9 23.9
Car 1083.65 658.6 94.5 90.4
Car 1683.0 653.2 124.4 58.8
Car 1825.3 657.85 133.0 68.1
Car 1922.8 660.0 137.2 72.4
Car 2031.6 684.6 184.0 98.0
Car 2195.15 689.7 207.9 108.2
van 1879.4 626.75 98.0 50.3
TricycleClosed 1521.2 620.75 138.0 89.5
Pedestrian 1391.15 648.0 17.9 52
Pedestrian 1418.1 654.8 17.0 72.4
Pedestrian 1527.95 669.35 18.7 77.5
Pedestrian 1565.8 674.05 26.4 80.1
Pedestrian 1650.25 655.65 21.3 74.1
van 2433.4 680.75 84.4 148.3
MotorCyclist 1622.9 751.6 147.4 334.0
MotorCyclist 892.25 630.9 8.5 28.2
HeavyTruck 71.6 435.45 143.2 250.5
Car 366.6 669.35 71.6 50.3
Car 519.1 652.25 35.8 33.3
Car 608.2 702.6 190.0 150.8
Car 931.1 647.65 41.8 40.9
Car 1027.75 650.95 23.9 23.9
Car 1083.65 658.6 94.5 90.4
Car 1683.0 653.2 124.4 58.8
Car 1825.3 657.85 133.0 68.1
Car 1922.8 660.0 137.2 72.4
Car 2031.6 684.6 184.0 98.0
Car 2195.15 689.7 207.9 108.2
van 1879.4 626.75 98.0 50.3
TricycleClosed 1521.2 620.75 138.0 89.5
Pedestrian 1391.15 648.0 17.9 52
Pedestrian 1418.1 654.8 17.0 72.4
Pedestrian 1527.95 669.35 18.7 77.5
Pedestrian 1565.8 674.05 26.4 80.1
Pedestrian 1650.25 655.65 21.3 74.1