Pedestrian 2079.3 691.3 30.2 86.6
LargeBus 133.2 520.55 266.4 219.9
HeavyTruck 1170.05 552.2 56.5 76.8
Car 451.45 769.6 464.1 317.2
Car 1300.95 622.2 22.3 22.4
Car 1407.5 634.35 37.0 35.1
Car 1333.95 641.65 57.5 49.7
Car 1522.2 653.85 130.4 124.5
Car 1811.75 636.4 82.7 42.8
Car 1943.6 650.0 112.8 54.4
Car 1982.55 652.35 105.1 55.5
van 2077.85 647.1 112.9 64.2
van 2197.95 679.15 143.1 105.1
Car 2506.3 1157.9 35.8 163.4
TricycleClosed 1720.95 619.85 77.5 60.5
MotorCyclist 1737.3 715.6 120.6 279.2
Pedestrian 2079.3 691.3 30.2 86.6
LargeBus 133.2 520.55 266.4 219.9
HeavyTruck 1170.05 552.2 56.5 76.8
Car 451.45 769.6 464.1 317.2
Car 1300.95 622.2 22.3 22.4
Car 1407.5 634.35 37.0 35.1
Car 1333.95 641.65 57.5 49.7
Car 1522.2 653.85 130.4 124.5
Car 1811.75 636.4 82.7 42.8
Car 1943.6 650.0 112.8 54.4
Car 1982.55 652.35 105.1 55.5
van 2077.85 647.1 112.9 64.2
van 2197.95 679.15 143.1 105.1
Car 2506.3 1157.9 35.8 163.4
TricycleClosed 1720.95 619.85 77.5 60.5