Pedestrian 1230.6 658.7 13.6 56.2
Pedestrian 1285.1 669.25 17.0 53.7
Pedestrian 1351.55 672.25 17.1 59.7
Pedestrian 1953.6 751.55 52.0 149.9
MotorCyclist 1513.55 744.65 122.7 276.1
van 1843.6 679.5 156.0 87.8
van 2098.9 695.75 199.4 109.9
Car 2278.6 757.85 187.6 217.3
Car 1418.95 659.9 83.5 48.6
van 1531.4 657.0 117.6 59.6
Car 1593.95 681.15 109.9 63.9
Car 1696.7 683.75 134.6 69.1
Car 254.95 667.2 76.7 52.8
Car 799.45 637.85 20.5 14.5
Car 922.55 651.8 31.5 25.6
Car 841.95 653.6 44.3 39.2
Car 471.0 724.25 236.0 184.1
Car 1037.5 662.5 101.4 94.6
HeavyTruck 441.95 506.5 147.5 140.6
TricycleClosed 1298.3 626.75 101.4 57.1
Pedestrian 1208.5 653.5 10.2 42.6
Pedestrian 1230.6 658.7 13.6 56.2
Pedestrian 1285.1 669.25 17.0 53.7
Pedestrian 1351.55 672.25 17.1 59.7
Pedestrian 1953.6 751.55 52.0 149.9
MotorCyclist 1513.55 744.65 122.7 276.1
van 1843.6 679.5 156.0 87.8
van 2098.9 695.75 199.4 109.9
Car 2278.6 757.85 187.6 217.3
Car 1418.95 659.9 83.5 48.6
van 1531.4 657.0 117.6 59.6
Car 1593.95 681.15 109.9 63.9
Car 1696.7 683.75 134.6 69.1
Car 254.95 667.2 76.7 52.8
Car 799.45 637.85 20.5 14.5
Car 922.55 651.8 31.5 25.6
Car 841.95 653.6 44.3 39.2
Car 471.0 724.25 236.0 184.1
Car 1037.5 662.5 101.4 94.6
HeavyTruck 441.95 506.5 147.5 140.6
TricycleClosed 1298.3 626.75 101.4 57.1