Pedestrian 1353.75 675.2 11.1 38.4
Pedestrian 1340.55 677.85 11.9 53.7
Pedestrian 1830.0 731.9 40 121.0
MotorCyclist 1568.9 748.1 114.2 259.0
HeavyTruck 630.8 551.35 92.0 110.7
Car 959.55 663.7 37.5 29.0
Car 897.85 664.15 46.9 43.5
Car 471.4 747.3 281.2 213.0
Car 1443.65 667.55 74.9 36.7
Car 1126.15 675.25 108.3 99.7
Car 1580.8 682.5 104.0 49.4
Car 346.9 659.1 35.8 23.0
van 1774.25 686.35 132.9 77.5
van 1937.8 697.45 150.0 92.9
van 2062.6 730.6 236.0 149.2
TricycleClosed 1309.4 645.85 86.0 54.5
Pedestrian 1306.8 678.6 12.8 45.2
Pedestrian 1353.75 675.2 11.1 38.4
Pedestrian 1340.55 677.85 11.9 53.7
Pedestrian 1830.0 731.9 40 121.0
MotorCyclist 1568.9 748.1 114.2 259.0
HeavyTruck 630.8 551.35 92.0 110.7
Car 959.55 663.7 37.5 29.0
Car 897.85 664.15 46.9 43.5
Car 471.4 747.3 281.2 213.0
Car 1443.65 667.55 74.9 36.7
Car 1126.15 675.25 108.3 99.7
Car 1580.8 682.5 104.0 49.4
Car 346.9 659.1 35.8 23.0
van 1774.25 686.35 132.9 77.5
van 1937.8 697.45 150.0 92.9
van 2062.6 730.6 236.0 149.2
TricycleClosed 1309.4 645.85 86.0 54.5