Car 2366.2 678.25 129.2 108.9
Car 2162.6 653.6 195.2 74.4
Pedestrian 1653.4 672.7 30.0 112.6
Pedestrian 1600.0 652.65 15.6 72.5
Car 1173.0 662.55 89.2 80.7
Car 777.2 702.7 156.8 123.4
Car 999.1 651.95 41.4 31.9
Car 518.9 666.0 49.0 36
Truck 548.3 614.1 93.0 49.0
Car 93.85 687.35 82.9 41.9
Pedestrian 2136.5 657.15 31.0 93.1
Pedestrian 1997.45 675.9 39.3 110.2
Pedestrian 1735.7 666.2 24.6 60.8
MotorCyclist 317.9 689.1 37.4 65.8
Car 229.9 678.9 62.6 31.4
MotorCyclist 1886.75 807.7 172.3 379.8
Car 2366.2 678.25 129.2 108.9
Car 2162.6 653.6 195.2 74.4
Pedestrian 1653.4 672.7 30.0 112.6
Pedestrian 1600.0 652.65 15.6 72.5
Car 1173.0 662.55 89.2 80.7
Car 777.2 702.7 156.8 123.4
Car 999.1 651.95 41.4 31.9
Car 518.9 666.0 49.0 36
Truck 548.3 614.1 93.0 49.0
Car 93.85 687.35 82.9 41.9
Pedestrian 2136.5 657.15 31.0 93.1
Pedestrian 1997.45 675.9 39.3 110.2
Pedestrian 1735.7 666.2 24.6 60.8
MotorCyclist 317.9 689.1 37.4 65.8
Car 229.9 678.9 62.6 31.4