Car 976.7 650.75 93.8 85.1
MotorCyclist 1158.0 645.75 24.8 61.9
Car 797.2 643.3 44.8 35.0
Car 883.45 636.0 38.1 32.4
Car 1425.55 619.15 79.5 43.9
Car 1304.3 610.9 79.8 38.2
van 1245.95 607.25 54.3 40.9
Pedestrian 122.85 667.3 20.1 59.8
Pedestrian 155.15 676.95 16.3 50.3
Car 398.65 724.3 243.3 178.6
Car 976.7 650.75 93.8 85.1
MotorCyclist 1158.0 645.75 24.8 61.9
Car 797.2 643.3 44.8 35.0
Car 883.45 636.0 38.1 32.4
Car 1425.55 619.15 79.5 43.9
Car 1304.3 610.9 79.8 38.2
van 1245.95 607.25 54.3 40.9
Pedestrian 122.85 667.3 20.1 59.8
Pedestrian 155.15 676.95 16.3 50.3