Pedestrian 1947.55 676.95 58.7 160.7
Pedestrian 2050.75 647.05 30.3 82.1
Pedestrian 1747.2 655.4 31.2 84.8
Car 1240.95 644.7 86.7 79.0
Car 885.95 684.25 143.5 115.3
Car 95.25 679.05 128.5 58.9
van 521.55 653.25 124.7 100.1
Car 37.9 668.4 75.8 60.0
Car 1115.5 624.55 40.2 33.1
MotorCyclist 2174.2 778.95 257.2 415.5
Pedestrian 1947.55 676.95 58.7 160.7
Pedestrian 2050.75 647.05 30.3 82.1
Pedestrian 1747.2 655.4 31.2 84.8
Car 1240.95 644.7 86.7 79.0
Car 885.95 684.25 143.5 115.3
Car 95.25 679.05 128.5 58.9
van 521.55 653.25 124.7 100.1
Car 37.9 668.4 75.8 60.0
Car 1115.5 624.55 40.2 33.1