Car 1044.8 666.8 89.6 81.2
Car 1247.1 644.25 59.0 32.1
MotorCyclist 1184.45 672.4 19.3 44.8
van 226.4 664.0 135.2 118.4
TricycleClosed 9.9 665.55 19.8 107.5
van 73.8 659.4 74.8 62.0
Pedestrian 423.75 663.55 11.9 43.1
Car 879.45 652.8 40.1 30.0
Car 695.1 711.7 161.0 134.2
Car 1044.8 666.8 89.6 81.2
Car 1247.1 644.25 59.0 32.1
MotorCyclist 1184.45 672.4 19.3 44.8
van 226.4 664.0 135.2 118.4
TricycleClosed 9.9 665.55 19.8 107.5
van 73.8 659.4 74.8 62.0
Pedestrian 423.75 663.55 11.9 43.1
Car 879.45 652.8 40.1 30.0