Car 1871.6 612.05 124.4 78.1
Car 1737.05 607.6 94.9 57.6
Pedestrian 1740.85 623.1 17.7 63.4
Car 1635.85 609.15 121.7 59.5
van 1544.7 605.0 87.8 63.6
MotorCyclist 1441.05 651.45 25.7 75.7
MotorCyclist 1245.4 658.3 25.2 74.2
Car 1198.9 629.7 81.8 33.0
Car 966.5 651.15 99.4 91.1
Car 872.55 642.3 52.7 42.2
LargeBus 677.6 592.05 72.8 76.5
Car 164.95 757.95 329.9 278.7
Car 1871.6 612.05 124.4 78.1
Car 1737.05 607.6 94.9 57.6
Pedestrian 1740.85 623.1 17.7 63.4
Car 1635.85 609.15 121.7 59.5
van 1544.7 605.0 87.8 63.6
MotorCyclist 1441.05 651.45 25.7 75.7
MotorCyclist 1245.4 658.3 25.2 74.2
Car 1198.9 629.7 81.8 33.0
Car 966.5 651.15 99.4 91.1
Car 872.55 642.3 52.7 42.2
LargeBus 677.6 592.05 72.8 76.5