MotorCyclist 886.4 610.5 27.2 55.4
MotorCyclist 142.4 657.85 39.2 47.7
MotorCyclist 20.9 662.45 41.8 60.5
Motorcycle 2516.35 614.75 29.1 50.3
BiCyclist 1265.55 602.85 11.9 46.9
Pedestrian 1313.7 606.7 9.4 30.6
Pedestrian 1296.65 610.45 9.3 21.3
MotorCyclist 1422.35 612.2 18.7 38.4
Car 231.55 660.3 142.3 93.8
Car 523.35 628.35 51.1 36.7
Car 960.85 561.95 53.7 57.1
TricycleClosed 920.45 581.6 47.7 52.0
Car 941.25 632.25 86.1 68.1
Car 1055.9 636.5 127.8 121
Car 1555.65 609.2 118.5 39.2
Car 2150.85 586.6 204.5 72.4
Car 1633.6 591.35 110.8 57.9
Car 1710.75 601.95 227.5 89.5
Car 2056.25 575.55 144.9 77.5
LargeBus 482.1 620.25 16.2 40.9
Pedestrian 1843.2 606.3 46.0 121.8
MotorCyclist 1732.4 696.15 110.8 226.7
MotorCyclist 886.4 610.5 27.2 55.4
MotorCyclist 142.4 657.85 39.2 47.7
MotorCyclist 20.9 662.45 41.8 60.5
Motorcycle 2516.35 614.75 29.1 50.3
BiCyclist 1265.55 602.85 11.9 46.9
Pedestrian 1313.7 606.7 9.4 30.6
Pedestrian 1296.65 610.45 9.3 21.3
MotorCyclist 1422.35 612.2 18.7 38.4
Car 231.55 660.3 142.3 93.8
Car 523.35 628.35 51.1 36.7
Car 960.85 561.95 53.7 57.1
TricycleClosed 920.45 581.6 47.7 52.0
Car 941.25 632.25 86.1 68.1
Car 1055.9 636.5 127.8 121
Car 1555.65 609.2 118.5 39.2
Car 2150.85 586.6 204.5 72.4
Car 1633.6 591.35 110.8 57.9
Car 1710.75 601.95 227.5 89.5
Car 2056.25 575.55 144.9 77.5
LargeBus 482.1 620.25 16.2 40.9
Pedestrian 1843.2 606.3 46.0 121.8