BiCyclist 1369.9 626.65 23.0 60.5
Bike 2098.4 699.1 52.0 62.2
Pedestrian 1574.75 624.15 17.1 45.1
MotorCyclist 1601.2 632.65 25.6 72.5
Pedestrian 1413.35 624.5 11.1 29
Pedestrian 402.4 631.75 13.6 36.7
Pedestrian 35.1 659.95 15.4 51.9
Pedestrian 11.1 663.4 22.2 58.8
van 2220.25 592.15 210.5 127.9
van 2419.3 597.75 93.8 135.5
Car 1951.0 624.55 162.8 69.9
Car 104.15 660.75 109.1 57.1
Car 571.0 630.05 71.6 60.5
TricycleClosed 745.75 559.35 83.5 89.5
LargeBus 921.75 555.6 97.9 119.2
TricycleClosed 1299.55 584.55 63.1 71.5
Car 803.25 729.75 440.5 396.3
MotorCyclist 1776.7 685.45 100.6 184.9
BiCyclist 1369.9 626.65 23.0 60.5
Bike 2098.4 699.1 52.0 62.2
Pedestrian 1574.75 624.15 17.1 45.1
MotorCyclist 1601.2 632.65 25.6 72.5
Pedestrian 1413.35 624.5 11.1 29
Pedestrian 402.4 631.75 13.6 36.7
Pedestrian 35.1 659.95 15.4 51.9
Pedestrian 11.1 663.4 22.2 58.8
van 2220.25 592.15 210.5 127.9
van 2419.3 597.75 93.8 135.5
Car 1951.0 624.55 162.8 69.9
Car 104.15 660.75 109.1 57.1
Car 571.0 630.05 71.6 60.5
TricycleClosed 745.75 559.35 83.5 89.5
LargeBus 921.75 555.6 97.9 119.2
TricycleClosed 1299.55 584.55 63.1 71.5
Car 803.25 729.75 440.5 396.3