Car 1813.0 589.15 118.4 63.9
MotorCyclist 2250.5 636.55 127.8 195.9
MotorCyclist 92.15 679.95 51.1 64.7
BiCyclist 1209.75 621.6 12.7 40.0
Pedestrian 2489.5 624.55 47 175.5
Pedestrian 1603.4 628.9 40.0 88.6
Pedestrian 1345.15 625.8 11.1 38.4
Pedestrian 489.25 649.75 13.7 45.1
Motorcycle 2165.3 609.3 29.0 42.6
Car 1890.85 601.05 158.5 53.7
Car 1444.05 618.55 86.1 37.5
Car 787.95 624.5 17.9 15.4
Car 735.9 624.5 29.8 22.2
Car 543.35 646.8 70.7 46.0
Car 251.6 674.05 131.2 93.7
Car 933.15 581.95 49.5 56.3
Car 911.9 643.3 61.4 56.2
Car 1036.35 646.25 109.1 106.5
TricycleClosed 903.45 602.85 40.9 46.9
TricycleClosed 1160.65 600.8 34.1 39.2
Car 1539.95 607.9 168.7 67.4
Car 1813.0 589.15 118.4 63.9
MotorCyclist 2250.5 636.55 127.8 195.9
MotorCyclist 92.15 679.95 51.1 64.7
BiCyclist 1209.75 621.6 12.7 40.0
Pedestrian 2489.5 624.55 47 175.5
Pedestrian 1603.4 628.9 40.0 88.6
Pedestrian 1345.15 625.8 11.1 38.4
Pedestrian 489.25 649.75 13.7 45.1
Motorcycle 2165.3 609.3 29.0 42.6
Car 1890.85 601.05 158.5 53.7
Car 1444.05 618.55 86.1 37.5
Car 787.95 624.5 17.9 15.4
Car 735.9 624.5 29.8 22.2
Car 543.35 646.8 70.7 46.0
Car 251.6 674.05 131.2 93.7
Car 933.15 581.95 49.5 56.3
Car 911.9 643.3 61.4 56.2
Car 1036.35 646.25 109.1 106.5
TricycleClosed 903.45 602.85 40.9 46.9
TricycleClosed 1160.65 600.8 34.1 39.2