MotorCyclist 713.0 638.25 52.0 100.5
MotorCyclist 437.35 642.5 18.7 37.4
Pedestrian 1542.85 635.6 14.5 44.4
Pedestrian 1576.15 627.15 12.7 44.3
Pedestrian 1585.55 644.95 24.7 69.9
Pedestrian 1389.1 632.65 10.2 28.1
Pedestrian 25.25 683.45 19.7 47.7
Pedestrian 32.2 662.45 19.6 60.5
van 2134.65 601.6 192.5 119.2
van 2345.2 601.55 143.2 122.7
Car 1901.1 633.05 179.0 66.5
Car 130.6 664.6 110.8 58.0
Car 652.45 633.05 46.9 46.1
TricycleClosed 765.3 569.55 88.6 89.5
LargeBus 915.25 556.8 98.9 91.2
Car 868.85 718.25 360.5 328.9
TricycleClosed 1291.55 587.95 50.3 64.7
MotorCyclist 1452.55 637.0 17.9 26.4
MotorCyclist 1950.6 724.7 124.4 232.6
MotorCyclist 713.0 638.25 52.0 100.5
MotorCyclist 437.35 642.5 18.7 37.4
Pedestrian 1542.85 635.6 14.5 44.4
Pedestrian 1576.15 627.15 12.7 44.3
Pedestrian 1585.55 644.95 24.7 69.9
Pedestrian 1389.1 632.65 10.2 28.1
Pedestrian 25.25 683.45 19.7 47.7
Pedestrian 32.2 662.45 19.6 60.5
van 2134.65 601.6 192.5 119.2
van 2345.2 601.55 143.2 122.7
Car 1901.1 633.05 179.0 66.5
Car 130.6 664.6 110.8 58.0
Car 652.45 633.05 46.9 46.1
TricycleClosed 765.3 569.55 88.6 89.5
LargeBus 915.25 556.8 98.9 91.2
Car 868.85 718.25 360.5 328.9
TricycleClosed 1291.55 587.95 50.3 64.7
MotorCyclist 1452.55 637.0 17.9 26.4