LargeBus 242.4 556.55 242.4 166.7
Car 993.3 653.9 101.0 94.2
MotorCyclist 1343.3 672.95 36.6 101.1
MotorCyclist 1569.4 648.2 25.2 69.2
Car 1338.0 629.1 109.6 40.6
Car 876.2 649.45 50.8 48.9
Car 2493.55 617.3 44.3 123.4
Car 2242.6 593.25 184.0 125.7
van 2053.85 581.2 182.5 129.2
Pedestrian 1635.5 630.9 23 94.6
Car 1539.55 614.75 70.7 39.5
Pedestrian 1682.35 630.6 34.3 97.6
Car 1554.15 610.15 115.9 42.3
Pedestrian 1401.5 633.8 17.4 57.6
Car 1333.0 616.4 113.6 48.8
Car 109.55 837.5 219.1 387.4
LargeBus 242.4 556.55 242.4 166.7
Car 993.3 653.9 101.0 94.2
MotorCyclist 1343.3 672.95 36.6 101.1
MotorCyclist 1569.4 648.2 25.2 69.2
Car 1338.0 629.1 109.6 40.6
Car 876.2 649.45 50.8 48.9
Car 2493.55 617.3 44.3 123.4
Car 2242.6 593.25 184.0 125.7
van 2053.85 581.2 182.5 129.2
Pedestrian 1635.5 630.9 23 94.6
Car 1539.55 614.75 70.7 39.5
Pedestrian 1682.35 630.6 34.3 97.6
Car 1554.15 610.15 115.9 42.3
Pedestrian 1401.5 633.8 17.4 57.6
Car 1333.0 616.4 113.6 48.8