MotorCyclist 2095.8 745.95 162.8 305.9
BiCyclist 1320.4 629.25 19.6 41.7
Pedestrian 1494.7 630.1 17.0 43.4
Pedestrian 1527.55 626.65 17.9 40.1
MotorCyclist 1575.6 640.3 25.6 67.4
Pedestrian 1366.9 637.35 10.2 23.9
Pedestrian 1396.35 631.75 11.1 29.9
Pedestrian 94.4 673.5 14.4 41.8
Pedestrian 104.6 659.05 14.4 40.1
Car 189.85 659.1 99.7 50.2
TricycleClosed 803.3 582.8 82.6 92.0
LargeBus 919.65 561.55 86.9 83.5
TricycleClosed 1273.15 588.8 44.3 59.6
Car 940.0 686.35 274.4 247.9
Car 1830.45 629.65 153.3 59.7
van 2029.75 600.25 187.5 106.5
van 2242.9 600.75 211.4 110.7
Bike 1923.75 691.5 43.5 50.2
MotorCyclist 742.8 634.0 46.8 92
MotorCyclist 2095.8 745.95 162.8 305.9
BiCyclist 1320.4 629.25 19.6 41.7
Pedestrian 1494.7 630.1 17.0 43.4
Pedestrian 1527.55 626.65 17.9 40.1
MotorCyclist 1575.6 640.3 25.6 67.4
Pedestrian 1366.9 637.35 10.2 23.9
Pedestrian 1396.35 631.75 11.1 29.9
Pedestrian 94.4 673.5 14.4 41.8
Pedestrian 104.6 659.05 14.4 40.1
Car 189.85 659.1 99.7 50.2
TricycleClosed 803.3 582.8 82.6 92.0
LargeBus 919.65 561.55 86.9 83.5
TricycleClosed 1273.15 588.8 44.3 59.6
Car 940.0 686.35 274.4 247.9
Car 1830.45 629.65 153.3 59.7
van 2029.75 600.25 187.5 106.5
van 2242.9 600.75 211.4 110.7
Bike 1923.75 691.5 43.5 50.2