Pedestrian 1380.1 610.45 9.4 28.1
MotorCyclist 1497.8 623.3 19.6 50.2
Pedestrian 389.2 636.05 14.4 41.7
Pedestrian 427.9 634.7 17.0 42.6
Pedestrian 2251.3 636.85 81.8 217.3
MotorCyclist 2015.8 736.2 169.6 313.6
MotorCyclist 871.4 616.05 31.6 66.5
Motorcycle 236.2 648.5 39.2 42.6
Motorcycle 89.2 670.6 38.4 39.2
van 1745.2 596.45 129.6 68.1
Car 1850.45 605.0 166.1 98.8
van 1968.4 608.0 313.6 132
Car 2354.05 575.6 137.3 104.8
Car 461.65 643.3 60.5 56.2
Car 771.3 614.75 35.8 29.9
LargeBus 974.55 556.35 63.9 69.9
TricycleClosed 920.9 582.8 55.4 58.0
Car 984.35 642.9 97.1 82.6
TricycleClosed 1252.7 587.45 47.8 46.9
Car 1066.9 644.5 153.4 140.6
Car 1632.35 610.9 91.1 42.6
Car 2438.5 598.6 81 86.0
Bike 1663.5 656.15 23.8 30.7
BiCyclist 1312.0 614.3 12.8 42.6
Pedestrian 1380.1 610.45 9.4 28.1
MotorCyclist 1497.8 623.3 19.6 50.2
Pedestrian 389.2 636.05 14.4 41.7
Pedestrian 427.9 634.7 17.0 42.6
Pedestrian 2251.3 636.85 81.8 217.3
MotorCyclist 2015.8 736.2 169.6 313.6
MotorCyclist 871.4 616.05 31.6 66.5
Motorcycle 236.2 648.5 39.2 42.6
Motorcycle 89.2 670.6 38.4 39.2
van 1745.2 596.45 129.6 68.1
Car 1850.45 605.0 166.1 98.8
van 1968.4 608.0 313.6 132
Car 2354.05 575.6 137.3 104.8
Car 461.65 643.3 60.5 56.2
Car 771.3 614.75 35.8 29.9
LargeBus 974.55 556.35 63.9 69.9
TricycleClosed 920.9 582.8 55.4 58.0
Car 984.35 642.9 97.1 82.6
TricycleClosed 1252.7 587.45 47.8 46.9
Car 1066.9 644.5 153.4 140.6
Car 1632.35 610.9 91.1 42.6
Car 2438.5 598.6 81 86.0
Bike 1663.5 656.15 23.8 30.7