Car 1963.05 643.2 167.3 67.2
van 2250.1 601.05 206.6 132.9
MotorCyclist 1576.85 676.3 59.7 122.2
BiCyclist 1371.9 633.5 21.0 49.0
Pedestrian 1640.0 635.5 22.8 57.4
van 196.65 660.35 118.1 106.7
Car 586.5 634.9 80.2 42.6
Car 72.55 676.5 112.3 65.8
van 2452.3 604.75 71.8 136.3
Car 782.0 753.9 473.6 426.2
Car 1963.05 643.2 167.3 67.2
van 2250.1 601.05 206.6 132.9
MotorCyclist 1576.85 676.3 59.7 122.2
BiCyclist 1371.9 633.5 21.0 49.0
Pedestrian 1640.0 635.5 22.8 57.4
van 196.65 660.35 118.1 106.7
Car 586.5 634.9 80.2 42.6
Car 72.55 676.5 112.3 65.8
van 2452.3 604.75 71.8 136.3