Car 2005.35 630.3 179.5 73.0
van 2297.35 589.55 175.1 144.3
Bike 2195.65 713.05 66.1 68.9
van 2524.9 602.35 23.4 127.5
MotorCyclist 1594.3 657.2 60.2 141.6
MotorCyclist 1443.85 645.05 33.3 81.3
MotorCyclist 645.1 634.9 44.2 98.6
Car 52.3 669.8 104.6 64.4
BiCyclist 1380.4 629.45 22.4 54.1
Pedestrian 232.55 663.4 15.1 54.8
Pedestrian 258.3 660.95 17.4 53.5
Car 804.85 740.7 445.7 405.8
Car 2005.35 630.3 179.5 73.0
van 2297.35 589.55 175.1 144.3
Bike 2195.65 713.05 66.1 68.9
van 2524.9 602.35 23.4 127.5
MotorCyclist 1594.3 657.2 60.2 141.6
MotorCyclist 1443.85 645.05 33.3 81.3
MotorCyclist 645.1 634.9 44.2 98.6
Car 52.3 669.8 104.6 64.4
BiCyclist 1380.4 629.45 22.4 54.1
Pedestrian 232.55 663.4 15.1 54.8
Pedestrian 258.3 660.95 17.4 53.5