Car 1956.8 643.85 152.4 66.5
Bike 2124.55 712.8 61.1 64.4
MotorCyclist 1539.7 668.45 53.8 107.7
BiCyclist 1376.9 634.35 20.6 48.7
Pedestrian 1614.7 651.35 22.2 62.3
MotorCyclist 684.45 646.8 50.5 105.2
Car 76.05 674.0 116.9 60
Car 442.25 647.35 113.3 85.9
van 2253.85 599.8 204.1 136.0
van 2455.45 608.8 69.7 131.2
Car 832.6 748.15 421.2 389.1
Car 1956.8 643.85 152.4 66.5
Bike 2124.55 712.8 61.1 64.4
MotorCyclist 1539.7 668.45 53.8 107.7
BiCyclist 1376.9 634.35 20.6 48.7
Pedestrian 1614.7 651.35 22.2 62.3
MotorCyclist 684.45 646.8 50.5 105.2
Car 76.05 674.0 116.9 60
Car 442.25 647.35 113.3 85.9
van 2253.85 599.8 204.1 136.0
van 2455.45 608.8 69.7 131.2