Car 799.35 741.1 456.3 410.6
Car 69.05 685.9 138.1 123.0
Car 2003.85 634.75 180.1 74.3
van 2298.85 591.5 174.1 143
van 2526.85 604.05 22.1 137.7
TricycleClosed 721.65 574.2 102.5 117.2
MotorCyclist 649.6 637.85 60.0 99.7
MotorCyclist 1473.65 649.35 51.7 109.9
MotorCyclist 1540.55 639.55 17.9 46.7
Pedestrian 425.2 652.95 16.8 43.1
Pedestrian 449.4 655.65 12.8 38.1
Pedestrian 1970.85 629.15 41.3 85.1
MotorCyclist 1568.25 630.5 14.9 45
BiCyclist 1376.95 627.75 23.1 49.1
Bike 2198.4 717.85 69.2 69.3
Car 799.35 741.1 456.3 410.6
Car 69.05 685.9 138.1 123.0
Car 2003.85 634.75 180.1 74.3
van 2298.85 591.5 174.1 143
van 2526.85 604.05 22.1 137.7
TricycleClosed 721.65 574.2 102.5 117.2
MotorCyclist 649.6 637.85 60.0 99.7
MotorCyclist 1473.65 649.35 51.7 109.9
MotorCyclist 1540.55 639.55 17.9 46.7
Pedestrian 425.2 652.95 16.8 43.1
Pedestrian 449.4 655.65 12.8 38.1
Pedestrian 1970.85 629.15 41.3 85.1
MotorCyclist 1568.25 630.5 14.9 45
BiCyclist 1376.95 627.75 23.1 49.1