Car 795.7 737.05 466.2 406.9
MotorCyclist 1379.0 639.95 26 57.5
MotorCyclist 1430.85 638.7 35.7 74.6
Bike 2191.85 717.8 74.1 76.8
Car 1991.95 628.45 161.5 78.1
van 2303.65 587.3 170.9 139.0
van 2522.05 615.85 25.3 121.7
Pedestrian 1500.4 627.5 13.6 36.6
Pedestrian 1551.8 628.35 12.8 41.9
Pedestrian 1571.55 633.05 12.3 39.3
Pedestrian 1588.25 629.95 10.9 42.3
Pedestrian 2059.75 664.3 39.5 124.2
Car 137.4 736.8 274.8 251.2
Car 795.7 737.05 466.2 406.9
MotorCyclist 1379.0 639.95 26 57.5
MotorCyclist 1430.85 638.7 35.7 74.6
Bike 2191.85 717.8 74.1 76.8
Car 1991.95 628.45 161.5 78.1
van 2303.65 587.3 170.9 139.0
van 2522.05 615.85 25.3 121.7
Pedestrian 1500.4 627.5 13.6 36.6
Pedestrian 1551.8 628.35 12.8 41.9
Pedestrian 1571.55 633.05 12.3 39.3
Pedestrian 1588.25 629.95 10.9 42.3
Pedestrian 2059.75 664.3 39.5 124.2