van 2300.8 590.95 172.8 143.9
Car 795.4 739.75 456.0 407.9
Car 53.85 673.05 107.7 69.3
Car 2001.15 633.45 173.9 74.9
MotorCyclist 644.35 637.45 55.5 97.7
MotorCyclist 1418.8 639.3 40.4 87.4
MotorCyclist 1513.45 649.15 21.3 51.5
MotorCyclist 1485.1 635.55 22.6 43.5
BiCyclist 1372.9 628.7 22.6 49.8
MotorCyclist 1550.3 632.45 13.4 42.1
Pedestrian 1566.8 634.2 11.2 36.0
Pedestrian 440.9 649.7 14.2 43.8
Pedestrian 463.3 649.0 11.0 37.2
TricycleClosed 720.6 569.7 100.0 114.2
LargeBus 912.95 550.1 103.9 102.6
Bike 2198.95 719.7 71.1 68.2
Pedestrian 2192.65 617.05 18.5 80.5
van 2526.85 604.9 22.1 136.2
van 2300.8 590.95 172.8 143.9
Car 795.4 739.75 456.0 407.9
Car 53.85 673.05 107.7 69.3
Car 2001.15 633.45 173.9 74.9
MotorCyclist 644.35 637.45 55.5 97.7
MotorCyclist 1418.8 639.3 40.4 87.4
MotorCyclist 1513.45 649.15 21.3 51.5
MotorCyclist 1485.1 635.55 22.6 43.5
BiCyclist 1372.9 628.7 22.6 49.8
MotorCyclist 1550.3 632.45 13.4 42.1
Pedestrian 1566.8 634.2 11.2 36.0
Pedestrian 440.9 649.7 14.2 43.8
Pedestrian 463.3 649.0 11.0 37.2
TricycleClosed 720.6 569.7 100.0 114.2
LargeBus 912.95 550.1 103.9 102.6
Bike 2198.95 719.7 71.1 68.2
Pedestrian 2192.65 617.05 18.5 80.5