Car 2002.7 635.25 166.6 73.7
van 2300.5 590.1 173 144.6
Bike 2197.95 712.8 66.3 68.4
van 2525.95 609.75 22.7 130.7
Pedestrian 1858.1 645.85 29.4 68.5
MotorCyclist 1589.05 640.85 27.7 60.1
MotorCyclist 1466.8 650.1 35.2 84.2
MotorCyclist 1510.2 646.85 25.2 51.3
BiCyclist 1379.55 627.15 22.7 51.5
MotorCyclist 641.7 638.05 51.8 96.9
Car 53.2 671.35 106.4 67.1
Car 803.7 745.8 451.4 407.2
Car 2002.7 635.25 166.6 73.7
van 2300.5 590.1 173 144.6
Bike 2197.95 712.8 66.3 68.4
van 2525.95 609.75 22.7 130.7
Pedestrian 1858.1 645.85 29.4 68.5
MotorCyclist 1589.05 640.85 27.7 60.1
MotorCyclist 1466.8 650.1 35.2 84.2
MotorCyclist 1510.2 646.85 25.2 51.3
BiCyclist 1379.55 627.15 22.7 51.5
MotorCyclist 641.7 638.05 51.8 96.9
Car 53.2 671.35 106.4 67.1