van 2528.05 606.85 21.3 148.5
van 2297.35 593.55 175.1 143.1
Car 799.05 740.5 455.7 405
Car 55.0 673.85 110 69.3
Car 530.45 654.65 86.5 65.3
Car 2018.75 632.3 166.7 74.2
MotorCyclist 2004.9 713.35 159.4 311.5
MotorCyclist 1422.2 646.1 31.6 71.4
MotorCyclist 1571.05 641.9 25.7 55.0
MotorCyclist 1492.15 645.25 24.7 47.7
BiCyclist 1379.5 629.55 27.8 52.7
MotorCyclist 649.7 643.6 65.0 106.8
Pedestrian 1899.55 644.6 27.1 74.8
Pedestrian 1876.55 637.2 26.3 78.4
Pedestrian 1602.75 632.25 15.9 46.1
MotorCyclist 1546.65 635.8 12.1 37.2
Pedestrian 1518.85 627.75 13.7 33.9
Pedestrian 1538.25 631.5 9.7 36.6
Pedestrian 412.75 656.05 19.5 44.1
Pedestrian 388.7 652.45 15.4 45.3
Bike 2210.7 719.25 64.2 67.3
TricycleOpenMotor 42.9 652.85 85.8 94.9
van 2528.05 606.85 21.3 148.5
van 2297.35 593.55 175.1 143.1
Car 799.05 740.5 455.7 405
Car 55.0 673.85 110 69.3
Car 530.45 654.65 86.5 65.3
Car 2018.75 632.3 166.7 74.2
MotorCyclist 2004.9 713.35 159.4 311.5
MotorCyclist 1422.2 646.1 31.6 71.4
MotorCyclist 1571.05 641.9 25.7 55.0
MotorCyclist 1492.15 645.25 24.7 47.7
BiCyclist 1379.5 629.55 27.8 52.7
MotorCyclist 649.7 643.6 65.0 106.8
Pedestrian 1899.55 644.6 27.1 74.8
Pedestrian 1876.55 637.2 26.3 78.4
Pedestrian 1602.75 632.25 15.9 46.1
MotorCyclist 1546.65 635.8 12.1 37.2
Pedestrian 1518.85 627.75 13.7 33.9
Pedestrian 1538.25 631.5 9.7 36.6
Pedestrian 412.75 656.05 19.5 44.1
Pedestrian 388.7 652.45 15.4 45.3
Bike 2210.7 719.25 64.2 67.3