Car 2008.7 636.7 184.2 73.0
van 2296.6 592.65 175.6 142.1
Bike 2199.0 715.2 64.8 66.4
Pedestrian 1826.05 643.05 29.7 67.3
Pedestrian 1854.65 633.2 22.5 71.6
MotorCyclist 1536.8 658.1 41.6 103.0
MotorCyclist 1584.5 647.1 27.4 65.0
MotorCyclist 1479.95 648.0 23.1 54.8
MotorCyclist 647.65 633.0 50.1 99.6
MotorCyclist 1616.8 630.2 14.0 51.2
BiCyclist 1373.4 626.0 27.2 53.6
Car 52.15 669.0 104.3 64.0
Car 803.25 751.3 449.3 405.8
Car 2008.7 636.7 184.2 73.0
van 2296.6 592.65 175.6 142.1
Bike 2199.0 715.2 64.8 66.4
Pedestrian 1826.05 643.05 29.7 67.3
Pedestrian 1854.65 633.2 22.5 71.6
MotorCyclist 1536.8 658.1 41.6 103.0
MotorCyclist 1584.5 647.1 27.4 65.0
MotorCyclist 1479.95 648.0 23.1 54.8
MotorCyclist 647.65 633.0 50.1 99.6
MotorCyclist 1616.8 630.2 14.0 51.2
BiCyclist 1373.4 626.0 27.2 53.6
Car 52.15 669.0 104.3 64.0