Car 497.9 683.7 145.0 145.0
Car 806.1 738.2 445.4 409.2
Car 1998.1 634.45 167.0 77.7
Car 2301.25 593.15 172.5 134.7
Car 16.15 994.8 32.3 223.2
Pedestrian 1419.7 636.9 20.2 42.2
MotorCyclist 1366.05 634.6 27.3 57.2
van 2520.1 596.2 26.6 126.0
Pedestrian 1547.25 627.55 12.1 44.3
Pedestrian 1572.6 635.3 8.4 40.6
Pedestrian 1481.3 626.15 11.0 35.9
Pedestrian 1975.35 651.7 34.7 115.0
Pedestrian 2395.85 678.65 52.9 154.9
Car 54.55 674.75 109.1 64.7
Car 497.9 683.7 145.0 145.0
Car 806.1 738.2 445.4 409.2
Car 1998.1 634.45 167.0 77.7
Car 2301.25 593.15 172.5 134.7
Car 16.15 994.8 32.3 223.2
Pedestrian 1419.7 636.9 20.2 42.2
MotorCyclist 1366.05 634.6 27.3 57.2
van 2520.1 596.2 26.6 126.0
Pedestrian 1547.25 627.55 12.1 44.3
Pedestrian 1572.6 635.3 8.4 40.6
Pedestrian 1481.3 626.15 11.0 35.9
Pedestrian 1975.35 651.7 34.7 115.0
Pedestrian 2395.85 678.65 52.9 154.9