Car 587.15 646.85 178.7 154.1
Car 844.2 663.7 81.6 84.2
Car 1108.0 678.1 190.4 177.4
MotorCyclist 1480.15 652.0 42.7 86.8
Car 2266.3 645.45 195.8 104.9
TricycleClosed 930.95 602.8 58.3 86.8
Pedestrian 1628.7 645.55 15.8 47.5
Pedestrian 1669.6 638.25 16.0 51.7
Pedestrian 1682.85 640.75 12.9 53.1
Pedestrian 2088.55 663.7 45.5 124.6
Pedestrian 2279.45 680.65 53.3 159.7
Car 154.9 693.4 309.8 299.2
Car 587.15 646.85 178.7 154.1
Car 844.2 663.7 81.6 84.2
Car 1108.0 678.1 190.4 177.4
MotorCyclist 1480.15 652.0 42.7 86.8
Car 2266.3 645.45 195.8 104.9
TricycleClosed 930.95 602.8 58.3 86.8
Pedestrian 1628.7 645.55 15.8 47.5
Pedestrian 1669.6 638.25 16.0 51.7
Pedestrian 1682.85 640.75 12.9 53.1
Pedestrian 2088.55 663.7 45.5 124.6
Pedestrian 2279.45 680.65 53.3 159.7