Car 609.2 670.75 108.8 124.3
Car 853.95 714.25 396.3 361.3
Car 2014.2 631.35 147.6 81.5
van 2307.1 595.05 168.6 143.7
MotorCyclist 2201.4 735.55 185.2 331.5
MotorCyclist 1343.8 626.25 22.0 41.3
MotorCyclist 1418.05 633.6 18.9 36.4
van 2523.85 609.6 24.1 133.6
Pedestrian 1471.6 636.55 16.4 45.5
Pedestrian 1546.15 629.35 19.9 44.7
Pedestrian 1586.0 631.15 12 41.5
Pedestrian 1926.5 652.6 33 105.6
Car 123.15 672.7 246.3 351.0
Car 609.2 670.75 108.8 124.3
Car 853.95 714.25 396.3 361.3
Car 2014.2 631.35 147.6 81.5
van 2307.1 595.05 168.6 143.7
MotorCyclist 2201.4 735.55 185.2 331.5
MotorCyclist 1343.8 626.25 22.0 41.3
MotorCyclist 1418.05 633.6 18.9 36.4
van 2523.85 609.6 24.1 133.6
Pedestrian 1471.6 636.55 16.4 45.5
Pedestrian 1546.15 629.35 19.9 44.7
Pedestrian 1586.0 631.15 12 41.5
Pedestrian 1926.5 652.6 33 105.6