Car 413.65 654.6 240.9 174.8
Car 1022.25 688.95 230.5 217.5
Car 778.9 664.95 101.0 91.9
MotorCyclist 1630.95 672.05 69.9 126.9
MotorCyclist 1421.8 643.8 19.6 36.8
Car 2018.0 644.4 144.4 79.6
van 2325.85 607.15 156.1 144.3
TricycleClosed 896.6 595.2 61.2 70.0
Car 36.1 684.15 72.2 69.5
Pedestrian 2154.1 683.6 43.0 126.0
Pedestrian 1917.4 656.3 34.4 103.8
Pedestrian 1563.0 644.6 13.6 42.8
Car 22.8 968.7 45.6 248.6
Car 413.65 654.6 240.9 174.8
Car 1022.25 688.95 230.5 217.5
Car 778.9 664.95 101.0 91.9
MotorCyclist 1630.95 672.05 69.9 126.9
MotorCyclist 1421.8 643.8 19.6 36.8
Car 2018.0 644.4 144.4 79.6
van 2325.85 607.15 156.1 144.3
TricycleClosed 896.6 595.2 61.2 70.0
Car 36.1 684.15 72.2 69.5
Pedestrian 2154.1 683.6 43.0 126.0
Pedestrian 1917.4 656.3 34.4 103.8
Pedestrian 1563.0 644.6 13.6 42.8