Car 617.7 647.5 172.2 150.2
Car 860.45 661.55 77.7 91.9
Car 1145.25 678.65 191.7 176.1
MotorCyclist 1458.1 649.55 29.0 72.3
MotorCyclist 1529.95 649.0 23.9 46.8
BiCyclist 2059.45 737.8 165.7 371.6
TricycleClosed 905.25 603.15 58.5 79.1
Pedestrian 1752.8 655.75 12.8 58.3
Pedestrian 1771.5 651.3 18.6 57.4
BiCyclist 1792.45 651.45 18.9 60.9
Pedestrian 1830.8 648.6 22.4 68.8
Pedestrian 2417.9 668.25 53.8 164.1
Car 2530.3 715.7 19.8 80.6
Car 163.3 689.1 326.6 290.6
Car 617.7 647.5 172.2 150.2
Car 860.45 661.55 77.7 91.9
Car 1145.25 678.65 191.7 176.1
MotorCyclist 1458.1 649.55 29.0 72.3
MotorCyclist 1529.95 649.0 23.9 46.8
BiCyclist 2059.45 737.8 165.7 371.6
TricycleClosed 905.25 603.15 58.5 79.1
Pedestrian 1752.8 655.75 12.8 58.3
Pedestrian 1771.5 651.3 18.6 57.4
BiCyclist 1792.45 651.45 18.9 60.9
Pedestrian 1830.8 648.6 22.4 68.8
Pedestrian 2417.9 668.25 53.8 164.1
Car 2530.3 715.7 19.8 80.6