TricycleClosed 913.7 606.7 58.2 84.2
Car 143.25 703.1 286.5 313.4
Car 549.65 654.65 191.7 148.9
Car 826.7 666.95 85.4 85.5
Car 1081.3 679.15 182.6 172.3
Car 2148.9 640.3 220.2 89.4
van 2477.95 607.35 54.7 168.3
MotorCyclist 1492.2 662.6 42.0 94.0
MotorCyclist 1444.05 651.45 23.3 40.9
Pedestrian 1569.35 655.45 15.1 42.9
Pedestrian 1620.75 645.65 18.3 48.1
Pedestrian 1655.25 653.6 14.1 40.4
Pedestrian 1984.6 670.5 40.4 112.2
Pedestrian 2157.7 672.7 47.8 146.6
Bike 2460.55 754.95 66.3 90.7
TricycleClosed 913.7 606.7 58.2 84.2
Car 143.25 703.1 286.5 313.4
Car 549.65 654.65 191.7 148.9
Car 826.7 666.95 85.4 85.5
Car 1081.3 679.15 182.6 172.3
Car 2148.9 640.3 220.2 89.4
van 2477.95 607.35 54.7 168.3
MotorCyclist 1492.2 662.6 42.0 94.0
MotorCyclist 1444.05 651.45 23.3 40.9
Pedestrian 1569.35 655.45 15.1 42.9
Pedestrian 1620.75 645.65 18.3 48.1
Pedestrian 1655.25 653.6 14.1 40.4
Pedestrian 1984.6 670.5 40.4 112.2
Pedestrian 2157.7 672.7 47.8 146.6