MotorCyclist 1867.95 685.5 76.7 105.0
Car 1203.45 679.8 184.5 167.6
Car 1065.6 659.5 72.0 62.2
Car 819.95 669.15 100.3 79.5
Car 529.6 657.8 208.0 160.0
van 360.15 649.9 83.1 63.0
MotorCyclist 161.55 679.6 61.9 59.2
MotorCyclist 53.75 668.35 53.9 90.3
Car 84.4 767.05 164.4 320.5
BiCyclist 1924.1 712.9 124.2 289.8
MotorCyclist 1867.95 685.5 76.7 105.0
Car 1203.45 679.8 184.5 167.6
Car 1065.6 659.5 72.0 62.2
Car 819.95 669.15 100.3 79.5
Car 529.6 657.8 208.0 160.0
van 360.15 649.9 83.1 63.0
MotorCyclist 161.55 679.6 61.9 59.2
MotorCyclist 53.75 668.35 53.9 90.3
Car 84.4 767.05 164.4 320.5