Pedestrian 2513.05 698.7 31.3 127.8
BiCyclist 1859.9 707.0 115.4 287.2
MotorCyclist 1749.75 672.05 59.1 82.9
Car 1193.45 674.45 196.5 188.1
Car 1097.25 651.65 72.9 67.7
Car 808.65 662.3 99.3 83.8
Car 497.25 654.05 224.1 167.7
MotorCyclist 364.8 653.25 53.6 86.5
TricycleClosed 206.9 609.55 116.2 100.3
Car 88.15 727.7 176.3 344.2
Pedestrian 2465.65 753.65 62.9 177.3
Pedestrian 2513.05 698.7 31.3 127.8
BiCyclist 1859.9 707.0 115.4 287.2
MotorCyclist 1749.75 672.05 59.1 82.9
Car 1193.45 674.45 196.5 188.1
Car 1097.25 651.65 72.9 67.7
Car 808.65 662.3 99.3 83.8
Car 497.25 654.05 224.1 167.7
MotorCyclist 364.8 653.25 53.6 86.5
TricycleClosed 206.9 609.55 116.2 100.3
Car 88.15 727.7 176.3 344.2