PersonSitting 2061.95 693.7 30.3 56.6
Pedestrian 1899.95 690.85 27.9 86.9
BiCyclist 1925.2 698.65 123.2 272.1
Car 1184.2 674.2 198.0 184.4
Car 920.6 637.9 38.8 33.0
Car 811.6 663.15 106.8 87.1
Car 550.25 654.65 202.1 158.1
Car 143.0 695.25 286 355.3
Pedestrian 2198.9 660.9 25.4 105.8
PersonSitting 2061.95 693.7 30.3 56.6
Pedestrian 1899.95 690.85 27.9 86.9
BiCyclist 1925.2 698.65 123.2 272.1
Car 1184.2 674.2 198.0 184.4
Car 920.6 637.9 38.8 33.0
Car 811.6 663.15 106.8 87.1
Car 550.25 654.65 202.1 158.1
Car 143.0 695.25 286 355.3