Pedestrian 2433.7 687.8 36.2 125.6
Pedestrian 2254.45 685.8 36.1 100.8
Pedestrian 2222.6 691.0 27.6 98.8
Pedestrian 2051.75 724.5 33.9 114.6
BiCyclist 1866.5 714.15 133.4 274.3
MotorCyclist 1667.3 673.65 47.0 72.1
MotorCyclist 1427.05 652.7 29.3 57.0
Car 1187.7 679.95 197.0 181.5
Car 792.8 675.9 112.4 86.6
Car 508.4 660.1 216.0 164.6
Car 114.7 725.4 229.4 435.6
Pedestrian 2486.05 692.65 49.3 140.1
Pedestrian 2433.7 687.8 36.2 125.6
Pedestrian 2254.45 685.8 36.1 100.8
Pedestrian 2222.6 691.0 27.6 98.8
Pedestrian 2051.75 724.5 33.9 114.6
BiCyclist 1866.5 714.15 133.4 274.3
MotorCyclist 1667.3 673.65 47.0 72.1
MotorCyclist 1427.05 652.7 29.3 57.0
Car 1187.7 679.95 197.0 181.5
Car 792.8 675.9 112.4 86.6
Car 508.4 660.1 216.0 164.6
Car 114.7 725.4 229.4 435.6