Car 990.15 661.85 65.1 54.1
Car 1192.55 656.45 78.3 70.5
Car 1092.45 649.4 38.1 31.2
Car 1854.35 672.85 71.9 45.7
Car 2211.5 683.0 119.4 67.2
Car 23.2 700.2 46.4 96.0
Car 1151.65 639.25 15.3 16.1
MotorCyclist 1459.5 653.8 23.4 48.4
Pedestrian 1438.05 630.75 8.9 24.7
Pedestrian 271.35 665.0 13.9 50
Pedestrian 248.5 659.35 10.6 47.5
BiCyclist 1337.85 644.05 12.1 32.9
Car 29.3 678.5 58.6 94.2
Car 691.6 656.0 164.0 132
Car 990.15 661.85 65.1 54.1
Car 1192.55 656.45 78.3 70.5
Car 1092.45 649.4 38.1 31.2
Car 1854.35 672.85 71.9 45.7
Car 2211.5 683.0 119.4 67.2
Car 23.2 700.2 46.4 96.0
Car 1151.65 639.25 15.3 16.1
MotorCyclist 1459.5 653.8 23.4 48.4
Pedestrian 1438.05 630.75 8.9 24.7
Pedestrian 271.35 665.0 13.9 50
Pedestrian 248.5 659.35 10.6 47.5
BiCyclist 1337.85 644.05 12.1 32.9
Car 29.3 678.5 58.6 94.2