Car 1164.2 631.35 65.2 59.9
Car 1006.65 634.25 58.5 46.5
Car 1091.45 624.55 27.7 23.5
Car 1313.3 611.35 21.8 23.5
Car 1128.9 623.45 12.2 12.5
MotorCyclist 1434.8 639.75 34.0 72.7
Pedestrian 1994.2 606.95 36.4 106.3
Pedestrian 1552.65 619.85 17.7 40.5
Pedestrian 42.95 642.65 17.5 62.5
Pedestrian 264.0 645.2 14.8 44.8
BiCyclist 1383.6 628.25 22.0 54.9
Motorcycle 1750.3 622.5 23.0 47.4
TricycleOpenMotor 1265.05 615.8 24.9 28.8
Car 390.8 639.6 272.4 210.4
Car 1164.2 631.35 65.2 59.9
Car 1006.65 634.25 58.5 46.5
Car 1091.45 624.55 27.7 23.5
Car 1313.3 611.35 21.8 23.5
Car 1128.9 623.45 12.2 12.5
MotorCyclist 1434.8 639.75 34.0 72.7
Pedestrian 1994.2 606.95 36.4 106.3
Pedestrian 1552.65 619.85 17.7 40.5
Pedestrian 42.95 642.65 17.5 62.5
Pedestrian 264.0 645.2 14.8 44.8
BiCyclist 1383.6 628.25 22.0 54.9
Motorcycle 1750.3 622.5 23.0 47.4
TricycleOpenMotor 1265.05 615.8 24.9 28.8