Car 985.55 637.05 57.9 48.1
Car 1154.65 631.7 67.7 63.4
Car 1073.2 626.25 32.4 24.9
MotorCyclist 1422.85 635.05 29.3 66.5
BiCyclist 1359.55 627.65 18.3 48.9
Pedestrian 1507.8 617.55 13.6 35.1
Pedestrian 265.9 639.9 13.8 46.6
Pedestrian 1752.05 611.95 26.1 70.7
Car 1294.0 613.25 15.6 20.1
Motorcycle 1647.45 619.9 20.5 39.8
Motorcycle 1862.2 666.6 26.4 26.0
Car 444.65 639.55 248.5 189.9
Car 985.55 637.05 57.9 48.1
Car 1154.65 631.7 67.7 63.4
Car 1073.2 626.25 32.4 24.9
MotorCyclist 1422.85 635.05 29.3 66.5
BiCyclist 1359.55 627.65 18.3 48.9
Pedestrian 1507.8 617.55 13.6 35.1
Pedestrian 265.9 639.9 13.8 46.6
Pedestrian 1752.05 611.95 26.1 70.7
Car 1294.0 613.25 15.6 20.1
Motorcycle 1647.45 619.9 20.5 39.8
Motorcycle 1862.2 666.6 26.4 26.0