Car 2195.65 690.75 127.7 75.5
Car 1173.65 645.75 73.3 68.7
Car 987.95 651.7 61.5 51.0
Car 1089.5 640.25 32.6 28.1
Car 1141.9 633.15 16.6 17.9
MotorCyclist 1444.65 649.95 25.3 53.1
Pedestrian 1548.25 623.1 18.1 47.4
BiCyclist 1349.7 637.35 16.6 40.3
TricycleClosed 270.9 616.55 110.6 110.3
MotorCyclist 1449.8 626.85 30.0 29.3
Car 591.45 651.45 194.9 155.7
Car 2195.65 690.75 127.7 75.5
Car 1173.65 645.75 73.3 68.7
Car 987.95 651.7 61.5 51.0
Car 1089.5 640.25 32.6 28.1
Car 1141.9 633.15 16.6 17.9
MotorCyclist 1444.65 649.95 25.3 53.1
Pedestrian 1548.25 623.1 18.1 47.4
BiCyclist 1349.7 637.35 16.6 40.3
TricycleClosed 270.9 616.55 110.6 110.3
MotorCyclist 1449.8 626.85 30.0 29.3