Car 1172.45 628.1 62.1 56.2
Car 1099.9 620.95 26.2 23.5
Car 1317.35 612.75 20.7 22.7
Motorcycle 1885.5 626.2 29.4 59.6
Motorcycle 2227.15 700.1 46.3 55.8
BiCyclist 1405.8 629.0 18.4 49.6
Pedestrian 1601.6 620.3 16.4 45.0
Pedestrian 1630.2 621.2 16.4 29.6
MotorCyclist 1417.25 641.2 41.3 78.4
Pedestrian 9.15 648.8 18.3 66.8
Pedestrian 2538.55 608.85 14.3 177.3
TricycleOpenMotor 1268.6 614.45 24.0 29.3
Car 1016.2 631.85 50.0 43.7
Car 1346.6 619.65 23.2 27.7
Car 1338.75 623.05 25.5 17.3
Motorcycle 1519.1 617.65 30.6 23.3
Car 341.85 635.45 285.7 214.5
Car 1172.45 628.1 62.1 56.2
Car 1099.9 620.95 26.2 23.5
Car 1317.35 612.75 20.7 22.7
Motorcycle 1885.5 626.2 29.4 59.6
Motorcycle 2227.15 700.1 46.3 55.8
BiCyclist 1405.8 629.0 18.4 49.6
Pedestrian 1601.6 620.3 16.4 45.0
Pedestrian 1630.2 621.2 16.4 29.6
MotorCyclist 1417.25 641.2 41.3 78.4
Pedestrian 9.15 648.8 18.3 66.8
Pedestrian 2538.55 608.85 14.3 177.3
TricycleOpenMotor 1268.6 614.45 24.0 29.3
Car 1016.2 631.85 50.0 43.7
Car 1346.6 619.65 23.2 27.7
Car 1338.75 623.05 25.5 17.3
Motorcycle 1519.1 617.65 30.6 23.3