Car 735.0 648.15 156.8 123.9
Car 1226.1 648.95 89.0 81.1
Car 1000.85 653.65 70.1 57.3
Car 1167.15 632.55 19.5 17.9
Car 22.5 690.75 45 91.9
Car 157.35 664.55 136.3 103.5
Car 446.75 668.2 73.1 62.8
Car 403.65 649.55 62.1 51.5
Car 1077.05 643.0 45.3 37.6
MotorCyclist 1468.9 648.3 21.0 46.6
BiCyclist 1351.25 634.7 10.9 25.8
Pedestrian 1431.05 633.3 8.5 21.0
Car 1720.75 654.7 51.1 31.8
Car 1912.9 659.55 62.6 46.7
Car 151.7 688.15 209.4 119.5
Car 735.0 648.15 156.8 123.9
Car 1226.1 648.95 89.0 81.1
Car 1000.85 653.65 70.1 57.3
Car 1167.15 632.55 19.5 17.9
Car 22.5 690.75 45 91.9
Car 157.35 664.55 136.3 103.5
Car 446.75 668.2 73.1 62.8
Car 403.65 649.55 62.1 51.5
Car 1077.05 643.0 45.3 37.6
MotorCyclist 1468.9 648.3 21.0 46.6
BiCyclist 1351.25 634.7 10.9 25.8
Pedestrian 1431.05 633.3 8.5 21.0
Car 1720.75 654.7 51.1 31.8
Car 1912.9 659.55 62.6 46.7