Car 1169.25 637.7 70.9 66.2
Car 993.5 642.55 58.6 49.5
Car 1088.6 632.15 29.2 27.1
Car 2502.4 720.45 38.4 65.3
MotorCyclist 1436.7 639.3 28.2 61.4
Pedestrian 1633.1 613.9 20.6 53.8
Pedestrian 1491.65 616.7 10.5 32.6
BiCyclist 1360.7 631.15 15.8 45.5
Motorcycle 1589.9 634.7 15.8 27.0
Motorcycle 64.35 675.65 34.3 51.3
Motorcycle 264.1 671.8 14.2 27.2
Motorcycle 231.75 674.8 17.5 24.0
MotorCyclist 12.3 725.25 24.6 47.3
Motorcycle 1762.1 656.25 25.8 26.1
Car 528.0 647.3 220.8 172.2
Car 1169.25 637.7 70.9 66.2
Car 993.5 642.55 58.6 49.5
Car 1088.6 632.15 29.2 27.1
Car 2502.4 720.45 38.4 65.3
MotorCyclist 1436.7 639.3 28.2 61.4
Pedestrian 1633.1 613.9 20.6 53.8
Pedestrian 1491.65 616.7 10.5 32.6
BiCyclist 1360.7 631.15 15.8 45.5
Motorcycle 1589.9 634.7 15.8 27.0
Motorcycle 64.35 675.65 34.3 51.3
Motorcycle 264.1 671.8 14.2 27.2
Motorcycle 231.75 674.8 17.5 24.0
MotorCyclist 12.3 725.25 24.6 47.3
Motorcycle 1762.1 656.25 25.8 26.1