Car 1211.4 650.25 82.4 76.5
Car 1002.7 657.85 66.2 55.7
Car 1094.6 646.85 40.0 33.3
Car 1164.05 637.25 17.7 17.3
Car 219.95 683.75 117.9 77.1
Car 21.05 667.8 42.1 112.8
Car 189.4 663.8 103.6 72.0
van 2033.2 666.95 87.2 50.7
Car 1774.85 663.6 52.9 37.6
MotorCyclist 1465.35 652.55 24.3 46.3
Pedestrian 1436.6 628.2 7.6 23.6
Pedestrian 379.4 652.95 13.6 39.5
BiCyclist 1345.05 641.7 13.3 31.4
Car 720.55 651.9 155.9 127.0
Car 1211.4 650.25 82.4 76.5
Car 1002.7 657.85 66.2 55.7
Car 1094.6 646.85 40.0 33.3
Car 1164.05 637.25 17.7 17.3
Car 219.95 683.75 117.9 77.1
Car 21.05 667.8 42.1 112.8
Car 189.4 663.8 103.6 72.0
van 2033.2 666.95 87.2 50.7
Car 1774.85 663.6 52.9 37.6
MotorCyclist 1465.35 652.55 24.3 46.3
Pedestrian 1436.6 628.2 7.6 23.6
Pedestrian 379.4 652.95 13.6 39.5
BiCyclist 1345.05 641.7 13.3 31.4