Car 749.9 649.15 167.4 143.5
Car 1106.4 639.25 41.2 38.1
Car 1148.75 642.55 30.3 30.3
Car 1203.6 636.75 14.4 14.3
Car 1229.4 632.9 12.8 10.2
Car 1258.9 641.45 39.8 32.1
MotorCyclist 1321.9 641.65 9.0 22.1
TricycleOpenMotor 1364.35 628.35 29.1 43.9
MotorCyclist 1407.95 655.95 46.7 98.3
van 1517.1 627.05 45.4 55.3
Car 1591.95 652.05 68.3 50.9
Pedestrian 1816.55 645.8 19.1 60.0
Pedestrian 1919.25 625.7 24.9 80.2
Motorcycle 1949.85 718.75 131.3 89.9
Motorcycle 1862.95 695.4 103.5 75.6
Pedestrian 2110.8 607.65 32.4 80.1
BiCyclist 2287.25 713.9 141.7 355.0
Motorcycle 2150.9 644.3 78.2 77.4
Pedestrian 64.4 672.3 20.8 66.2
Car 749.9 649.15 167.4 143.5
Car 1106.4 639.25 41.2 38.1
Car 1148.75 642.55 30.3 30.3
Car 1203.6 636.75 14.4 14.3
Car 1229.4 632.9 12.8 10.2
Car 1258.9 641.45 39.8 32.1
MotorCyclist 1321.9 641.65 9.0 22.1
TricycleOpenMotor 1364.35 628.35 29.1 43.9
MotorCyclist 1407.95 655.95 46.7 98.3
van 1517.1 627.05 45.4 55.3
Car 1591.95 652.05 68.3 50.9
Pedestrian 1816.55 645.8 19.1 60.0
Pedestrian 1919.25 625.7 24.9 80.2
Motorcycle 1949.85 718.75 131.3 89.9
Motorcycle 1862.95 695.4 103.5 75.6
Pedestrian 2110.8 607.65 32.4 80.1
BiCyclist 2287.25 713.9 141.7 355.0
Motorcycle 2150.9 644.3 78.2 77.4