Motorcycle 2093.9 671.9 29.8 60.6
Pedestrian 1958.9 639.55 26.2 80.7
Pedestrian 1920.1 631.45 26.6 86.1
Motorcycle 1790.95 651.75 61.5 40.3
Motorcycle 1683.6 630.3 42.8 29.4
BiCyclist 1522.25 646.9 26.1 86.6
MotorCyclist 1360.35 652.95 41.5 88.7
Car 1218.1 631.2 51.0 48.0
Car 1079.85 635.55 41.3 37.1
Car 1163.6 625.55 25.2 21.1
TricycleOpenMotor 1323.1 620.0 23.8 34.4
Motorcycle 1576.9 627.55 27.0 26.7
Pedestrian 1485.3 620.35 12.6 31.9
MotorCyclist 1290.4 623.7 9.6 21.8
Motorcycle 2009.3 672.5 40.6 55.8
Car 498.45 649.0 249.3 192.4
Motorcycle 2093.9 671.9 29.8 60.6
Pedestrian 1958.9 639.55 26.2 80.7
Pedestrian 1920.1 631.45 26.6 86.1
Motorcycle 1790.95 651.75 61.5 40.3
Motorcycle 1683.6 630.3 42.8 29.4
BiCyclist 1522.25 646.9 26.1 86.6
MotorCyclist 1360.35 652.95 41.5 88.7
Car 1218.1 631.2 51.0 48.0
Car 1079.85 635.55 41.3 37.1
Car 1163.6 625.55 25.2 21.1
TricycleOpenMotor 1323.1 620.0 23.8 34.4
Motorcycle 1576.9 627.55 27.0 26.7
Pedestrian 1485.3 620.35 12.6 31.9
MotorCyclist 1290.4 623.7 9.6 21.8
Motorcycle 2009.3 672.5 40.6 55.8