Car 1074.55 629.35 40.7 37.1
Car 1125.6 630.9 26.4 27.4
Car 1163.15 627.1 14.7 15.0
Car 1193.15 622.55 13.5 11.5
Car 1233.7 634.3 38.6 32.2
MotorCyclist 1311.3 633.15 9.0 25.9
TricycleOpenMotor 1341.1 619.2 32.6 52.0
MotorCyclist 1412.15 651.25 51.5 106.9
Car 1514.35 621.25 56.7 27.7
van 1603.8 617.85 79.2 84.5
Car 1767.55 656.8 131.1 87.6
Motorcycle 2066.05 661.05 65.7 48.9
Motorcycle 2173.5 652.75 63 43.5
Pedestrian 2330.5 639.35 56.2 139.5
Pedestrian 2438.2 638.25 46.8 123.7
Car 761.15 639.05 152.7 129.7
Car 1074.55 629.35 40.7 37.1
Car 1125.6 630.9 26.4 27.4
Car 1163.15 627.1 14.7 15.0
Car 1193.15 622.55 13.5 11.5
Car 1233.7 634.3 38.6 32.2
MotorCyclist 1311.3 633.15 9.0 25.9
TricycleOpenMotor 1341.1 619.2 32.6 52.0
MotorCyclist 1412.15 651.25 51.5 106.9
Car 1514.35 621.25 56.7 27.7
van 1603.8 617.85 79.2 84.5
Car 1767.55 656.8 131.1 87.6
Motorcycle 2066.05 661.05 65.7 48.9
Motorcycle 2173.5 652.75 63 43.5
Pedestrian 2330.5 639.35 56.2 139.5
Pedestrian 2438.2 638.25 46.8 123.7