Car 1066.9 638.4 44.6 37.2
Car 1215.3 633.5 53.8 48.2
Car 1147.7 627.25 25.8 22.1
Car 1365.75 618.85 25.5 28.5
Car 1290.2 619.65 17.6 16.5
MotorCyclist 1391.45 650.65 43.7 88.1
BiCyclist 1471.75 639.95 27.9 77.9
MotorCyclist 156.05 666.4 40.1 68.4
Pedestrian 1780.85 630.2 23.7 69.6
Pedestrian 1818.9 636.35 21.4 65.5
Motorcycle 1623.9 622.45 35.0 30.5
Motorcycle 1699.6 638.1 50.0 38.2
Motorcycle 1899.3 649.45 27.8 53.7
Motorcycle 1853.35 653.1 28.7 48.2
Motorcycle 2329.35 694.05 72.3 45.7
TricycleOpenMotor 1312.35 617.65 21.5 36.5
Motorcycle 2494.8 626.5 42.8 116.6
Motorcycle 2258.85 666.95 45.7 48.3
Pedestrian 1565.2 622.25 8.0 20.9
Car 435.15 648.4 270.3 203.2
Car 1066.9 638.4 44.6 37.2
Car 1215.3 633.5 53.8 48.2
Car 1147.7 627.25 25.8 22.1
Car 1365.75 618.85 25.5 28.5
Car 1290.2 619.65 17.6 16.5
MotorCyclist 1391.45 650.65 43.7 88.1
BiCyclist 1471.75 639.95 27.9 77.9
MotorCyclist 156.05 666.4 40.1 68.4
Pedestrian 1780.85 630.2 23.7 69.6
Pedestrian 1818.9 636.35 21.4 65.5
Motorcycle 1623.9 622.45 35.0 30.5
Motorcycle 1699.6 638.1 50.0 38.2
Motorcycle 1899.3 649.45 27.8 53.7
Motorcycle 1853.35 653.1 28.7 48.2
Motorcycle 2329.35 694.05 72.3 45.7
TricycleOpenMotor 1312.35 617.65 21.5 36.5
Motorcycle 2494.8 626.5 42.8 116.6
Motorcycle 2258.85 666.95 45.7 48.3
Pedestrian 1565.2 622.25 8.0 20.9