Car 756.1 648.15 160.2 135.5
Car 1083.0 635.15 41.2 37.9
Car 1132.85 636.65 31.3 28.9
Car 1175.55 633.4 17.5 16.8
Car 1205.6 629.1 14.4 11.8
Car 1247.05 639.75 38.5 31.9
MotorCyclist 1306.6 637.55 8.8 23.5
TricycleOpenMotor 1351.2 628.7 28.0 45.8
MotorCyclist 1406.1 655.9 47.4 98.6
Car 1492.35 622.0 45.1 28.8
van 1541.45 623.7 59.7 67.4
Car 1646.55 653.45 91.9 64.1
Motorcycle 1893.85 655.05 47.3 40.1
Pedestrian 1958.05 641.15 31.3 87.9
Pedestrian 2042.45 650.75 31.7 81.5
Pedestrian 2261.45 617.8 32.9 134.4
Pedestrian 2431.05 603.6 46.5 131.6
Motorcycle 2303.9 661.3 85.8 67.0
Motorcycle 2214.05 741.8 162.9 116.0
Motorcycle 2439.25 829.05 80.5 149.3
Car 494.85 666.8 108.9 71.6
Car 756.1 648.15 160.2 135.5
Car 1083.0 635.15 41.2 37.9
Car 1132.85 636.65 31.3 28.9
Car 1175.55 633.4 17.5 16.8
Car 1205.6 629.1 14.4 11.8
Car 1247.05 639.75 38.5 31.9
MotorCyclist 1306.6 637.55 8.8 23.5
TricycleOpenMotor 1351.2 628.7 28.0 45.8
MotorCyclist 1406.1 655.9 47.4 98.6
Car 1492.35 622.0 45.1 28.8
van 1541.45 623.7 59.7 67.4
Car 1646.55 653.45 91.9 64.1
Motorcycle 1893.85 655.05 47.3 40.1
Pedestrian 1958.05 641.15 31.3 87.9
Pedestrian 2042.45 650.75 31.7 81.5
Pedestrian 2261.45 617.8 32.9 134.4
Pedestrian 2431.05 603.6 46.5 131.6
Motorcycle 2303.9 661.3 85.8 67.0
Motorcycle 2214.05 741.8 162.9 116.0
Motorcycle 2439.25 829.05 80.5 149.3