Pedestrian 160.25 650.05 18.5 58.5
Car 606.95 652.05 209.9 172.9
Car 1164.35 636.25 49.5 43.3
Car 1097.5 639.55 35 34.7
Car 1236.45 637.4 36.9 33.6
MotorCyclist 1301.15 633.5 8.3 19.8
TricycleOpenMotor 1338.3 626.1 24.2 37.4
MotorCyclist 1395.5 659.7 43.8 90.6
Car 1471.65 640.15 36.5 30.3
van 1427.8 625.45 29.2 34.9
Motorcycle 1535.0 662.05 58 40.5
Pedestrian 1631.15 618.05 19.9 41.7
BiCyclist 1660.45 662.15 45.7 124.3
Motorcycle 1700.95 636.7 35.5 36.6
Motorcycle 1879.9 638.45 62.6 43.7
Motorcycle 2180.45 681.85 81.7 66.5
Motorcycle 2136.4 680.8 71.6 59.2
Pedestrian 2505.4 652.8 36.4 160.0
MotorCyclist 1317.95 628.4 6.7 16.0
Motorcycle 1792.1 644.1 21.0 27.4
Pedestrian 123.7 663.2 19.8 50.8
Pedestrian 160.25 650.05 18.5 58.5
Car 606.95 652.05 209.9 172.9
Car 1164.35 636.25 49.5 43.3
Car 1097.5 639.55 35 34.7
Car 1236.45 637.4 36.9 33.6
MotorCyclist 1301.15 633.5 8.3 19.8
TricycleOpenMotor 1338.3 626.1 24.2 37.4
MotorCyclist 1395.5 659.7 43.8 90.6
Car 1471.65 640.15 36.5 30.3
van 1427.8 625.45 29.2 34.9
Motorcycle 1535.0 662.05 58 40.5
Pedestrian 1631.15 618.05 19.9 41.7
BiCyclist 1660.45 662.15 45.7 124.3
Motorcycle 1700.95 636.7 35.5 36.6
Motorcycle 1879.9 638.45 62.6 43.7
Motorcycle 2180.45 681.85 81.7 66.5
Motorcycle 2136.4 680.8 71.6 59.2
Pedestrian 2505.4 652.8 36.4 160.0
MotorCyclist 1317.95 628.4 6.7 16.0
Motorcycle 1792.1 644.1 21.0 27.4