Car 1072.3 636.45 37.4 34.1
Car 1119.1 639.55 25.0 25.1
Car 1150.7 633.1 16.2 15.4
Car 1219.8 640.95 38.4 32.3
TricycleOpenMotor 1292.2 630.55 21.2 21.9
TricycleOpenMotor 1327.0 627.5 36.0 55
MotorCyclist 1416.55 661.45 52.7 115.7
Car 1533.7 629.9 61.0 29.8
Pedestrian 1611.0 634.05 18 40.9
Motorcycle 1662.3 683.55 48.6 37.9
van 1721.35 622.95 120.7 116.3
Car 2031.5 686.5 227 136.2
Motorcycle 2379.75 674.1 81.1 75.0
Motorcycle 2482.45 675.85 51.7 59.3
Pedestrian 367.75 661.75 14.3 39.9
Pedestrian 632.3 645.45 9.4 28.5
Car 768.1 642.85 146.2 125.7
Car 1072.3 636.45 37.4 34.1
Car 1119.1 639.55 25.0 25.1
Car 1150.7 633.1 16.2 15.4
Car 1219.8 640.95 38.4 32.3
TricycleOpenMotor 1292.2 630.55 21.2 21.9
TricycleOpenMotor 1327.0 627.5 36.0 55
MotorCyclist 1416.55 661.45 52.7 115.7
Car 1533.7 629.9 61.0 29.8
Pedestrian 1611.0 634.05 18 40.9
Motorcycle 1662.3 683.55 48.6 37.9
van 1721.35 622.95 120.7 116.3
Car 2031.5 686.5 227 136.2
Motorcycle 2379.75 674.1 81.1 75.0
Motorcycle 2482.45 675.85 51.7 59.3
Pedestrian 367.75 661.75 14.3 39.9
Pedestrian 632.3 645.45 9.4 28.5