MotorCyclist 472.7 656.8 21.4 43.2
Car 638.6 650.6 202.4 161.6
Car 1131.95 634.0 44.7 42.0
Car 1115.8 637.2 36.0 32.4
Car 1233.55 636.9 37.9 31.8
MotorCyclist 1328.65 637.15 6.9 20.3
MotorCyclist 1303.15 631.8 5.9 18.4
TricycleOpenMotor 1352.4 624.75 23.6 38.7
van 1455.15 623.3 34.3 41.8
Car 1502.85 641.45 47.7 34.9
MotorCyclist 1401.45 654.45 43.7 92.5
BiCyclist 1766.1 660.25 59.0 165.3
Motorcycle 1607.85 671.85 74.1 46.9
Motorcycle 1627.95 667.2 71.5 44.0
Motorcycle 1899.65 643.75 29.7 37.1
Motorcycle 1811.25 652.7 32.1 34.2
Motorcycle 2042.5 645.05 75.4 50.9
Motorcycle 2508.4 740.5 34.4 65.4
Pedestrian 180.7 673.75 22.2 62.7
Pedestrian 70.75 669.05 19.9 48.5
MotorCyclist 472.7 656.8 21.4 43.2
Car 638.6 650.6 202.4 161.6
Car 1131.95 634.0 44.7 42.0
Car 1115.8 637.2 36.0 32.4
Car 1233.55 636.9 37.9 31.8
MotorCyclist 1328.65 637.15 6.9 20.3
MotorCyclist 1303.15 631.8 5.9 18.4
TricycleOpenMotor 1352.4 624.75 23.6 38.7
van 1455.15 623.3 34.3 41.8
Car 1502.85 641.45 47.7 34.9
MotorCyclist 1401.45 654.45 43.7 92.5
BiCyclist 1766.1 660.25 59.0 165.3
Motorcycle 1607.85 671.85 74.1 46.9
Motorcycle 1627.95 667.2 71.5 44.0
Motorcycle 1899.65 643.75 29.7 37.1
Motorcycle 1811.25 652.7 32.1 34.2
Motorcycle 2042.5 645.05 75.4 50.9
Motorcycle 2508.4 740.5 34.4 65.4
Pedestrian 180.7 673.75 22.2 62.7