Motorcycle 2117.0 755.0 112.8 56.8
Motorcycle 2060.35 705.05 64.7 52.1
Motorcycle 1987.95 697.7 75.9 57.0
Pedestrian 1847.05 647.95 28.9 60.7
Car 1674.45 637.05 91.3 43.3
Car 1403.25 650.35 33.3 29.5
Car 1317.55 637.7 23.5 23.8
TricycleOpenMotor 1351.55 636.45 40.3 63.7
MotorCyclist 1471.8 698.95 56.8 138.7
Car 1237.5 648.2 40.2 32.4
Car 1128.4 639.85 28.4 25.7
Car 1099.65 642.4 33.3 31.2
Car 805.6 656.15 136.0 118.7
MotorCyclist 95.6 689.75 47.6 76.7
Car 1659.8 630.6 82.0 40.0
Motorcycle 2145.1 718.5 125.4 97.4
Motorcycle 2117.0 755.0 112.8 56.8
Motorcycle 2060.35 705.05 64.7 52.1
Motorcycle 1987.95 697.7 75.9 57.0
Pedestrian 1847.05 647.95 28.9 60.7
Car 1674.45 637.05 91.3 43.3
Car 1403.25 650.35 33.3 29.5
Car 1317.55 637.7 23.5 23.8
TricycleOpenMotor 1351.55 636.45 40.3 63.7
MotorCyclist 1471.8 698.95 56.8 138.7
Car 1237.5 648.2 40.2 32.4
Car 1128.4 639.85 28.4 25.7
Car 1099.65 642.4 33.3 31.2
Car 805.6 656.15 136.0 118.7
MotorCyclist 95.6 689.75 47.6 76.7
Car 1659.8 630.6 82.0 40.0