Car 1336.9 651.6 46.6 34.0
Car 1502.4 641.05 40.4 39.7
Pedestrian 1700.55 627.65 12.7 36.5
TricycleOpenMotor 1583.75 639.2 69.5 109.6
van 1764.2 667.45 98.4 74.5
Car 2029.5 629.1 177.0 76.2
Car 2037.55 632.55 169.5 71.5
Car 2183.3 644.7 131.0 59.8
Car 2215.95 664.3 133.9 66.6
Car 2411.1 625.9 99.0 61.4
Car 2451.85 623.05 72.1 91.3
Car 2505.7 710.6 36.2 60.8
MotorCyclist 2213.05 793.9 231.3 413.8
van 1038.45 654.1 112.5 104.2
Car 386.6 691.6 135.2 70.8
TricycleOpenMotor 2048.7 626.0 75.4 120
Car 1249.25 641.45 29.7 26.5
Car 1336.9 651.6 46.6 34.0
Car 1502.4 641.05 40.4 39.7
Pedestrian 1700.55 627.65 12.7 36.5
TricycleOpenMotor 1583.75 639.2 69.5 109.6
van 1764.2 667.45 98.4 74.5
Car 2029.5 629.1 177.0 76.2
Car 2037.55 632.55 169.5 71.5
Car 2183.3 644.7 131.0 59.8
Car 2215.95 664.3 133.9 66.6
Car 2411.1 625.9 99.0 61.4
Car 2451.85 623.05 72.1 91.3
Car 2505.7 710.6 36.2 60.8
MotorCyclist 2213.05 793.9 231.3 413.8
van 1038.45 654.1 112.5 104.2
Car 386.6 691.6 135.2 70.8
TricycleOpenMotor 2048.7 626.0 75.4 120