Pedestrian 2491.6 583.85 32.4 82.1
Car 1330.55 634.2 24.7 21.6
Car 1433.2 645.4 33.6 31.6
Car 1455.3 641.5 42.2 38.6
Car 1577.5 642.5 87.8 76.6
Pedestrian 1770.55 621.05 18.7 50.1
Pedestrian 1979.6 622.35 16.0 61.9
TricycleOpenMotor 1903.7 727.05 183.8 173.3
Car 1183.1 647.5 45.8 33.4
Car 1064.05 651.2 109.3 101.2
Car 891.1 643.2 33.4 36.0
Motorcycle 2448.1 686.95 74.6 64.7
Pedestrian 2491.6 583.85 32.4 82.1
Car 1330.55 634.2 24.7 21.6
Car 1433.2 645.4 33.6 31.6
Car 1455.3 641.5 42.2 38.6
Car 1577.5 642.5 87.8 76.6
Pedestrian 1770.55 621.05 18.7 50.1
Pedestrian 1979.6 622.35 16.0 61.9
TricycleOpenMotor 1903.7 727.05 183.8 173.3
Car 1183.1 647.5 45.8 33.4
Car 1064.05 651.2 109.3 101.2
Car 891.1 643.2 33.4 36.0