Pedestrian 2161.05 630.7 31.3 84.2
Car 1818.95 620.15 111.9 49.9
OtherCar 1705.1 660.3 75.8 74.6
MotorCyclist 1538.3 686.25 77.0 182.9
Car 1478.05 633.35 32.5 30.7
TricycleOpenMotor 1408.25 624.5 44.5 73
Car 1364.85 621.75 28.5 27.9
Car 1277.55 633.15 41.5 33.5
Car 1143.5 627.8 32.6 29.6
Car 1168.6 627.4 25.6 22.8
Car 850.0 641.9 137.6 117.4
Car 666.25 652.45 81.3 47.7
Motorcycle 2466.1 715.5 62.6 91.4
Pedestrian 2161.05 630.7 31.3 84.2
Car 1818.95 620.15 111.9 49.9
OtherCar 1705.1 660.3 75.8 74.6
MotorCyclist 1538.3 686.25 77.0 182.9
Car 1478.05 633.35 32.5 30.7
TricycleOpenMotor 1408.25 624.5 44.5 73
Car 1364.85 621.75 28.5 27.9
Car 1277.55 633.15 41.5 33.5
Car 1143.5 627.8 32.6 29.6
Car 1168.6 627.4 25.6 22.8
Car 850.0 641.9 137.6 117.4
Car 666.25 652.45 81.3 47.7