Car 1324.2 631.8 45.2 34.4
LargeBus 1443.3 617.95 32.6 36.3
TricycleOpenMotor 1503.65 623.05 63.3 92.9
Car 1626.45 641.75 72.9 56.7
TricycleOpenMotor 1819.15 601.35 67.5 76.3
Car 1980.05 620.55 87.3 52.7
Car 2060.5 609.3 122.2 69.0
Car 2148.4 598.75 157.6 59.5
Car 2229.0 621.65 156.8 81.7
Motorcycle 2179.5 720.4 143.8 92.8
Motorcycle 2324.95 728.45 156.7 105.3
MotorCyclist 1862.3 741.05 146.2 322.5
Car 960.75 638.75 123.9 110.3
van 536.75 635.55 105.9 91.5
Car 683.55 657.25 80.3 50.5
Pedestrian 70.65 661.85 19.7 58.5
Car 1209.45 623.7 31.3 27.4
Car 1324.2 631.8 45.2 34.4
LargeBus 1443.3 617.95 32.6 36.3
TricycleOpenMotor 1503.65 623.05 63.3 92.9
Car 1626.45 641.75 72.9 56.7
TricycleOpenMotor 1819.15 601.35 67.5 76.3
Car 1980.05 620.55 87.3 52.7
Car 2060.5 609.3 122.2 69.0
Car 2148.4 598.75 157.6 59.5
Car 2229.0 621.65 156.8 81.7
Motorcycle 2179.5 720.4 143.8 92.8
Motorcycle 2324.95 728.45 156.7 105.3
MotorCyclist 1862.3 741.05 146.2 322.5
Car 960.75 638.75 123.9 110.3
van 536.75 635.55 105.9 91.5
Car 683.55 657.25 80.3 50.5
Pedestrian 70.65 661.85 19.7 58.5