Car 1292.15 624.85 41.5 34.9
Car 1384.35 614.25 31.9 32.1
Car 1526.25 629.65 50.9 43.7
TricycleOpenMotor 1435.05 617.55 54.1 82.7
Car 1900.65 597.65 101.3 53.7
Car 1928.75 599.8 89.1 50.8
Car 1839.0 608.15 74 42.3
Car 1801.75 615.95 60.3 40.7
Car 1768.55 608.9 113.9 52.6
Motorcycle 1824.25 690.25 76.5 53.7
Motorcycle 1895.9 705.25 89.0 50.1
OtherCar 1968.9 719.45 89.0 82.9
MotorCyclist 1660.75 692.9 99.5 250.6
Car 879.9 632.85 136.2 118.5
Car 91.5 698.85 183 110.1
Car 803.8 625.7 61.6 51.0
Car 1159.45 621.7 32.1 27.8
Car 1292.15 624.85 41.5 34.9
Car 1384.35 614.25 31.9 32.1
Car 1526.25 629.65 50.9 43.7
TricycleOpenMotor 1435.05 617.55 54.1 82.7
Car 1900.65 597.65 101.3 53.7
Car 1928.75 599.8 89.1 50.8
Car 1839.0 608.15 74 42.3
Car 1801.75 615.95 60.3 40.7
Car 1768.55 608.9 113.9 52.6
Motorcycle 1824.25 690.25 76.5 53.7
Motorcycle 1895.9 705.25 89.0 50.1
OtherCar 1968.9 719.45 89.0 82.9
MotorCyclist 1660.75 692.9 99.5 250.6
Car 879.9 632.85 136.2 118.5
Car 91.5 698.85 183 110.1
Car 803.8 625.7 61.6 51.0