Pedestrian 1427.1 655.2 12.2 42.4
Car 1456.8 650.3 32.8 34.2
Car 1492.1 648.3 55.0 49.8
Car 1716.2 659.8 136.0 111.2
Pedestrian 1915.25 632.0 28.9 62.8
Pedestrian 1970.85 644.25 14.1 56.1
Pedestrian 2003.8 642.75 18.4 50.7
Pedestrian 2042.05 644.75 15.3 48.7
Pedestrian 2329.35 626.3 23.5 106.6
TricycleOpenMotor 2338.75 842.65 147.5 356.5
Car 1084.5 656.3 120.2 111.8
van 760.65 653.6 52.5 49.2
Car 1330.55 641.45 25.9 21.3
Pedestrian 1427.1 655.2 12.2 42.4
Car 1456.8 650.3 32.8 34.2
Car 1492.1 648.3 55.0 49.8
Car 1716.2 659.8 136.0 111.2
Pedestrian 1915.25 632.0 28.9 62.8
Pedestrian 1970.85 644.25 14.1 56.1
Pedestrian 2003.8 642.75 18.4 50.7
Pedestrian 2042.05 644.75 15.3 48.7
Pedestrian 2329.35 626.3 23.5 106.6
TricycleOpenMotor 2338.75 842.65 147.5 356.5
Car 1084.5 656.3 120.2 111.8
van 760.65 653.6 52.5 49.2