Car 1285.25 649.95 44.5 32.7
Car 1485.0 641.65 28.4 25.3
Car 1503.15 644.1 34.7 31.4
Car 1577.4 641.45 61.6 57.3
TricycleOpenMotor 1775.4 707.15 117.2 115.5
Motorcycle 2167.8 640.95 71.6 57.9
Car 2374.75 723.75 123.5 165.5
Car 1111.3 652.7 109.4 97.8
Car 1032.55 639.7 23.5 27.4
Motorcycle 202.1 716.65 65.0 48.1
Car 1242.0 638.55 27.2 20.7
Car 1403.6 636.4 22.0 18.4
Car 1285.25 649.95 44.5 32.7
Car 1485.0 641.65 28.4 25.3
Car 1503.15 644.1 34.7 31.4
Car 1577.4 641.45 61.6 57.3
TricycleOpenMotor 1775.4 707.15 117.2 115.5
Motorcycle 2167.8 640.95 71.6 57.9
Car 2374.75 723.75 123.5 165.5
Car 1111.3 652.7 109.4 97.8
Car 1032.55 639.7 23.5 27.4
Motorcycle 202.1 716.65 65.0 48.1
Car 1242.0 638.55 27.2 20.7