Pedestrian 563.45 653.85 10.9 34.5
Car 779.3 650.35 143.4 123.5
Car 1077.95 640.45 37.1 32.9
Car 1117.35 641.05 25.1 26.1
Car 1153.5 640.85 16.2 12.9
Car 1217.45 646.65 39.3 32.5
Car 1266.45 632.75 10.9 11.5
TricycleOpenMotor 1324.7 632.85 37.8 59.3
Car 1295.9 633.5 23.4 25.0
Car 1371.5 642.3 28.6 29.4
MotorCyclist 1431.7 675.35 62.2 127.5
Car 1583.0 632.6 81.6 34.0
Pedestrian 1690.25 642.0 23.3 49.2
Motorcycle 1807.0 679.65 81.2 68.9
Motorcycle 1762.6 673.8 38.4 43.2
van 1990.6 626.3 226.8 189.0
MotorCyclist 490.4 671.3 17.6 53.8
Pedestrian 563.45 653.85 10.9 34.5
Car 779.3 650.35 143.4 123.5
Car 1077.95 640.45 37.1 32.9
Car 1117.35 641.05 25.1 26.1
Car 1153.5 640.85 16.2 12.9
Car 1217.45 646.65 39.3 32.5
Car 1266.45 632.75 10.9 11.5
TricycleOpenMotor 1324.7 632.85 37.8 59.3
Car 1295.9 633.5 23.4 25.0
Car 1371.5 642.3 28.6 29.4
MotorCyclist 1431.7 675.35 62.2 127.5
Car 1583.0 632.6 81.6 34.0
Pedestrian 1690.25 642.0 23.3 49.2
Motorcycle 1807.0 679.65 81.2 68.9
Motorcycle 1762.6 673.8 38.4 43.2
van 1990.6 626.3 226.8 189.0