Car 1311.1 653.3 45.4 33.4
Car 1406.5 637.2 19.0 16.8
Car 1533.15 653.3 50.3 42.2
TricycleOpenMotor 1659.75 688.4 77.5 97.2
van 1959.25 684.65 154.9 105.7
Car 2254.0 636.85 204 99.7
TricycleOpenMotor 2451.1 643.25 72.6 178.9
Car 1070.95 658.3 108.3 97.8
Car 1250.4 640.65 26.8 27.7
Car 1311.1 653.3 45.4 33.4
Car 1406.5 637.2 19.0 16.8
Car 1533.15 653.3 50.3 42.2
TricycleOpenMotor 1659.75 688.4 77.5 97.2
van 1959.25 684.65 154.9 105.7
Car 2254.0 636.85 204 99.7
TricycleOpenMotor 2451.1 643.25 72.6 178.9
Car 1070.95 658.3 108.3 97.8