Pedestrian 2490.2 629.0 31.6 109.2
Pedestrian 2254.4 587.4 25.6 90.4
Motorcycle 1992.05 620.9 35.3 61.4
Car 1257.2 618.75 31.6 25.9
Car 1449.35 635.35 68.3 55.9
Pedestrian 1504.05 644.25 16.5 81.7
Car 1560.8 632.3 101.2 88.6
Car 1034.45 637.0 138.1 131.2
Car 925.05 617.95 23.7 19.1
Car 880.6 619.0 36.8 36.8
Car 805.6 623.5 41.2 37.8
MotorCyclist 753.05 629.5 11.7 31
TricycleClosed 2478.25 735.85 53.7 242.9
Pedestrian 2490.2 629.0 31.6 109.2
Pedestrian 2254.4 587.4 25.6 90.4
Motorcycle 1992.05 620.9 35.3 61.4
Car 1257.2 618.75 31.6 25.9
Car 1449.35 635.35 68.3 55.9
Pedestrian 1504.05 644.25 16.5 81.7
Car 1560.8 632.3 101.2 88.6
Car 1034.45 637.0 138.1 131.2
Car 925.05 617.95 23.7 19.1
Car 880.6 619.0 36.8 36.8
Car 805.6 623.5 41.2 37.8
MotorCyclist 753.05 629.5 11.7 31