TricycleClosed 1285.25 605.5 29.7 46.6
MotorCyclist 48.65 707.35 97.3 143.5
MotorCyclist 1325.95 639.85 26.7 63.3
MotorCyclist 1188.9 628.35 10.2 24.7
MotorCyclist 1173.7 624.8 8.6 20.8
Car 1045.85 634.4 50.1 38.0
Car 1110.4 624.7 23.2 23.8
Car 1633.9 649.8 263.4 240.4
Car 243.15 639.35 168.7 122.7
van 1430.15 648.4 200.3 146.4
Car 569.4 643.75 83.6 62.7
Car 691.7 634.3 39.8 43.8
Car 783.05 632.6 52.5 43.2
Car 1394.9 624.05 63.0 53.7
van 1235.2 620.7 24.4 25.8
Motorcycle 2373.1 745.85 124.6 181.3
TricycleClosed 1285.25 605.5 29.7 46.6
MotorCyclist 48.65 707.35 97.3 143.5
MotorCyclist 1325.95 639.85 26.7 63.3
MotorCyclist 1188.9 628.35 10.2 24.7
MotorCyclist 1173.7 624.8 8.6 20.8
Car 1045.85 634.4 50.1 38.0
Car 1110.4 624.7 23.2 23.8
Car 1633.9 649.8 263.4 240.4
Car 243.15 639.35 168.7 122.7
van 1430.15 648.4 200.3 146.4
Car 569.4 643.75 83.6 62.7
Car 691.7 634.3 39.8 43.8
Car 783.05 632.6 52.5 43.2
Car 1394.9 624.05 63.0 53.7
van 1235.2 620.7 24.4 25.8