Motorcycle 2347.7 622.9 63.4 106.2
MotorCyclist 435.75 656.15 119.1 107.5
MotorCyclist 1230.7 605.8 12.6 26.4
MotorCyclist 1212.35 606.25 9.1 20.9
Car 1073.75 616.45 49.5 39.7
Car 1143.4 603.95 25.2 25.5
Car 1424.65 629.25 224.9 224.9
Car 445.45 616.25 137.7 100.1
Car 1614.4 616.9 136.4 111.8
van 1267.15 597.75 22.7 25.9
TricycleClosed 1313.55 584.9 25.1 44.6
Car 1188.35 603.45 14.3 14.5
Car 912.05 601.1 30.5 18.2
Car 766.3 604.45 60.6 28.9
Motorcycle 2090.65 682.45 82.9 121.7
Motorcycle 2347.7 622.9 63.4 106.2
MotorCyclist 435.75 656.15 119.1 107.5
MotorCyclist 1230.7 605.8 12.6 26.4
MotorCyclist 1212.35 606.25 9.1 20.9
Car 1073.75 616.45 49.5 39.7
Car 1143.4 603.95 25.2 25.5
Car 1424.65 629.25 224.9 224.9
Car 445.45 616.25 137.7 100.1
Car 1614.4 616.9 136.4 111.8
van 1267.15 597.75 22.7 25.9
TricycleClosed 1313.55 584.9 25.1 44.6
Car 1188.35 603.45 14.3 14.5
Car 912.05 601.1 30.5 18.2
Car 766.3 604.45 60.6 28.9