van 1712.5 629.35 171.0 145.1
Car 1517.6 631.55 92.0 73.9
Car 1256.5 613.75 35.4 32.7
Car 806.0 622.2 50.4 42.8
van 673.0 617.85 49.6 40.9
Motorcycle 2316.0 613.6 75.2 93.2
MotorCyclist 1378.4 623.6 37.6 37.6
MotorCyclist 1310.6 625.6 24.8 28.8
Pedestrian 1708.65 661.6 46.9 142.0
Car 890.9 620.25 19.4 21.3
Car 1048.2 633.85 142.4 148.9
van 1712.5 629.35 171.0 145.1
Car 1517.6 631.55 92.0 73.9
Car 1256.5 613.75 35.4 32.7
Car 806.0 622.2 50.4 42.8
van 673.0 617.85 49.6 40.9
Motorcycle 2316.0 613.6 75.2 93.2
MotorCyclist 1378.4 623.6 37.6 37.6
MotorCyclist 1310.6 625.6 24.8 28.8
Pedestrian 1708.65 661.6 46.9 142.0
Car 890.9 620.25 19.4 21.3