Car 1518.2 657.25 109.2 87.3
van 1392.35 647.25 61.9 50.5
Car 1135.1 651.05 28.2 22.1
Car 1174.25 644.05 17.7 17.7
van 1270.85 640.9 23.3 28.6
TricycleClosed 1332.75 624.15 38.7 49.5
MotorCyclist 1262.4 655.1 18.8 38.2
Motorcycle 1731.7 720.05 67.8 60.9
Truck 1252.55 611.7 41.1 43.0
LargeBus 311.75 736.45 623.5 445.3
Car 1518.2 657.25 109.2 87.3
van 1392.35 647.25 61.9 50.5
Car 1135.1 651.05 28.2 22.1
Car 1174.25 644.05 17.7 17.7
van 1270.85 640.9 23.3 28.6
TricycleClosed 1332.75 624.15 38.7 49.5
MotorCyclist 1262.4 655.1 18.8 38.2
Motorcycle 1731.7 720.05 67.8 60.9
Truck 1252.55 611.7 41.1 43.0