MotorCyclist 1233.1 661.85 12.6 32.1
Car 577.45 650.25 92.1 63.3
Car 1047.8 665.7 42.8 35.0
Car 1512.45 669.5 112.1 92.2
van 1388.5 656.9 67.8 53.8
van 1265.6 649.8 30.4 30.4
Car 1148.05 656.3 25.3 19.4
MotorCyclist 1179.0 653.95 10.8 12.7
Car 1216.8 652.25 13.2 14.1
Motorcycle 1734.9 720.45 73.0 71.3
TricycleClosed 1324.65 635.0 41.3 53.2
Car 1198.85 648.7 6.9 8.6
Truck 1247.8 621.35 37.2 32.3
MotorCyclist 1640.2 716.35 94.0 175.1
MotorCyclist 1233.1 661.85 12.6 32.1
Car 577.45 650.25 92.1 63.3
Car 1047.8 665.7 42.8 35.0
Car 1512.45 669.5 112.1 92.2
van 1388.5 656.9 67.8 53.8
van 1265.6 649.8 30.4 30.4
Car 1148.05 656.3 25.3 19.4
MotorCyclist 1179.0 653.95 10.8 12.7
Car 1216.8 652.25 13.2 14.1
Motorcycle 1734.9 720.45 73.0 71.3
TricycleClosed 1324.65 635.0 41.3 53.2
Car 1198.85 648.7 6.9 8.6
Truck 1247.8 621.35 37.2 32.3