MotorCyclist 1295.6 656.4 13.6 29.2
MotorCyclist 534.15 683.05 28.3 58.5
Car 1824.2 677.65 213.2 157.3
van 1539.15 653.9 81.9 73.0
Car 1189.8 655.8 32.0 27.6
Car 518.3 670.3 67.0 59.8
TricycleClosed 1364.9 624.3 85.4 63.8
Motorcycle 2299.95 794.2 114.3 129.2
Motorcycle 160.8 713.55 80.0 55.5
Motorcycle 365.7 684.2 53.4 68.0
Car 1289.65 650.65 22.9 16.9
Car 1265.3 649.85 17.8 10.5
MotorCyclist 1360.95 679.45 46.7 92.5
MotorCyclist 1295.6 656.4 13.6 29.2
MotorCyclist 534.15 683.05 28.3 58.5
Car 1824.2 677.65 213.2 157.3
van 1539.15 653.9 81.9 73.0
Car 1189.8 655.8 32.0 27.6
Car 518.3 670.3 67.0 59.8
TricycleClosed 1364.9 624.3 85.4 63.8
Motorcycle 2299.95 794.2 114.3 129.2
Motorcycle 160.8 713.55 80.0 55.5
Motorcycle 365.7 684.2 53.4 68.0
Car 1289.65 650.65 22.9 16.9
Car 1265.3 649.85 17.8 10.5