Car 1516.35 654.45 109.5 94.5
Car 1139.65 643.1 26.1 20.6
Car 1186.5 638.05 19.0 14.1
van 1390.95 640.55 64.7 51.1
van 1271.1 631.65 29.8 26.1
TricycleClosed 1331.65 620.75 35.7 48.7
Car 1055.55 636.75 15.5 19.5
Motorcycle 1730.3 716.25 67.8 60.1
MotorCyclist 1255.75 649.2 14.3 35.6
Truck 1253.4 607.8 40.0 41.6
van 302.3 726.8 604.6 448.0
Car 1516.35 654.45 109.5 94.5
Car 1139.65 643.1 26.1 20.6
Car 1186.5 638.05 19.0 14.1
van 1390.95 640.55 64.7 51.1
van 1271.1 631.65 29.8 26.1
TricycleClosed 1331.65 620.75 35.7 48.7
Car 1055.55 636.75 15.5 19.5
Motorcycle 1730.3 716.25 67.8 60.1
MotorCyclist 1255.75 649.2 14.3 35.6
Truck 1253.4 607.8 40.0 41.6