Car 1159.55 655.35 33.9 28.7
Car 1676.75 669.7 155.5 121.4
van 1498.55 655.6 62.7 60.0
Car 1256.2 653.2 19.2 18.0
MotorCyclist 1293.35 656.6 10.3 28.0
MotorCyclist 1432.2 683.2 45.6 104.0
Motorcycle 317.5 699.9 41.0 61.0
Car 63.55 663.25 127.1 136.9
Motorcycle 1989.25 752.35 98.9 85.5
van 1343.65 643.25 24.9 32.5
TricycleClosed 1389.55 629.6 55.5 55.2
Truck 1319.95 615.45 39.5 47.7
Car 575.75 666.65 59.5 51.3
Car 1159.55 655.35 33.9 28.7
Car 1676.75 669.7 155.5 121.4
van 1498.55 655.6 62.7 60.0
Car 1256.2 653.2 19.2 18.0
MotorCyclist 1293.35 656.6 10.3 28.0
MotorCyclist 1432.2 683.2 45.6 104.0
Motorcycle 317.5 699.9 41.0 61.0
Car 63.55 663.25 127.1 136.9
Motorcycle 1989.25 752.35 98.9 85.5
van 1343.65 643.25 24.9 32.5
TricycleClosed 1389.55 629.6 55.5 55.2
Truck 1319.95 615.45 39.5 47.7