MotorCyclist 2227.05 736.7 190.5 299.8
MotorCyclist 1247.25 651.1 13.7 32.2
Motorcycle 1726.95 705.05 72.7 67.3
Car 1024.75 654.15 50.7 40.3
Car 1514.55 657.0 111.5 89.2
van 1387.65 643.95 56.1 51.5
Car 1146.2 645.0 24.4 20.8
van 1272.55 635.6 26.3 25.6
Car 588.4 655.6 50.4 45.2
Car 721.7 638.4 73.4 54.0
TricycleClosed 212.3 614.9 85.0 93.4
TricycleClosed 1332.15 620.7 37.1 49.0
Pedestrian 1306.0 642.8 8.8 28.4
Car 1208.95 639.65 15.9 13.7
Car 1180.4 641.4 12.8 10.8
Car 93.35 755.7 186.7 456.2
Truck 1250.75 611.85 42.7 41.7
Car 95.25 750.3 190.5 459.8
MotorCyclist 2227.05 736.7 190.5 299.8
MotorCyclist 1247.25 651.1 13.7 32.2
Motorcycle 1726.95 705.05 72.7 67.3
Car 1024.75 654.15 50.7 40.3
Car 1514.55 657.0 111.5 89.2
van 1387.65 643.95 56.1 51.5
Car 1146.2 645.0 24.4 20.8
van 1272.55 635.6 26.3 25.6
Car 588.4 655.6 50.4 45.2
Car 721.7 638.4 73.4 54.0
TricycleClosed 212.3 614.9 85.0 93.4
TricycleClosed 1332.15 620.7 37.1 49.0
Pedestrian 1306.0 642.8 8.8 28.4
Car 1208.95 639.65 15.9 13.7
Car 1180.4 641.4 12.8 10.8
Car 93.35 755.7 186.7 456.2
Truck 1250.75 611.85 42.7 41.7