Motorcycle 209.35 703.6 64.3 50.0
Motorcycle 110.15 712.8 56.3 46.0
Motorcycle 1946.25 701.9 80.9 61.4
Motorcycle 2158.7 679.15 77.0 40.3
MotorCyclist 1219.05 680.45 74.9 174.5
MotorCyclist 1335.85 634.8 14.9 34.8
MotorCyclist 1295.25 651.95 26.9 60.7
Car 582.55 658.45 55.5 44.5
TricycleOpenMotor 395.0 657.5 79.2 53.4
TricycleClosed 689.45 645.3 50.9 38.2
Car 1025.8 619.95 20.8 13.5
van 1071.55 617.6 17.9 15.2
Car 1211.15 631.35 19.1 17.5
Car 1268.45 632.45 19.7 11.7
Car 1315.3 626.65 12.6 9.7
Car 916.5 629.6 39.8 28.0
TricycleOpenMotor 2230.6 624.4 219.6 219.6
Car 1030.15 603.3 17.5 12.2
Truck 1470.95 526.85 117.5 172.1
van 1746.7 621.65 141.4 176.1
Motorcycle 209.35 703.6 64.3 50.0
Motorcycle 110.15 712.8 56.3 46.0
Motorcycle 1946.25 701.9 80.9 61.4
Motorcycle 2158.7 679.15 77.0 40.3
MotorCyclist 1219.05 680.45 74.9 174.5
MotorCyclist 1335.85 634.8 14.9 34.8
MotorCyclist 1295.25 651.95 26.9 60.7
Car 582.55 658.45 55.5 44.5
TricycleOpenMotor 395.0 657.5 79.2 53.4
TricycleClosed 689.45 645.3 50.9 38.2
Car 1025.8 619.95 20.8 13.5
van 1071.55 617.6 17.9 15.2
Car 1211.15 631.35 19.1 17.5
Car 1268.45 632.45 19.7 11.7
Car 1315.3 626.65 12.6 9.7
Car 916.5 629.6 39.8 28.0
TricycleOpenMotor 2230.6 624.4 219.6 219.6
Car 1030.15 603.3 17.5 12.2
Truck 1470.95 526.85 117.5 172.1