MotorCyclist 1937.8 717.75 99.6 73.1
MotorCyclist 2169.55 743.0 151.5 98.8
MotorCyclist 2409.25 789.85 100.5 122.5
TricycleOpenMotor 2448.55 733.55 74.3 299.9
MotorCyclist 176.4 679.15 72.8 69.1
MotorCyclist 1297.85 678.1 57.7 135.4
MotorCyclist 1247.7 636.7 31.0 59.4
TricycleOpenMotor 1677.35 632.15 124.7 89.1
van 1474.9 628.7 69.4 80.6
Motorcycle 1615.1 669.35 48.6 38.7
Truck 1385.75 571.4 100.3 92.8
Car 1208.75 635.75 16.7 15.1
Car 1280.95 626.35 16.7 14.7
Car 752.6 646.8 32.4 25.6
Pedestrian 707.8 649.3 18.8 45.4
Motorcycle 1812.05 698.2 76.9 57.2
MotorCyclist 1937.8 717.75 99.6 73.1
MotorCyclist 2169.55 743.0 151.5 98.8
MotorCyclist 2409.25 789.85 100.5 122.5
TricycleOpenMotor 2448.55 733.55 74.3 299.9
MotorCyclist 176.4 679.15 72.8 69.1
MotorCyclist 1297.85 678.1 57.7 135.4
MotorCyclist 1247.7 636.7 31.0 59.4
TricycleOpenMotor 1677.35 632.15 124.7 89.1
van 1474.9 628.7 69.4 80.6
Motorcycle 1615.1 669.35 48.6 38.7
Truck 1385.75 571.4 100.3 92.8
Car 1208.75 635.75 16.7 15.1
Car 1280.95 626.35 16.7 14.7
Car 752.6 646.8 32.4 25.6
Pedestrian 707.8 649.3 18.8 45.4