MotorCyclist 1316.05 612.9 29.3 33.4
Car 1363.7 640.3 23.0 21.4
MMcar 1634.4 637.55 50.8 53.9
Car 517.95 658.15 142.7 107.9
Car 316.2 683.95 91.2 57.9
TricycleOpenMotor 37.1 683.6 74.2 85.6
MotorCyclist 1741.5 667.2 23.8 50.0
MotorCyclist 1440.95 642.65 19.1 42.1
MotorCyclist 1500.05 661.65 38.9 80.1
MotorCyclist 1289.6 710.4 90.4 225.2
Truck 1976.5 283.1 389 521.8
Car 1256.25 635.9 23.7 22.2
MotorCyclist 1316.05 612.9 29.3 33.4
Car 1363.7 640.3 23.0 21.4
MMcar 1634.4 637.55 50.8 53.9
Car 517.95 658.15 142.7 107.9
Car 316.2 683.95 91.2 57.9
TricycleOpenMotor 37.1 683.6 74.2 85.6
MotorCyclist 1741.5 667.2 23.8 50.0
MotorCyclist 1440.95 642.65 19.1 42.1
MotorCyclist 1500.05 661.65 38.9 80.1
MotorCyclist 1289.6 710.4 90.4 225.2
Truck 1976.5 283.1 389 521.8