MotorCyclist 1399.6 683.6 48.0 95.6
MotorCyclist 1293.9 654.75 15.0 31.9
Motorcycle 1604.85 668.4 58.5 49.6
LargeBus 1441.95 628.15 112.7 75.5
TricycleOpenMotor 1372.9 612.1 43.8 54.2
van 1731.2 665.0 147.2 115.2
Car 1245.2 656.9 30.0 25.0
Car 1332.25 652.4 21.3 17.6
Car 231.3 688.0 115.4 78.4
Car 1557.8 630.3 98.0 23.8
Motorcycle 39.4 754.5 56.4 51.4
MotorCyclist 1399.6 683.6 48.0 95.6
MotorCyclist 1293.9 654.75 15.0 31.9
Motorcycle 1604.85 668.4 58.5 49.6
LargeBus 1441.95 628.15 112.7 75.5
TricycleOpenMotor 1372.9 612.1 43.8 54.2
van 1731.2 665.0 147.2 115.2
Car 1245.2 656.9 30.0 25.0
Car 1332.25 652.4 21.3 17.6
Car 231.3 688.0 115.4 78.4
Car 1557.8 630.3 98.0 23.8