MotorCyclist 1215.5 621.2 31.4 67.6
Motorcycle 2371.25 768.4 120.1 138.0
Motorcycle 2165.95 709.6 99.9 110.0
Motorcycle 2056.05 719.85 115.7 80.5
Car 650.05 642.35 46.9 37.9
MotorCyclist 357.5 655.05 63.4 68.1
Motorcycle 1696.7 666.0 62.6 46.4
TricycleOpenMotor 1836.15 616.35 167.5 125.5
van 1539.0 611.0 87.2 112.0
Truck 1389.3 547.7 89.4 119.8
Car 1187.35 617.35 19.1 17.5
Car 1254.9 616.65 16.6 19.7
Car 1017.05 611.25 14.9 13.3
Car 1007.3 595.3 15.4 13.4
MotorCyclist 1211.35 623.2 8.7 20.0
Pedestrian 2476.1 596.05 23.4 94.9
Pedestrian 2423.1 599.4 22.2 92.4
Pedestrian 2372.3 589.55 23.4 95.9
Pedestrian 2405.25 590.0 18.1 92
Pedestrian 2295.65 598.25 26.9 90.1
Pedestrian 2314.05 598.25 26.9 90.1
Car 973.0 620.5 28.4 30.6
MotorCyclist 1259.9 667.25 63.0 150.9
MotorCyclist 1215.5 621.2 31.4 67.6
Motorcycle 2371.25 768.4 120.1 138.0
Motorcycle 2165.95 709.6 99.9 110.0
Motorcycle 2056.05 719.85 115.7 80.5
Car 650.05 642.35 46.9 37.9
MotorCyclist 357.5 655.05 63.4 68.1
Motorcycle 1696.7 666.0 62.6 46.4
TricycleOpenMotor 1836.15 616.35 167.5 125.5
van 1539.0 611.0 87.2 112.0
Truck 1389.3 547.7 89.4 119.8
Car 1187.35 617.35 19.1 17.5
Car 1254.9 616.65 16.6 19.7
Car 1017.05 611.25 14.9 13.3
Car 1007.3 595.3 15.4 13.4
MotorCyclist 1211.35 623.2 8.7 20.0
Pedestrian 2476.1 596.05 23.4 94.9
Pedestrian 2423.1 599.4 22.2 92.4
Pedestrian 2372.3 589.55 23.4 95.9
Pedestrian 2405.25 590.0 18.1 92
Pedestrian 2295.65 598.25 26.9 90.1
Pedestrian 2314.05 598.25 26.9 90.1
Car 973.0 620.5 28.4 30.6