MotorCyclist 1530.1 636.0 16.2 45.2
MotorCyclist 1711.5 660.8 55.4 104.8
MotorCyclist 1790.4 744.65 151.6 340.9
Motorcycle 2205.75 704.2 38.3 72.4
Motorcycle 2420.5 691.0 93 104.0
Motorcycle 2476.75 697.35 55.5 109.9
TricycleClosed 282.7 670.2 94.6 72.4
Car 1389.95 628.35 32.3 29.9
Car 1406.15 639.1 37.5 30.6
Car 1288.05 637.0 26.5 26.4
MMcar 1907.1 639.45 95.4 86.1
Car 1046.1 621.5 36.6 23
Pedestrian 1630.6 632.15 12.8 30.7
Pedestrian 60.45 715.25 26.1 74.1
van 2214.25 622.1 178.1 81.8
MotorCyclist 1530.1 636.0 16.2 45.2
MotorCyclist 1711.5 660.8 55.4 104.8
MotorCyclist 1790.4 744.65 151.6 340.9
Motorcycle 2205.75 704.2 38.3 72.4
Motorcycle 2420.5 691.0 93 104.0
Motorcycle 2476.75 697.35 55.5 109.9
TricycleClosed 282.7 670.2 94.6 72.4
Car 1389.95 628.35 32.3 29.9
Car 1406.15 639.1 37.5 30.6
Car 1288.05 637.0 26.5 26.4
MMcar 1907.1 639.45 95.4 86.1
Car 1046.1 621.5 36.6 23
Pedestrian 1630.6 632.15 12.8 30.7
Pedestrian 60.45 715.25 26.1 74.1