Car 1307.25 627.5 47.7 41.8
Car 1161.5 635.2 42.6 40.0
Car 1355.85 637.3 66.5 54.6
MotorCyclist 1619.55 634.4 24.7 65.6
MotorCyclist 2243.75 679.1 110.7 213.0
Pedestrian 2198.45 590.9 27.3 81.0
Pedestrian 2337.9 610.45 36.6 92.9
Pedestrian 2074.15 602.05 30.7 92.9
Pedestrian 1738.0 621.2 19.6 59.6
Pedestrian 613.65 656.05 13.7 34.1
MMcar 953.35 616.55 31.9 22.7
Car 869.25 616.5 47.7 23.0
Car 1307.25 627.5 47.7 41.8
Car 1161.5 635.2 42.6 40.0
Car 1355.85 637.3 66.5 54.6
MotorCyclist 1619.55 634.4 24.7 65.6
MotorCyclist 2243.75 679.1 110.7 213.0
Pedestrian 2198.45 590.9 27.3 81.0
Pedestrian 2337.9 610.45 36.6 92.9
Pedestrian 2074.15 602.05 30.7 92.9
Pedestrian 1738.0 621.2 19.6 59.6
Pedestrian 613.65 656.05 13.7 34.1
MMcar 953.35 616.55 31.9 22.7