MotorCyclist 1930.5 666.8 81 157.6
Pedestrian 1658.8 625.0 14.4 46.8
Pedestrian 1916.55 611.45 18.7 60.5
Pedestrian 2018.75 611.8 25.5 71.6
Pedestrian 2055.75 618.6 24.7 71.6
Motorcycle 2377.9 708.55 82.6 97.9
TricycleOpenMotor 1250.25 613.5 15.3 17.0
Car 1309.8 625.8 39.2 38.4
Car 1346.45 634.7 54.5 42.6
Car 1183.35 635.2 38.3 33.2
TricycleOpenMotor 1407.4 608.75 26.4 31.5
MotorCyclist 1134.75 616.1 12.7 35.8
MotorCyclist 1537.7 634.3 28.2 55.4
MotorCyclist 1930.5 666.8 81 157.6
Pedestrian 1658.8 625.0 14.4 46.8
Pedestrian 1916.55 611.45 18.7 60.5
Pedestrian 2018.75 611.8 25.5 71.6
Pedestrian 2055.75 618.6 24.7 71.6
Motorcycle 2377.9 708.55 82.6 97.9
TricycleOpenMotor 1250.25 613.5 15.3 17.0
Car 1309.8 625.8 39.2 38.4
Car 1346.45 634.7 54.5 42.6
Car 1183.35 635.2 38.3 33.2
TricycleOpenMotor 1407.4 608.75 26.4 31.5
MotorCyclist 1134.75 616.1 12.7 35.8