MotorCyclist 2185.8 662.5 66.4 121.8
MotorCyclist 1313.25 615.55 8.5 17.9
MotorCyclist 1057.2 613.95 7.6 17.9
MotorCyclist 1032.05 615.55 8.5 17.9
BiCyclist 1341.75 613.95 11.1 17.9
Car 807.9 617.8 68.2 32.4
Car 1143.25 652.2 80.9 70.8
Car 1380.1 611.3 36.6 29.8
Car 1425.75 638.15 97.1 83.5
Car 1521.2 662.9 117.6 95.4
Car 1600.4 678.25 197.6 139.7
Pedestrian 140.75 685.45 18.7 65.7
MotorCyclist 2185.8 662.5 66.4 121.8
MotorCyclist 1313.25 615.55 8.5 17.9
MotorCyclist 1057.2 613.95 7.6 17.9
MotorCyclist 1032.05 615.55 8.5 17.9
BiCyclist 1341.75 613.95 11.1 17.9
Car 807.9 617.8 68.2 32.4
Car 1143.25 652.2 80.9 70.8
Car 1380.1 611.3 36.6 29.8
Car 1425.75 638.15 97.1 83.5
Car 1521.2 662.9 117.6 95.4
Car 1600.4 678.25 197.6 139.7