Car 1337.95 628.85 57.9 54.5
Car 1400.1 648.85 87.0 67.3
Car 1155.55 639.85 51.1 46.1
MotorCyclist 1772.1 643.75 29.8 77.5
Pedestrian 505.95 662.95 12.7 37.5
Pedestrian 1897.25 635.25 21.3 67.3
Pedestrian 2404.65 602.9 34.1 115.0
Pedestrian 2501.05 594.3 39.3 115.0
Car 844.1 616.1 55.4 29.0
Car 1337.95 628.85 57.9 54.5
Car 1400.1 648.85 87.0 67.3
Car 1155.55 639.85 51.1 46.1
MotorCyclist 1772.1 643.75 29.8 77.5
Pedestrian 505.95 662.95 12.7 37.5
Pedestrian 1897.25 635.25 21.3 67.3
Pedestrian 2404.65 602.9 34.1 115.0
Pedestrian 2501.05 594.3 39.3 115.0