MotorCyclist 531.1 644.1 35.8 61.4
MotorCyclist 949.4 626.2 13.6 25.6
MotorCyclist 1008.65 612.6 9.3 18.8
Motorcycle 2490.85 611.75 46.1 44.3
Motorcycle 1678.8 626.2 20.4 32.4
Motorcycle 1496.45 624.5 34.1 29
Motorcycle 824.95 632.3 17.1 23.8
Pedestrian 237.05 663.8 20.5 73.2
Pedestrian 589.8 625.05 20.4 60.5
Car 756.9 606.75 81.8 37.5
Car 899.6 624.05 26.4 21.3
van 1386.15 590.1 17.9 17.8
Car 1481.9 601.65 42.6 40.9
Car 1644.6 594.75 71.6 37.5
Car 1077.2 706.3 235.2 213.0
Car 1932.25 688.5 387.7 279.4
MotorCyclist 112.6 672.65 64.8 125.3
MotorCyclist 531.1 644.1 35.8 61.4
MotorCyclist 949.4 626.2 13.6 25.6
MotorCyclist 1008.65 612.6 9.3 18.8
Motorcycle 2490.85 611.75 46.1 44.3
Motorcycle 1678.8 626.2 20.4 32.4
Motorcycle 1496.45 624.5 34.1 29
Motorcycle 824.95 632.3 17.1 23.8
Pedestrian 237.05 663.8 20.5 73.2
Pedestrian 589.8 625.05 20.4 60.5
Car 756.9 606.75 81.8 37.5
Car 899.6 624.05 26.4 21.3
van 1386.15 590.1 17.9 17.8
Car 1481.9 601.65 42.6 40.9
Car 1644.6 594.75 71.6 37.5
Car 1077.2 706.3 235.2 213.0
Car 1932.25 688.5 387.7 279.4