Pedestrian 549.3 651.15 29.0 68.7
MotorCyclist 604.65 642.95 12.1 52.3
MotorCyclist 778.05 654.3 21.3 48.6
MotorCyclist 847.4 628.45 15.2 41.7
Car 714.3 613.05 82.6 33.7
MMcar 860.8 620.95 47.2 29.1
Car 956.1 788.05 382.2 336.9
Car 1481.0 612.45 47.6 38.9
MotorCyclist 1518.45 634.1 13.3 31.8
Car 1619.6 606.25 79.6 41.7
Motorcycle 1696.45 632.45 22.9 33.7
Motorcycle 1688.95 634.0 43.5 21.6
TricycleOpenMotor 1801.5 640.65 45.8 52.9
Motorcycle 1918.2 611.45 48.8 34.9
Car 2113.45 757.45 297.7 440.9
MotorCyclist 430.45 659.0 32.5 60.0
Pedestrian 549.3 651.15 29.0 68.7
MotorCyclist 604.65 642.95 12.1 52.3
MotorCyclist 778.05 654.3 21.3 48.6
MotorCyclist 847.4 628.45 15.2 41.7
Car 714.3 613.05 82.6 33.7
MMcar 860.8 620.95 47.2 29.1
Car 956.1 788.05 382.2 336.9
Car 1481.0 612.45 47.6 38.9
MotorCyclist 1518.45 634.1 13.3 31.8
Car 1619.6 606.25 79.6 41.7
Motorcycle 1696.45 632.45 22.9 33.7
Motorcycle 1688.95 634.0 43.5 21.6
TricycleOpenMotor 1801.5 640.65 45.8 52.9
Motorcycle 1918.2 611.45 48.8 34.9
Car 2113.45 757.45 297.7 440.9