MotorCyclist 549.35 652.3 27.9 69.8
Pedestrian 614.05 645.35 15.3 50.7
MotorCyclist 732.75 657.35 27.5 56.3
MotorCyclist 804.7 638.15 19.0 43.1
Car 716.2 614.05 86.0 32.9
MMcar 861.75 622.6 28.7 30.0
Car 1480.3 615.35 45.4 43.9
MotorCyclist 1518.65 635.8 13.7 32.0
Car 1640.25 602.5 67.7 30.2
Motorcycle 1696.9 628.8 22.6 35.6
TricycleOpenMotor 1806.15 639.4 44.3 55.6
MotorCyclist 1985.85 659.1 49.3 98.2
Car 2113.3 746.8 297.8 450.4
Car 962.3 772.2 384.6 347.6
MotorCyclist 431.6 657.95 29.2 57.5
MotorCyclist 549.35 652.3 27.9 69.8
Pedestrian 614.05 645.35 15.3 50.7
MotorCyclist 732.75 657.35 27.5 56.3
MotorCyclist 804.7 638.15 19.0 43.1
Car 716.2 614.05 86.0 32.9
MMcar 861.75 622.6 28.7 30.0
Car 1480.3 615.35 45.4 43.9
MotorCyclist 1518.65 635.8 13.7 32.0
Car 1640.25 602.5 67.7 30.2
Motorcycle 1696.9 628.8 22.6 35.6
TricycleOpenMotor 1806.15 639.4 44.3 55.6
MotorCyclist 1985.85 659.1 49.3 98.2
Car 2113.3 746.8 297.8 450.4
Car 962.3 772.2 384.6 347.6