Car 1482.0 614.35 45.2 37.9
MotorCyclist 1522.0 637.75 19.2 29.1
Car 1641.2 606.1 58.0 37.0
Motorcycle 1700.6 632.85 20.0 32.1
TricycleOpenMotor 1802.7 635.85 46.6 54.1
Motorcycle 1929.85 615.55 48.5 33.1
MotorCyclist 880.15 628.6 15.5 40.0
Car 714.5 615.4 83.8 33.2
MotorCyclist 614.45 656.4 37.3 60.8
Pedestrian 541.6 627.05 15.6 50.5
Pedestrian 578.6 644.6 14.4 37.2
MotorCyclist 436.3 662.05 27.4 59.7
Car 950.95 781.9 386.3 345.0
Car 2107.15 749.1 301.9 460.6
Car 1448.8 602.65 39.2 20.5
Car 1482.0 614.35 45.2 37.9
MotorCyclist 1522.0 637.75 19.2 29.1
Car 1641.2 606.1 58.0 37.0
Motorcycle 1700.6 632.85 20.0 32.1
TricycleOpenMotor 1802.7 635.85 46.6 54.1
Motorcycle 1929.85 615.55 48.5 33.1
MotorCyclist 880.15 628.6 15.5 40.0
Car 714.5 615.4 83.8 33.2
MotorCyclist 614.45 656.4 37.3 60.8
Pedestrian 541.6 627.05 15.6 50.5
Pedestrian 578.6 644.6 14.4 37.2
MotorCyclist 436.3 662.05 27.4 59.7
Car 950.95 781.9 386.3 345.0
Car 2107.15 749.1 301.9 460.6