MotorCyclist 1526.2 637.7 14.0 28.2
Car 1633.8 602.55 77.2 33.9
Motorcycle 1695.0 636.45 21.6 31.3
Motorcycle 1685.8 634.35 44.8 22.7
TricycleOpenMotor 1805.9 638.2 44.6 54.0
Motorcycle 1924.2 621.8 44.4 26.4
Car 710.3 613.75 82.2 33.1
MotorCyclist 815.0 641.35 20.4 49.1
MotorCyclist 888.1 631.35 15.8 33.1
MMcar 863.65 624.6 26.9 28.0
MotorCyclist 555.7 656.75 35.4 65.1
MotorCyclist 436.25 662.15 25.7 64.7
Car 954.7 780.95 387.8 341.5
Car 2115.1 771.3 296.6 427.8
Car 1481.75 612.25 47.9 38.5
MotorCyclist 1526.2 637.7 14.0 28.2
Car 1633.8 602.55 77.2 33.9
Motorcycle 1695.0 636.45 21.6 31.3
Motorcycle 1685.8 634.35 44.8 22.7
TricycleOpenMotor 1805.9 638.2 44.6 54.0
Motorcycle 1924.2 621.8 44.4 26.4
Car 710.3 613.75 82.2 33.1
MotorCyclist 815.0 641.35 20.4 49.1
MotorCyclist 888.1 631.35 15.8 33.1
MMcar 863.65 624.6 26.9 28.0
MotorCyclist 555.7 656.75 35.4 65.1
MotorCyclist 436.25 662.15 25.7 64.7
Car 954.7 780.95 387.8 341.5
Car 2115.1 771.3 296.6 427.8