MotorCyclist 112.15 692.6 61.5 94.4
MotorCyclist 173.75 686.0 39.5 81.2
MotorCyclist 909.55 627.75 14.3 35.1
MotorCyclist 955.7 632.2 9.8 26.4
MotorCyclist 1493.5 636.55 27.4 43.9
Motorcycle 781.2 648.1 20.8 23.0
Motorcycle 1698.1 638.2 24.2 34.0
Pedestrian 679.1 633.8 23.0 51.6
Pedestrian 1889.65 580.65 16.5 41.7
Car 711.5 625.55 83.4 39.5
MMcar 860.2 628.9 25.2 28.6
Car 970.0 621.2 20.8 17.6
Car 1646.0 607.45 73.6 38.5
van 1373.3 606.35 19.8 18.7
Car 1038.5 735.9 281 251.4
Car 1981.9 711.25 385.4 320.5
Pedestrian 530.3 629.95 11.0 43.9
MotorCyclist 542.4 663.5 22.0 53.8
MotorCyclist 112.15 692.6 61.5 94.4
MotorCyclist 173.75 686.0 39.5 81.2
MotorCyclist 909.55 627.75 14.3 35.1
MotorCyclist 955.7 632.2 9.8 26.4
MotorCyclist 1493.5 636.55 27.4 43.9
Motorcycle 781.2 648.1 20.8 23.0
Motorcycle 1698.1 638.2 24.2 34.0
Pedestrian 679.1 633.8 23.0 51.6
Pedestrian 1889.65 580.65 16.5 41.7
Car 711.5 625.55 83.4 39.5
MMcar 860.2 628.9 25.2 28.6
Car 970.0 621.2 20.8 17.6
Car 1646.0 607.45 73.6 38.5
van 1373.3 606.35 19.8 18.7
Car 1038.5 735.9 281 251.4
Car 1981.9 711.25 385.4 320.5
Pedestrian 530.3 629.95 11.0 43.9