MotorCyclist 545.7 660.2 28.6 60.4
MotorCyclist 1346.9 642.6 19.8 38.4
MotorCyclist 1778.35 662.9 35.1 87.8
MotorCyclist 2130.05 676.6 80.1 137.2
Car 565.55 637.65 103.1 46.1
MMcar 744.35 642.6 39.5 38.4
Car 885.5 638.25 23 20.9
Car 1396.9 626.15 45.0 23.1
Car 1091.8 689.25 128.4 122.9
Car 1490.25 668.9 170.1 135.0
TricycleOpenMotor 1935.25 631.7 72.5 95.4
Car 2271.7 915.95 192.2 325.9
Motorcycle 1804.55 640.4 48.3 34.0
TricycleOpenMotor 2405.55 623.9 86.7 62.6
Motorcycle 2302.9 610.85 87.8 62.5
Motorcycle 656.05 669.0 20.9 29.6
Pedestrian 1727.25 615.8 25.3 63.6
Pedestrian 314.7 649.75 18.6 57.1
MotorCyclist 375.55 686.55 35.1 73.5
MotorCyclist 545.7 660.2 28.6 60.4
MotorCyclist 1346.9 642.6 19.8 38.4
MotorCyclist 1778.35 662.9 35.1 87.8
MotorCyclist 2130.05 676.6 80.1 137.2
Car 565.55 637.65 103.1 46.1
MMcar 744.35 642.6 39.5 38.4
Car 885.5 638.25 23 20.9
Car 1396.9 626.15 45.0 23.1
Car 1091.8 689.25 128.4 122.9
Car 1490.25 668.9 170.1 135.0
TricycleOpenMotor 1935.25 631.7 72.5 95.4
Car 2271.7 915.95 192.2 325.9
Motorcycle 1804.55 640.4 48.3 34.0
TricycleOpenMotor 2405.55 623.9 86.7 62.6
Motorcycle 2302.9 610.85 87.8 62.5
Motorcycle 656.05 669.0 20.9 29.6
Pedestrian 1727.25 615.8 25.3 63.6
Pedestrian 314.7 649.75 18.6 57.1