MotorCyclist 1955.05 616.9 54.9 87.8
MotorCyclist 1586.25 644.8 32.9 60.4
MotorCyclist 1558.75 649.2 26.3 69.2
Car 445.85 638.75 118.5 57.1
MMcar 648.85 643.7 46.1 45.0
Car 843.15 637.7 30.7 24.2
Car 1080.8 667.85 106.4 97.7
Car 1347.5 650.25 113.0 93.3
Car 1527.0 613.45 76.8 41.7
Car 1749.15 613.6 117.5 59.2
Car 1893.1 780.35 444.6 340.3
Pedestrian 355.8 671.2 17.6 60.4
MotorCyclist 1955.05 616.9 54.9 87.8
MotorCyclist 1586.25 644.8 32.9 60.4
MotorCyclist 1558.75 649.2 26.3 69.2
Car 445.85 638.75 118.5 57.1
MMcar 648.85 643.7 46.1 45.0
Car 843.15 637.7 30.7 24.2
Car 1080.8 667.85 106.4 97.7
Car 1347.5 650.25 113.0 93.3
Car 1527.0 613.45 76.8 41.7
Car 1749.15 613.6 117.5 59.2
Car 1893.1 780.35 444.6 340.3