MotorCyclist 1818.85 615.25 46.1 75.7
MotorCyclist 1661.95 643.1 35.1 83.4
MotorCyclist 1343.05 626.1 20.9 36.2
MotorCyclist 259.35 679.4 43.9 81.2
Pedestrian 453.5 649.2 24.2 69.2
Car 528.2 631.05 103.2 50.5
MMcar 704.4 644.8 42.8 38.4
van 946.9 619.55 27.4 18.7
Car 1097.3 672.8 113.0 107.6
Car 1420.45 653.0 136.1 112.0
Car 1713.05 614.0 97.7 51.6
Car 2057.65 813.8 334.9 394.0
Motorcycle 2154.25 623.35 75.7 74.7
Motorcycle 1912.15 623.35 61.5 43.9
Motorcycle 1745.9 636.55 23.0 39.5
Motorcycle 613.85 673.4 19.7 29.6
MotorCyclist 2054.35 653.0 64.7 116.4
MotorCyclist 1818.85 615.25 46.1 75.7
MotorCyclist 1661.95 643.1 35.1 83.4
MotorCyclist 1343.05 626.1 20.9 36.2
MotorCyclist 259.35 679.4 43.9 81.2
Pedestrian 453.5 649.2 24.2 69.2
Car 528.2 631.05 103.2 50.5
MMcar 704.4 644.8 42.8 38.4
van 946.9 619.55 27.4 18.7
Car 1097.3 672.8 113.0 107.6
Car 1420.45 653.0 136.1 112.0
Car 1713.05 614.0 97.7 51.6
Car 2057.65 813.8 334.9 394.0
Motorcycle 2154.25 623.35 75.7 74.7
Motorcycle 1912.15 623.35 61.5 43.9
Motorcycle 1745.9 636.55 23.0 39.5
Motorcycle 613.85 673.4 19.7 29.6