MotorCyclist 763.05 655.25 19.7 41.7
MotorCyclist 829.45 647.0 20.9 38.4
MotorCyclist 1391.95 647.0 21.9 34
MotorCyclist 2070.85 673.9 53.7 101.0
MotorCyclist 2446.15 684.3 75.9 165.8
Motorcycle 1508.35 655.25 21.9 32.9
Motorcycle 2315.55 610.3 77.9 52.6
Motorcycle 2234.9 615.65 79.0 50.5
Motorcycle 2172.8 615.65 73.6 54.9
Car 659.8 631.6 103.2 42.8
Car 944.15 634.4 26.3 17.6
van 1003.95 623.95 18.7 14.3
van 1351.3 617.9 19.8 15.4
Car 1476.45 624.45 46.1 37.3
Car 1652.55 625.55 99.9 61.5
Car 1696.0 683.7 243.6 191.0
Car 1096.15 707.35 181.1 163.5
Pedestrian 466.15 638.2 14.3 47.2
Pedestrian 649.45 644.8 16.5 51.6
MotorCyclist 189.5 700.3 45.0 83.4
MotorCyclist 763.05 655.25 19.7 41.7
MotorCyclist 829.45 647.0 20.9 38.4
MotorCyclist 1391.95 647.0 21.9 34
MotorCyclist 2070.85 673.9 53.7 101.0
MotorCyclist 2446.15 684.3 75.9 165.8
Motorcycle 1508.35 655.25 21.9 32.9
Motorcycle 2315.55 610.3 77.9 52.6
Motorcycle 2234.9 615.65 79.0 50.5
Motorcycle 2172.8 615.65 73.6 54.9
Car 659.8 631.6 103.2 42.8
Car 944.15 634.4 26.3 17.6
van 1003.95 623.95 18.7 14.3
van 1351.3 617.9 19.8 15.4
Car 1476.45 624.45 46.1 37.3
Car 1652.55 625.55 99.9 61.5
Car 1696.0 683.7 243.6 191.0
Car 1096.15 707.35 181.1 163.5
Pedestrian 466.15 638.2 14.3 47.2
Pedestrian 649.45 644.8 16.5 51.6