MotorCyclist 1805.25 675.5 84.5 170.2
Motorcycle 2384.65 653.0 88.9 90
Motorcycle 2268.85 648.6 54.9 85.6
Motorcycle 2125.65 747.95 71.3 130.7
Car 22.0 649.15 44 82.3
Car 100.2 629.95 90.0 70.3
Car 231.3 667.95 238.2 172.3
Car 713.6 637.1 30.8 27.4
Car 1095.55 645.9 79.1 62.6
Car 1586.2 618.95 68.0 39.5
Car 1639.4 618.4 86.8 47.2
Car 1743.8 608.65 132.8 71.3
Car 1939.65 634.95 199.7 150.3
Car 1180.7 719.95 288.6 228.3
van 797.1 616.25 57.0 34.1
van 876.15 621.75 39.5 27.5
Car 2489.05 644.2 47.3 116.4
Motorcycle 2533.45 846.2 17.7 90.0
MotorCyclist 1511.65 638.75 32.9 65.9
MotorCyclist 1805.25 675.5 84.5 170.2
Motorcycle 2384.65 653.0 88.9 90
Motorcycle 2268.85 648.6 54.9 85.6
Motorcycle 2125.65 747.95 71.3 130.7
Car 22.0 649.15 44 82.3
Car 100.2 629.95 90.0 70.3
Car 231.3 667.95 238.2 172.3
Car 713.6 637.1 30.8 27.4
Car 1095.55 645.9 79.1 62.6
Car 1586.2 618.95 68.0 39.5
Car 1639.4 618.4 86.8 47.2
Car 1743.8 608.65 132.8 71.3
Car 1939.65 634.95 199.7 150.3
Car 1180.7 719.95 288.6 228.3
van 797.1 616.25 57.0 34.1
van 876.15 621.75 39.5 27.5
Car 2489.05 644.2 47.3 116.4
Motorcycle 2533.45 846.2 17.7 90.0