MotorCyclist 79.4 671.9 74.0 86.2
MotorCyclist 284.35 677.75 35.5 57.5
PersonSitting 234.2 674.55 18.4 45.1
TricycleClosed 386.25 629.15 71.7 76.7
Car 501.6 654.4 76.8 41.6
Car 587.8 633.9 70.0 49.8
Car 737.3 620.45 78.6 69.3
van 813.25 620.6 48.1 22.8
Car 921.2 623.05 36.4 34.5
Car 986.1 714.9 280.6 231.0
Car 1260.5 618.15 45.8 39.5
Pedestrian 1355.4 618.75 9.2 26.3
MotorCyclist 1398.35 627.6 11.5 32.4
Car 1408.45 617.0 25.3 30
MotorCyclist 1502.9 641.05 25.8 62.1
Car 1590.2 610.7 86.4 43.4
Motorcycle 1671.95 671.6 33.9 52.8
Pedestrian 1726.55 627.25 11.1 51.3
Pedestrian 1763.55 642.2 18.7 72.0
Car 1830.55 621.65 105.1 48.1
Car 1782.95 618.2 95.5 48.0
MotorCyclist 1912.15 672.6 66.3 162.8
Car 2208.1 601.5 234.6 133.0
Pedestrian 27.15 667.45 20.3 68.1
MotorCyclist 79.4 671.9 74.0 86.2
MotorCyclist 284.35 677.75 35.5 57.5
PersonSitting 234.2 674.55 18.4 45.1
TricycleClosed 386.25 629.15 71.7 76.7
Car 501.6 654.4 76.8 41.6
Car 587.8 633.9 70.0 49.8
Car 737.3 620.45 78.6 69.3
van 813.25 620.6 48.1 22.8
Car 921.2 623.05 36.4 34.5
Car 986.1 714.9 280.6 231.0
Car 1260.5 618.15 45.8 39.5
Pedestrian 1355.4 618.75 9.2 26.3
MotorCyclist 1398.35 627.6 11.5 32.4
Car 1408.45 617.0 25.3 30
MotorCyclist 1502.9 641.05 25.8 62.1
Car 1590.2 610.7 86.4 43.4
Motorcycle 1671.95 671.6 33.9 52.8
Pedestrian 1726.55 627.25 11.1 51.3
Pedestrian 1763.55 642.2 18.7 72.0
Car 1830.55 621.65 105.1 48.1
Car 1782.95 618.2 95.5 48.0
MotorCyclist 1912.15 672.6 66.3 162.8
Car 2208.1 601.5 234.6 133.0