Car 1005.85 658.7 42.9 43.4
MotorCyclist 1205.2 654.5 19.2 34.6
van 1262.45 644.6 37.7 38.4
Car 1390.15 635.3 62.3 36.2
LightTruck 1430.2 631.3 90.4 55.4
MotorCyclist 1336.5 665.8 20.6 57.2
Car 1587.75 640.7 133.9 61.4
MotorCyclist 1503.3 685.45 51.0 131.3
Car 1900.2 625.8 147.6 62.0
Car 1872.3 666.2 199.0 84.0
Pedestrian 2038.5 677.15 31.0 100.7
Pedestrian 2121.25 663.55 34.5 96.7
Car 2089.7 660.05 239.8 90.1
Pedestrian 2345.7 706.15 57.0 188.7
Motorcycle 2111.05 797.5 138.9 151.8
Motorcycle 2434.95 655.1 54.3 71.8
Motorcycle 2477.95 767.45 54.7 105.3
van 544.4 651.55 63.6 28.3
van 355.6 655.4 90.0 45.6
Car 158.25 658.6 93.3 43.2
Car 72.4 671.1 98.8 70.2
Car 25.35 672.6 50.7 152.4
Car 727.0 733.05 257.6 208.1
Car 1049.1 646.55 31.0 31.9
Car 1005.85 658.7 42.9 43.4
MotorCyclist 1205.2 654.5 19.2 34.6
van 1262.45 644.6 37.7 38.4
Car 1390.15 635.3 62.3 36.2
LightTruck 1430.2 631.3 90.4 55.4
MotorCyclist 1336.5 665.8 20.6 57.2
Car 1587.75 640.7 133.9 61.4
MotorCyclist 1503.3 685.45 51.0 131.3
Car 1900.2 625.8 147.6 62.0
Car 1872.3 666.2 199.0 84.0
Pedestrian 2038.5 677.15 31.0 100.7
Pedestrian 2121.25 663.55 34.5 96.7
Car 2089.7 660.05 239.8 90.1
Pedestrian 2345.7 706.15 57.0 188.7
Motorcycle 2111.05 797.5 138.9 151.8
Motorcycle 2434.95 655.1 54.3 71.8
Motorcycle 2477.95 767.45 54.7 105.3
van 544.4 651.55 63.6 28.3
van 355.6 655.4 90.0 45.6
Car 158.25 658.6 93.3 43.2
Car 72.4 671.1 98.8 70.2
Car 25.35 672.6 50.7 152.4
Car 727.0 733.05 257.6 208.1