MotorCyclist 1522.5 657.15 26.2 61.9
Pedestrian 1602.75 647.2 18.7 50.0
Car 1455.05 623.3 49.7 28.2
Car 1529.95 625.4 64.3 28.0
Car 1627.85 632.2 100.1 38.8
Car 1689.15 634.75 100.3 34.3
Car 1852.9 622.2 166.6 66.8
Pedestrian 2086.1 639.35 23.8 95.5
Pedestrian 2179.35 656.4 18.3 83.2
Car 2223.1 671.9 224.6 241.8
MotorCyclist 1837.65 706.6 82.5 166.0
van 763.85 633.95 69.3 31.1
Car 730.65 644.4 47.3 41.6
Car 662.6 654.55 57.2 31.9
MotorCyclist 664.4 662.95 21.2 39.9
MotorCyclist 444.25 661.7 30.9 57.4
Pedestrian 339.9 657.15 19.8 53.9
MMcar 34.6 684.55 69.2 94.3
Car 1075.85 749.75 285.3 223.9
Pedestrian 2118.1 648.15 28.2 88.7
Car 1532.55 624.5 62.3 29.4
MotorCyclist 1522.5 657.15 26.2 61.9
Pedestrian 1602.75 647.2 18.7 50.0
Car 1455.05 623.3 49.7 28.2
Car 1529.95 625.4 64.3 28.0
Car 1627.85 632.2 100.1 38.8
Car 1689.15 634.75 100.3 34.3
Car 1852.9 622.2 166.6 66.8
Pedestrian 2086.1 639.35 23.8 95.5
Pedestrian 2179.35 656.4 18.3 83.2
Car 2223.1 671.9 224.6 241.8
MotorCyclist 1837.65 706.6 82.5 166.0
van 763.85 633.95 69.3 31.1
Car 730.65 644.4 47.3 41.6
Car 662.6 654.55 57.2 31.9
MotorCyclist 664.4 662.95 21.2 39.9
MotorCyclist 444.25 661.7 30.9 57.4
Pedestrian 339.9 657.15 19.8 53.9
MMcar 34.6 684.55 69.2 94.3
Car 1075.85 749.75 285.3 223.9
Pedestrian 2118.1 648.15 28.2 88.7