van 713.65 637.35 57.3 28.3
Car 574.35 639.4 96.7 78.0
van 360.05 652.35 86.1 58.3
Car 188.35 680.15 115.1 58.3
Car 1200.0 633.85 37.6 34.5
Pedestrian 1318.6 630.55 10.4 30.3
MotorCyclist 1346.8 641.05 9.6 34.9
Car 1383.35 631.55 35.5 35.5
TricycleOpenMotor 1532.1 621.85 90.6 46.5
MotorCyclist 1475.0 643.85 25.6 64.9
Car 1623.75 621.9 103.1 55.8
MotorCyclist 1685.8 678.95 72.4 134.7
Car 1881.15 641.45 161.9 73.7
Pedestrian 1918.55 648.25 49.1 75.3
Motorcycle 1913.95 728.9 69.9 89.8
Pedestrian 2066.1 670.1 47.4 122.2
Motorcycle 2234.75 699.25 66.3 83.3
Motorcycle 2298.8 660.3 28.0 47.8
Motorcycle 2415.15 663.6 77.1 70.4
Car 933.85 721.75 253.7 202.3
MotorCyclist 146.85 692.65 53.7 76.9
van 713.65 637.35 57.3 28.3
Car 574.35 639.4 96.7 78.0
van 360.05 652.35 86.1 58.3
Car 188.35 680.15 115.1 58.3
Car 1200.0 633.85 37.6 34.5
Pedestrian 1318.6 630.55 10.4 30.3
MotorCyclist 1346.8 641.05 9.6 34.9
Car 1383.35 631.55 35.5 35.5
TricycleOpenMotor 1532.1 621.85 90.6 46.5
MotorCyclist 1475.0 643.85 25.6 64.9
Car 1623.75 621.9 103.1 55.8
MotorCyclist 1685.8 678.95 72.4 134.7
Car 1881.15 641.45 161.9 73.7
Pedestrian 1918.55 648.25 49.1 75.3
Motorcycle 1913.95 728.9 69.9 89.8
Pedestrian 2066.1 670.1 47.4 122.2
Motorcycle 2234.75 699.25 66.3 83.3
Motorcycle 2298.8 660.3 28.0 47.8
Motorcycle 2415.15 663.6 77.1 70.4
Car 933.85 721.75 253.7 202.3