Car 1232.45 667.35 35.3 32.7
MotorCyclist 1554.95 687.65 37.5 96.9
TricycleClosed 1737.25 659.85 54.5 99.3
Car 1792.6 689.6 70.4 60.8
Motorcycle 2099.85 759.2 99.7 66.0
Motorcycle 2307.2 769.8 126.4 76.0
Pedestrian 2406.2 701.35 75.6 207.1
MotorCyclist 457.85 696.15 38.9 52.3
MotorCyclist 728.2 673.3 18.4 40.6
TricycleClosed 1403.7 668.6 19.4 32.0
Pedestrian 2529.7 779.8 20.2 157.6
Car 1246.0 662.55 29.6 21.9
Car 1232.45 667.35 35.3 32.7
MotorCyclist 1554.95 687.65 37.5 96.9
TricycleClosed 1737.25 659.85 54.5 99.3
Car 1792.6 689.6 70.4 60.8
Motorcycle 2099.85 759.2 99.7 66.0
Motorcycle 2307.2 769.8 126.4 76.0
Pedestrian 2406.2 701.35 75.6 207.1
MotorCyclist 457.85 696.15 38.9 52.3
MotorCyclist 728.2 673.3 18.4 40.6
TricycleClosed 1403.7 668.6 19.4 32.0
Pedestrian 2529.7 779.8 20.2 157.6