LargeBus 560.1 606.35 63.8 62.3
Car 785.0 649.8 46.8 41.6
Car 846.2 636.8 26.8 29.2
TricycleOpenMotor 934.9 635.7 10.2 25.8
MotorCyclist 977.0 632.4 8.4 19.6
MotorCyclist 1015.75 643.35 14.7 43.1
Pedestrian 1054.5 635.55 10.6 37.1
MotorCyclist 1089.35 652.2 18.7 62.8
Car 1122.1 633.85 40.2 45.7
van 1242.25 621.25 73.7 40.9
Car 1267.45 631.65 81.7 45.7
LightTruck 1334.65 617.25 132.1 77.7
Car 1552.45 635.2 231.3 92.0
MotorCyclist 1196.05 686.35 46.1 125.1
Car 154.5 783.4 309 312.4
Car 2143.75 625.5 277.5 120.2
Car 2253.7 689.15 204.2 193.5
van 647.5 633.45 35 36.5
LargeBus 560.1 606.35 63.8 62.3
Car 785.0 649.8 46.8 41.6
Car 846.2 636.8 26.8 29.2
TricycleOpenMotor 934.9 635.7 10.2 25.8
MotorCyclist 977.0 632.4 8.4 19.6
MotorCyclist 1015.75 643.35 14.7 43.1
Pedestrian 1054.5 635.55 10.6 37.1
MotorCyclist 1089.35 652.2 18.7 62.8
Car 1122.1 633.85 40.2 45.7
van 1242.25 621.25 73.7 40.9
Car 1267.45 631.65 81.7 45.7
LightTruck 1334.65 617.25 132.1 77.7
Car 1552.45 635.2 231.3 92.0
MotorCyclist 1196.05 686.35 46.1 125.1
Car 154.5 783.4 309 312.4
Car 2143.75 625.5 277.5 120.2
Car 2253.7 689.15 204.2 193.5