Car 1496.75 652.0 26.7 23.6
Car 1463.0 656.8 38.8 33.6
MotorCyclist 1616.05 667.15 32.1 81.1
TricycleClosed 1746.15 640.6 35.9 60.0
Car 1850.05 665.4 58.9 40.0
MotorCyclist 1854.05 685.9 35.7 79.8
Pedestrian 1912.95 659.9 31.5 61.8
MotorCyclist 2256.45 739.0 94.1 193.2
Car 2360.05 689.35 133.3 231.5
MotorCyclist 1960.2 808.2 167.6 361.6
van 134.15 684.7 177.1 74.2
Car 1496.75 652.0 26.7 23.6
Car 1463.0 656.8 38.8 33.6
MotorCyclist 1616.05 667.15 32.1 81.1
TricycleClosed 1746.15 640.6 35.9 60.0
Car 1850.05 665.4 58.9 40.0
MotorCyclist 1854.05 685.9 35.7 79.8
Pedestrian 1912.95 659.9 31.5 61.8
MotorCyclist 2256.45 739.0 94.1 193.2
Car 2360.05 689.35 133.3 231.5
MotorCyclist 1960.2 808.2 167.6 361.6