Car 1756.1 646.65 173.0 84.9
van 1716.85 637.15 147.3 67.9
MotorCyclist 1364.8 708.65 69.6 184.5
Car 1515.25 654.6 92.5 90.0
MotorCyclist 1325.2 669.4 19.2 51.6
MotorCyclist 1231.8 668.25 28.4 69.3
Car 1145.15 643.35 27.9 22.3
Car 1093.3 655.25 41.4 35.3
van 508.55 651.6 93.1 71.6
van 246.7 669.3 113.0 51.8
Motorcycle 156.55 699.55 57.1 37.9
TricycleOpenMotor 2109.1 624.5 300.6 191.0
Car 1756.1 646.65 173.0 84.9
van 1716.85 637.15 147.3 67.9
MotorCyclist 1364.8 708.65 69.6 184.5
Car 1515.25 654.6 92.5 90.0
MotorCyclist 1325.2 669.4 19.2 51.6
MotorCyclist 1231.8 668.25 28.4 69.3
Car 1145.15 643.35 27.9 22.3
Car 1093.3 655.25 41.4 35.3
van 508.55 651.6 93.1 71.6
van 246.7 669.3 113.0 51.8
Motorcycle 156.55 699.55 57.1 37.9