Car 872.25 659.05 46.5 40.1
MotorCyclist 1094.55 658.05 18.3 40.9
MotorCyclist 1128.05 667.05 26.1 63.7
MotorCyclist 1146.05 640.4 25.3 29.2
van 1232.1 654.05 50.2 54.5
van 1360.05 638.1 99.3 47.0
Car 1373.45 637.2 119.7 60.4
LightTruck 1484.05 624.35 163.3 95.5
MotorCyclist 1209.55 697.55 55.9 132.3
Car 1818.45 649.6 313.7 128.8
Car 80.65 862.85 161.3 348.5
van 289.1 664.5 81.4 38.6
LargeBus 488.25 615.45 100.1 83.3
van 680.85 644.45 35.3 32.9
Car 934.0 645.85 28.8 27.3
Car 872.25 659.05 46.5 40.1
MotorCyclist 1094.55 658.05 18.3 40.9
MotorCyclist 1128.05 667.05 26.1 63.7
MotorCyclist 1146.05 640.4 25.3 29.2
van 1232.1 654.05 50.2 54.5
van 1360.05 638.1 99.3 47.0
Car 1373.45 637.2 119.7 60.4
LightTruck 1484.05 624.35 163.3 95.5
MotorCyclist 1209.55 697.55 55.9 132.3
Car 1818.45 649.6 313.7 128.8
Car 80.65 862.85 161.3 348.5
van 289.1 664.5 81.4 38.6
LargeBus 488.25 615.45 100.1 83.3
van 680.85 644.45 35.3 32.9