MotorCyclist 858.7 646.1 17.8 41.0
MotorCyclist 999.35 627.5 18.3 35.8
MotorCyclist 1066.5 623.0 11.8 27.2
Pedestrian 1492.45 628.65 10.5 23.3
MotorCyclist 1607.7 618.35 18.2 19.5
Car 1390.25 623.65 32.1 23.7
Pedestrian 1337.6 608.6 6.8 22.8
Car 1283.9 643.2 44.6 36.0
TricycleClosed 1669.15 660.45 40.3 66.1
HeavyTruck 1780.95 589.0 207.5 54.4
Pedestrian 781.6 635.0 13.2 38
MotorCyclist 858.7 646.1 17.8 41.0
MotorCyclist 999.35 627.5 18.3 35.8
MotorCyclist 1066.5 623.0 11.8 27.2
Pedestrian 1492.45 628.65 10.5 23.3
MotorCyclist 1607.7 618.35 18.2 19.5
Car 1390.25 623.65 32.1 23.7
Pedestrian 1337.6 608.6 6.8 22.8
Car 1283.9 643.2 44.6 36.0
TricycleClosed 1669.15 660.45 40.3 66.1
HeavyTruck 1780.95 589.0 207.5 54.4