Pedestrian 422.75 662.15 30.7 51.1
MotorCyclist 551.35 659.05 47.5 72.1
MotorCyclist 750.7 654.9 29.8 41.4
MotorCyclist 907.25 640.95 27.7 33.1
Car 1469.2 634.1 38.8 23.4
Car 1299.85 651.6 50.1 41.2
TricycleClosed 1827.45 663.1 100.1 135.4
HeavyTruck 1834.05 590.7 196.5 68.2
HeavyTruck 2003.55 581.7 143.9 57.0
MotorCyclist 42.8 725.5 85.6 134.2
Pedestrian 422.75 662.15 30.7 51.1
MotorCyclist 551.35 659.05 47.5 72.1
MotorCyclist 750.7 654.9 29.8 41.4
MotorCyclist 907.25 640.95 27.7 33.1
Car 1469.2 634.1 38.8 23.4
Car 1299.85 651.6 50.1 41.2
TricycleClosed 1827.45 663.1 100.1 135.4
HeavyTruck 1834.05 590.7 196.5 68.2
HeavyTruck 2003.55 581.7 143.9 57.0