Car 461.5 693.3 95 39.4
MotorCyclist 934.6 679.8 29.2 33.6
MotorCyclist 1368.3 670.4 27.8 24.0
van 1587.3 656.6 31.4 20.8
Car 2018.75 674.5 84.7 65.4
Pedestrian 2399.35 653.45 7.9 25.3
Car 2458.65 649.7 22.9 24.2
Car 2490.7 650.5 46.2 27.0
TricycleOpenHuman 177.25 694.5 194.5 123.8
Car 461.5 693.3 95 39.4
MotorCyclist 934.6 679.8 29.2 33.6
MotorCyclist 1368.3 670.4 27.8 24.0
van 1587.3 656.6 31.4 20.8
Car 2018.75 674.5 84.7 65.4
Pedestrian 2399.35 653.45 7.9 25.3
Car 2458.65 649.7 22.9 24.2
Car 2490.7 650.5 46.2 27.0