BiCyclist 1989.7 652.3 82.6 175.4
BiCyclist 2121.8 655.0 130.0 156.4
van 1599.2 610.5 76.4 50.2
van 1507.35 619.35 79.9 43.1
Car 1308.85 630.55 68.5 40.7
Car 1115.45 626.85 92.9 35.7
Car 812.95 645.9 67.5 58.6
Car 703.3 632.2 25.0 22.4
HeavyTruck 1877.95 523.65 454.7 118.5
BiCyclist 1989.7 652.3 82.6 175.4
BiCyclist 2121.8 655.0 130.0 156.4
van 1599.2 610.5 76.4 50.2
van 1507.35 619.35 79.9 43.1
Car 1308.85 630.55 68.5 40.7
Car 1115.45 626.85 92.9 35.7
Car 812.95 645.9 67.5 58.6
Car 703.3 632.2 25.0 22.4