TricycleOpenMotor 612.7 610.05 108.2 69.7
Car 1180.9 596.05 58.2 28.5
MotorCyclist 1821.0 564.0 16.4 34.0
van 1916.2 548.7 23.2 17.8
Car 1584.4 576.0 108.4 66.8
Car 2043.25 550.65 129.7 109.3
BiCyclist 2333.85 531.1 18.1 51.8
BiCyclist 2400.45 527.9 21.3 57.0
HeavyTruck 2484.7 398.2 48.6 315.2
Truck 178.6 616.3 48.8 45.8
TricycleOpenMotor 612.7 610.05 108.2 69.7
Car 1180.9 596.05 58.2 28.5
MotorCyclist 1821.0 564.0 16.4 34.0
van 1916.2 548.7 23.2 17.8
Car 1584.4 576.0 108.4 66.8
Car 2043.25 550.65 129.7 109.3
BiCyclist 2333.85 531.1 18.1 51.8
BiCyclist 2400.45 527.9 21.3 57.0
HeavyTruck 2484.7 398.2 48.6 315.2