Car 857.95 636.05 25.9 24.5
Car 1063.05 658.5 66.5 60.6
Car 1312.55 641.7 59.1 29.0
Car 1410.05 645.0 53.3 30
Car 1529.7 643.55 60.2 31.5
van 1612.05 636.35 66.9 36.7
HeavyTruck 1774.9 588.95 243.8 77.9
BiCyclist 1887.35 665.5 37.9 89.4
BiCyclist 1952.55 671.4 36.3 82.0
BiCyclist 2106.5 658.6 37.8 86.0
HeavyTruck 2078.05 577.0 135.7 85.6
van 134.6 632.1 52.4 33.4
Car 857.95 636.05 25.9 24.5
Car 1063.05 658.5 66.5 60.6
Car 1312.55 641.7 59.1 29.0
Car 1410.05 645.0 53.3 30
Car 1529.7 643.55 60.2 31.5
van 1612.05 636.35 66.9 36.7
HeavyTruck 1774.9 588.95 243.8 77.9
BiCyclist 1887.35 665.5 37.9 89.4
BiCyclist 1952.55 671.4 36.3 82.0
BiCyclist 2106.5 658.6 37.8 86.0
HeavyTruck 2078.05 577.0 135.7 85.6