Truck 1690.85 605.0 80.9 28.4
MotorCyclist 1572.4 627.45 16.4 35.3
Car 1241.6 626.6 16.4 16.4
HeavyTruck 1208.05 608.95 18.1 22.3
LightTruck 1119.85 622.2 24.1 28.4
Car 1101.25 632.15 28.5 27.5
Car 1056.0 639.9 44.8 36.2
MotorCyclist 865.3 636.4 14.6 22.4
MotorCyclist 336.5 663.6 14.6 38.8
TricycleOpenMotor 41.6 668.35 34.4 27.5
Car 1698.5 626.1 58.6 25.8
Truck 1690.85 605.0 80.9 28.4
MotorCyclist 1572.4 627.45 16.4 35.3
Car 1241.6 626.6 16.4 16.4
HeavyTruck 1208.05 608.95 18.1 22.3
LightTruck 1119.85 622.2 24.1 28.4
Car 1101.25 632.15 28.5 27.5
Car 1056.0 639.9 44.8 36.2
MotorCyclist 865.3 636.4 14.6 22.4
MotorCyclist 336.5 663.6 14.6 38.8
TricycleOpenMotor 41.6 668.35 34.4 27.5