Truck 1633.95 601.2 77.5 34.4
MotorCyclist 1443.2 628.75 16.4 37.9
Car 1250.7 633.05 13.8 12.1
HeavyTruck 1219.35 612.8 16.3 23.2
LightTruck 1151.75 621.35 15.5 26.7
Car 1129.75 631.2 26.7 22.4
Car 1097.0 636.95 33.6 26.7
MotorCyclist 973.35 634.35 10.3 21.5
MotorCyclist 480.7 650.65 13.8 30.1
TricycleOpenMotor 251.7 650.75 31.0 26.7
Car 575.9 647.7 52.6 20.6
Car 1634.35 629.05 54.3 18.1
Truck 1633.95 601.2 77.5 34.4
MotorCyclist 1443.2 628.75 16.4 37.9
Car 1250.7 633.05 13.8 12.1
HeavyTruck 1219.35 612.8 16.3 23.2
LightTruck 1151.75 621.35 15.5 26.7
Car 1129.75 631.2 26.7 22.4
Car 1097.0 636.95 33.6 26.7
MotorCyclist 973.35 634.35 10.3 21.5
MotorCyclist 480.7 650.65 13.8 30.1
TricycleOpenMotor 251.7 650.75 31.0 26.7
Car 575.9 647.7 52.6 20.6