Car 1755.45 609.35 58.5 26.7
HeavyTruck 1747.15 580.45 93.9 34.5
Car 1218.05 611.9 13.7 14.6
HeavyTruck 1184.05 595.95 18.1 20.7
LightTruck 1070.75 609.25 32.7 40.5
Car 1038.5 620.9 37 36.2
Car 970.0 627.4 62.0 45.6
Car 323.6 643.35 78.4 25.9
MotorCyclist 6.1 663.95 12.2 60.3
MotorCyclist 685.75 630.8 20.7 21.6
MotorCyclist 1743.75 614.45 21.5 40.5
Car 1755.45 609.35 58.5 26.7
HeavyTruck 1747.15 580.45 93.9 34.5
Car 1218.05 611.9 13.7 14.6
HeavyTruck 1184.05 595.95 18.1 20.7
LightTruck 1070.75 609.25 32.7 40.5
Car 1038.5 620.9 37 36.2
Car 970.0 627.4 62.0 45.6
Car 323.6 643.35 78.4 25.9
MotorCyclist 6.1 663.95 12.2 60.3
MotorCyclist 685.75 630.8 20.7 21.6